#	Proyecto: Control de un Quadrotor por VA
#	Datos para la gráfica en GNUplot.

#	Error X	    	Error Y	 	Altura		Alt. Ref	Yaw
0	0.000000	0.000000	0.000000	700.000000	0.000000
1	0.000000	0.000000	0.000000	700.000000	0.000000
2	0.000000	0.000000	0.000000	700.000000	0.000000
3	0.000000	0.000000	0.000000	700.000000	0.000000
4	0.000000	0.000000	0.000000	700.000000	0.000000
5	0.000000	0.000000	0.000000	700.000000	0.000000
6	0.000000	0.000000	0.000000	700.000000	0.000000
7	0.000000	0.000000	0.000000	700.000000	0.000000
8	0.000000	0.000000	0.000000	700.000000	0.000000
9	0.000000	0.000000	0.000000	700.000000	0.000000
10	0.000000	0.000000	0.000000	700.000000	0.000000
11	0.000000	0.000000	0.000000	700.000000	0.000000
12	0.000000	0.000000	0.000000	700.000000	0.000000
13	0.000000	0.000000	0.000000	700.000000	0.000000
14	0.000000	0.000000	0.000000	700.000000	0.000000
15	0.000000	0.000000	0.000000	700.000000	0.000000
16	0.000000	0.000000	0.000000	700.000000	0.000000
17	0.000000	0.000000	0.000000	700.000000	0.000000
18	0.000000	0.000000	0.000000	700.000000	0.000000
19	0.000000	0.000000	0.000000	700.000000	0.000000
20	0.000000	0.000000	0.000000	700.000000	0.000000
21	0.000000	0.000000	0.000000	700.000000	0.000000
22	0.000000	0.000000	0.000000	700.000000	0.000000
23	0.000000	0.000000	0.000000	700.000000	0.000000
24	0.000000	0.000000	0.000000	700.000000	0.000000
25	0.000000	0.000000	0.000000	700.000000	0.000000
26	0.000000	0.000000	0.000000	700.000000	0.000000
27	0.000000	0.000000	0.000000	700.000000	0.000000
28	0.000000	0.000000	0.000000	700.000000	0.000000
29	0.000000	0.000000	0.000000	700.000000	0.000000
30	0.000000	0.000000	0.000000	700.000000	0.000000
31	0.000000	0.000000	0.000000	700.000000	0.000000
32	0.000000	0.000000	0.000000	700.000000	0.000000
33	0.000000	0.000000	0.000000	700.000000	0.000000
34	0.000000	0.000000	0.000000	700.000000	0.000000
35	0.000000	0.000000	0.000000	700.000000	0.000000
36	0.000000	0.000000	0.000000	700.000000	0.000000
37	0.000000	0.000000	0.000000	700.000000	0.000000
38	0.000000	0.000000	0.000000	700.000000	0.000000
39	0.000000	0.000000	0.000000	700.000000	0.000000
40	0.000000	0.000000	0.000000	700.000000	0.000000
41	0.000000	0.000000	0.000000	700.000000	0.000000
42	0.000000	0.000000	0.000000	700.000000	0.000000
43	0.000000	0.000000	0.000000	700.000000	0.000000
44	0.000000	0.000000	0.000000	700.000000	0.000000
45	0.000000	0.000000	0.000000	700.000000	0.000000
46	0.000000	0.000000	0.000000	700.000000	0.000000
47	0.000000	0.000000	0.000000	700.000000	0.000000
48	0.000000	0.000000	0.000000	700.000000	0.000000
49	0.000000	0.000000	0.000000	700.000000	0.000000
50	0.000000	0.000000	0.000000	700.000000	0.000000
51	0.000000	0.000000	0.000000	700.000000	0.000000
52	0.000000	0.000000	0.000000	700.000000	0.000000
53	0.000000	0.000000	0.000000	700.000000	0.000000
54	0.000000	0.000000	0.000000	700.000000	0.000000
55	0.000000	0.000000	0.000000	700.000000	0.000000
56	0.000000	0.000000	0.000000	700.000000	0.000000
57	0.000000	0.000000	0.000000	700.000000	0.000000
58	0.000000	0.000000	0.000000	700.000000	0.000000
59	0.000000	0.000000	0.000000	700.000000	0.000000
60	0.000000	0.000000	0.000000	700.000000	0.000000
61	0.000000	0.000000	0.000000	700.000000	0.000000
62	0.000000	0.000000	0.000000	700.000000	0.000000
63	0.000000	0.000000	0.000000	700.000000	0.000000
64	0.000000	0.000000	0.000000	700.000000	0.000000
65	0.000000	0.000000	0.000000	700.000000	0.000000
66	0.000000	0.000000	0.000000	700.000000	0.000000
67	0.000000	0.000000	0.000000	700.000000	0.000000
68	0.000000	0.000000	0.000000	700.000000	0.000000
69	0.000000	0.000000	0.000000	700.000000	0.000000
70	0.000000	0.000000	0.000000	700.000000	0.000000
71	0.000000	0.000000	0.000000	700.000000	0.000000
72	0.000000	0.000000	0.000000	700.000000	0.000000
73	0.000000	0.000000	0.000000	700.000000	0.000000
74	0.000000	0.000000	0.000000	700.000000	0.000000
75	0.000000	0.000000	0.000000	700.000000	0.000000
76	0.000000	0.000000	0.000000	700.000000	0.000000
77	0.000000	0.000000	0.000000	700.000000	0.000000
78	0.000000	0.000000	0.000000	700.000000	0.000000
79	0.000000	0.000000	0.000000	700.000000	0.000000
80	0.000000	0.000000	0.000000	700.000000	0.000000
81	0.000000	0.000000	0.000000	700.000000	0.000000
82	0.000000	0.000000	0.000000	700.000000	0.000000
83	0.000000	0.000000	0.000000	700.000000	0.000000
84	0.000000	0.000000	0.000000	700.000000	0.000000
85	0.000000	0.000000	0.000000	700.000000	0.000000
86	0.000000	0.000000	0.000000	700.000000	0.000000
87	0.000000	0.000000	0.000000	700.000000	0.000000
88	0.000000	0.000000	0.000000	700.000000	0.000000
89	0.000000	0.000000	0.000000	700.000000	0.000000
90	0.000000	0.000000	0.000000	700.000000	0.000000
91	0.000000	0.000000	0.000000	700.000000	0.000000
92	0.000000	0.000000	0.000000	700.000000	0.000000
93	0.000000	0.000000	0.000000	700.000000	0.000000
94	0.000000	0.000000	0.000000	700.000000	0.000000
95	0.000000	0.000000	0.000000	700.000000	0.000000
96	0.000000	0.000000	0.000000	700.000000	0.000000
97	0.000000	0.000000	0.000000	700.000000	0.000000
98	0.000000	0.000000	0.000000	700.000000	0.000000
99	0.000000	0.000000	0.000000	700.000000	0.000000
100	0.000000	0.000000	0.000000	700.000000	0.000000
101	0.000000	0.000000	0.000000	700.000000	0.000000
102	0.000000	0.000000	0.000000	700.000000	0.000000
103	0.000000	0.000000	0.000000	700.000000	0.000000
104	0.000000	0.000000	0.000000	700.000000	0.000000
105	0.000000	0.000000	0.000000	700.000000	0.000000
106	0.000000	0.000000	0.000000	700.000000	0.000000
107	0.000000	0.000000	0.000000	700.000000	0.000000
108	0.000000	0.000000	0.000000	700.000000	0.000000
109	0.000000	0.000000	0.000000	700.000000	0.000000
110	0.000000	0.000000	0.000000	700.000000	0.000000
111	0.000000	0.000000	0.000000	700.000000	0.000000
112	0.000000	0.000000	0.000000	700.000000	0.000000
113	0.000000	0.000000	0.000000	700.000000	0.000000
114	0.000000	0.000000	0.000000	700.000000	0.000000
115	0.000000	0.000000	0.000000	700.000000	0.000000
116	0.000000	0.000000	0.000000	700.000000	0.000000
117	0.000000	0.000000	0.000000	700.000000	0.000000
118	0.000000	0.000000	0.000000	700.000000	0.000000
119	0.000000	0.000000	0.000000	700.000000	0.000000
120	0.000000	0.000000	0.000000	700.000000	0.000000
121	0.000000	0.000000	0.000000	700.000000	0.000000
122	0.000000	0.000000	0.000000	700.000000	0.000000
123	0.000000	0.000000	0.000000	700.000000	0.000000
124	0.000000	0.000000	0.000000	700.000000	0.000000
125	0.000000	0.000000	0.000000	700.000000	0.000000
126	0.000000	0.000000	0.000000	700.000000	0.000000
127	0.000000	0.000000	0.000000	700.000000	0.000000
128	0.000000	0.000000	0.000000	700.000000	0.000000
129	0.000000	0.000000	0.000000	700.000000	0.000000
130	0.000000	0.000000	0.000000	700.000000	0.000000
131	0.000000	0.000000	0.000000	700.000000	0.000000
132	0.000000	0.000000	0.000000	700.000000	0.000000
133	0.000000	0.000000	0.000000	700.000000	0.000000
134	0.000000	0.000000	0.000000	700.000000	0.000000
135	0.000000	0.000000	0.000000	700.000000	0.000000
136	0.000000	0.000000	0.000000	700.000000	0.000000
137	0.000000	0.000000	0.000000	700.000000	0.000000
138	0.000000	0.000000	0.000000	700.000000	0.000000
139	0.000000	0.000000	0.000000	700.000000	0.000000
140	0.000000	0.000000	0.000000	700.000000	0.000000
141	0.000000	0.000000	0.000000	700.000000	0.000000
142	0.000000	0.000000	0.000000	700.000000	0.000000
143	0.000000	0.000000	0.000000	700.000000	0.000000
144	0.000000	0.000000	0.000000	700.000000	0.000000
145	0.000000	0.000000	0.000000	700.000000	0.000000
146	0.000000	0.000000	0.000000	700.000000	0.000000
147	0.000000	0.000000	0.000000	700.000000	0.000000
148	0.000000	0.000000	0.000000	700.000000	0.000000
149	0.000000	0.000000	0.000000	700.000000	0.000000
150	0.000000	0.000000	0.000000	700.000000	0.000000
151	0.000000	0.000000	0.000000	700.000000	0.000000
152	0.000000	0.000000	0.000000	700.000000	0.000000
153	0.000000	0.000000	0.000000	700.000000	0.000000
154	0.000000	0.000000	0.000000	700.000000	0.000000
155	0.000000	0.000000	0.000000	700.000000	0.000000
156	0.000000	0.000000	0.000000	700.000000	0.000000
157	0.000000	0.000000	0.000000	700.000000	0.000000
158	0.000000	0.000000	0.000000	700.000000	0.000000
159	0.000000	0.000000	0.000000	700.000000	0.000000
160	0.000000	0.000000	0.000000	700.000000	0.000000
161	0.000000	0.000000	0.000000	700.000000	0.000000
162	0.000000	0.000000	0.000000	700.000000	0.000000
163	0.000000	0.000000	0.000000	700.000000	0.000000
164	0.000000	0.000000	0.000000	700.000000	0.000000
165	0.000000	0.000000	0.000000	700.000000	0.000000
166	0.000000	0.000000	0.000000	700.000000	0.000000
167	0.000000	0.000000	0.000000	700.000000	0.000000
168	0.000000	0.000000	0.000000	700.000000	0.000000
169	0.000000	0.000000	0.000000	700.000000	0.000000
170	0.000000	0.000000	0.000000	700.000000	0.000000
171	0.000000	0.000000	0.000000	700.000000	0.000000
172	0.000000	0.000000	0.000000	700.000000	0.000000
173	0.000000	0.000000	0.000000	700.000000	0.000000
174	0.000000	0.000000	0.000000	700.000000	0.000000
175	0.000000	0.000000	0.000000	700.000000	0.000000
176	0.000000	0.000000	0.000000	700.000000	0.000000
177	0.000000	0.000000	0.000000	700.000000	0.000000
178	0.000000	0.000000	0.000000	700.000000	0.000000
179	0.000000	0.000000	0.000000	700.000000	0.000000
180	0.000000	0.000000	0.000000	700.000000	0.000000
181	0.000000	0.000000	0.000000	700.000000	0.000000
182	0.000000	0.000000	0.000000	700.000000	0.000000
183	0.000000	0.000000	0.000000	700.000000	0.000000
184	0.000000	0.000000	0.000000	700.000000	0.000000
185	0.000000	0.000000	0.000000	700.000000	0.000000
186	0.000000	0.000000	0.000000	700.000000	0.000000
187	0.000000	0.000000	0.000000	700.000000	0.000000
188	0.000000	0.000000	0.000000	700.000000	0.000000
189	0.000000	0.000000	0.000000	700.000000	0.000000
190	0.000000	0.000000	0.000000	700.000000	0.000000
191	0.000000	0.000000	0.000000	700.000000	0.000000
192	0.000000	0.000000	0.000000	700.000000	0.000000
193	0.000000	0.000000	0.000000	700.000000	0.000000
194	0.000000	0.000000	0.000000	700.000000	0.000000
195	0.000000	0.000000	0.000000	700.000000	0.000000
196	0.000000	0.000000	0.000000	700.000000	0.000000
197	0.000000	0.000000	0.000000	700.000000	0.000000
198	0.000000	0.000000	0.000000	700.000000	0.000000
199	0.000000	0.000000	0.000000	700.000000	0.000000
200	0.000000	0.000000	0.000000	700.000000	0.000000
201	0.000000	0.000000	0.000000	700.000000	0.000000
202	0.000000	0.000000	0.000000	700.000000	0.000000
203	0.000000	0.000000	0.000000	700.000000	0.000000
204	0.000000	0.000000	0.000000	700.000000	0.000000
205	0.000000	0.000000	0.000000	700.000000	0.000000
206	0.000000	0.000000	0.000000	700.000000	0.000000
207	0.000000	0.000000	0.000000	700.000000	0.000000
208	0.000000	0.000000	0.000000	700.000000	0.000000
209	0.000000	0.000000	0.000000	700.000000	0.000000
210	0.000000	0.000000	0.000000	700.000000	0.000000
211	0.000000	0.000000	0.000000	700.000000	0.000000
212	0.000000	0.000000	0.000000	700.000000	0.000000
213	0.000000	0.000000	0.000000	700.000000	0.000000
214	0.000000	0.000000	0.000000	700.000000	0.000000
215	0.000000	0.000000	0.000000	700.000000	0.000000
216	0.000000	0.000000	0.000000	700.000000	0.000000
217	0.000000	0.000000	0.000000	700.000000	0.000000
218	0.000000	0.000000	0.000000	700.000000	0.000000
219	0.000000	0.000000	0.000000	700.000000	0.000000
220	0.000000	0.000000	0.000000	700.000000	0.000000
221	0.000000	0.000000	0.000000	700.000000	0.000000
222	0.000000	0.000000	0.000000	700.000000	0.000000
223	0.000000	0.000000	0.000000	700.000000	0.000000
224	0.000000	0.000000	0.000000	700.000000	0.000000
225	0.000000	0.000000	0.000000	700.000000	0.000000
226	0.000000	0.000000	0.000000	700.000000	0.000000
227	0.000000	0.000000	0.000000	700.000000	0.000000
228	0.000000	0.000000	0.000000	700.000000	0.000000
229	0.000000	0.000000	0.000000	700.000000	0.000000
230	0.000000	0.000000	0.000000	700.000000	0.000000
231	0.000000	0.000000	0.000000	700.000000	0.000000
232	0.000000	0.000000	0.000000	700.000000	0.000000
233	0.000000	0.000000	0.000000	700.000000	0.000000
234	0.000000	0.000000	0.000000	700.000000	0.000000
235	0.000000	0.000000	0.000000	700.000000	0.000000
236	0.000000	0.000000	0.000000	700.000000	0.000000
237	0.000000	0.000000	0.000000	700.000000	0.000000
238	0.000000	0.000000	0.000000	700.000000	0.000000
239	0.000000	0.000000	0.000000	700.000000	0.000000
240	0.000000	0.000000	0.000000	700.000000	0.000000
241	0.000000	0.000000	0.000000	700.000000	0.000000
242	0.000000	0.000000	0.000000	700.000000	0.000000
243	0.000000	0.000000	0.000000	700.000000	0.000000
244	0.000000	0.000000	0.000000	700.000000	0.000000
245	0.000000	0.000000	0.000000	700.000000	0.000000
246	0.000000	0.000000	0.000000	700.000000	0.000000
247	0.000000	0.000000	0.000000	700.000000	0.000000
248	0.000000	0.000000	0.000000	700.000000	0.000000
249	0.000000	0.000000	0.000000	700.000000	0.000000
250	0.000000	0.000000	0.000000	700.000000	0.000000
251	0.000000	0.000000	0.000000	700.000000	0.000000
252	0.000000	0.000000	0.000000	700.000000	0.000000
253	0.000000	0.000000	0.000000	700.000000	0.000000
254	0.000000	0.000000	0.000000	700.000000	0.000000
255	0.000000	0.000000	0.000000	700.000000	0.000000
256	0.000000	0.000000	0.000000	700.000000	0.000000
257	0.000000	0.000000	0.000000	700.000000	0.000000
258	0.000000	0.000000	0.000000	700.000000	0.000000
259	0.000000	0.000000	0.000000	700.000000	0.000000
260	0.000000	0.000000	0.000000	700.000000	0.000000
261	0.000000	0.000000	0.000000	700.000000	0.000000
262	0.000000	0.000000	0.000000	700.000000	0.000000
263	0.000000	0.000000	0.000000	700.000000	0.000000
264	0.000000	0.000000	0.000000	700.000000	0.000000
265	0.000000	0.000000	0.000000	700.000000	0.000000
266	0.000000	0.000000	0.000000	700.000000	0.000000
267	0.000000	0.000000	0.000000	700.000000	0.000000
268	0.000000	0.000000	0.000000	700.000000	0.000000
269	0.000000	0.000000	0.000000	700.000000	0.000000
270	0.000000	0.000000	0.000000	700.000000	0.000000
271	0.000000	0.000000	0.000000	700.000000	0.000000
272	0.000000	0.000000	0.000000	700.000000	0.000000
273	0.000000	0.000000	0.000000	700.000000	0.000000
274	0.000000	0.000000	0.000000	700.000000	0.000000
275	0.000000	0.000000	0.000000	700.000000	0.000000
276	0.000000	0.000000	0.000000	700.000000	0.000000
277	0.000000	0.000000	0.000000	700.000000	0.000000
278	0.000000	0.000000	0.000000	700.000000	0.000000
279	0.000000	0.000000	0.000000	700.000000	0.000000
280	0.000000	0.000000	0.000000	700.000000	0.000000
281	0.000000	0.000000	0.000000	700.000000	0.000000
282	0.000000	0.000000	0.000000	700.000000	0.000000
283	0.000000	0.000000	0.000000	700.000000	0.000000
284	0.000000	0.000000	0.000000	700.000000	0.000000
285	0.000000	0.000000	0.000000	700.000000	0.000000
286	0.000000	0.000000	0.000000	700.000000	0.000000
287	0.000000	0.000000	0.000000	700.000000	0.000000
288	0.000000	0.000000	0.000000	700.000000	0.000000
289	0.000000	0.000000	0.000000	700.000000	0.000000
290	0.000000	0.000000	0.000000	700.000000	0.000000
291	0.000000	0.000000	0.000000	700.000000	0.000000
292	0.000000	0.000000	0.000000	700.000000	0.000000
293	0.000000	0.000000	0.000000	700.000000	0.000000
294	0.000000	0.000000	0.000000	700.000000	0.000000
295	0.000000	0.000000	0.000000	700.000000	0.000000
296	0.000000	0.000000	0.000000	700.000000	0.000000
297	0.000000	0.000000	0.000000	700.000000	0.000000
298	0.000000	0.000000	0.000000	700.000000	0.000000
299	0.000000	0.000000	0.000000	700.000000	0.000000
300	0.000000	0.000000	0.000000	700.000000	0.000000
301	0.000000	0.000000	0.000000	700.000000	0.000000
302	0.000000	0.000000	0.000000	700.000000	0.000000
303	0.000000	0.000000	-1.000000	700.000000	0.000000
304	0.000000	0.000000	-1.000000	700.000000	0.000000
305	0.000000	0.000000	0.000000	700.000000	0.000000
306	0.000000	0.000000	0.000000	700.000000	0.000000
307	0.000000	0.000000	3.000000	700.000000	0.000000
308	0.000000	0.000000	3.000000	700.000000	0.000000
309	0.000000	0.000000	11.000000	700.000000	0.000000
310	0.000000	0.000000	11.000000	700.000000	0.000000
311	0.000000	0.000000	45.000000	700.000000	0.000000
312	0.000000	0.000000	470.000000	700.000000	0.000000
313	0.000000	0.000000	470.000000	700.000000	0.000000
314	0.000000	0.000000	475.000000	700.000000	0.000000
315	0.000000	0.000000	475.000000	700.000000	0.000000
316	0.000000	0.000000	485.000000	700.000000	0.000000
317	0.000000	0.000000	485.000000	700.000000	0.000000
318	0.000000	0.000000	511.000000	700.000000	0.000000
319	0.000000	0.000000	511.000000	700.000000	0.000000
320	0.000000	0.000000	523.000000	700.000000	0.000000
321	0.000000	0.000000	523.000000	700.000000	0.000000
322	0.000000	0.000000	514.000000	700.000000	0.000000
323	0.000000	0.000000	514.000000	700.000000	0.000000
324	0.000000	0.000000	510.000000	700.000000	0.000000
325	0.000000	0.000000	510.000000	700.000000	0.000000
326	0.000000	0.000000	415.000000	700.000000	0.000000
327	0.000000	0.000000	394.000000	700.000000	0.000000
328	0.000000	0.000000	394.000000	700.000000	0.000000
329	0.000000	0.000000	387.000000	700.000000	0.000000
330	0.000000	0.000000	387.000000	700.000000	0.000000
331	0.000000	0.000000	370.000000	700.000000	0.000000
332	0.000000	0.000000	370.000000	700.000000	0.000000
333	0.000000	0.000000	361.000000	700.000000	0.000000
334	0.000000	0.000000	361.000000	700.000000	0.000000
335	0.000000	0.000000	330.000000	700.000000	0.000000
336	-71.000000	25.000000	400.000000	700.000000	0.000000
337	-71.000000	25.000000	391.000000	700.000000	0.000000
338	-71.000000	25.000000	391.000000	700.000000	0.000000
339	-71.000000	25.000000	389.000000	700.000000	0.000000
340	-71.000000	25.000000	389.000000	700.000000	0.000000
341	-71.000000	25.000000	403.000000	700.000000	0.000000
342	-71.000000	25.000000	403.000000	700.000000	0.000000
343	-71.000000	25.000000	403.000000	700.000000	0.000000
344	-71.000000	25.000000	403.000000	700.000000	0.000000
345	-71.000000	25.000000	390.000000	700.000000	0.000000
346	-71.000000	25.000000	390.000000	700.000000	0.000000
347	-71.000000	25.000000	388.000000	700.000000	0.000000
348	-71.000000	25.000000	388.000000	700.000000	0.000000
349	-58.000000	1.000000	377.000000	700.000000	0.000000
350	-58.000000	1.000000	377.000000	700.000000	0.000000
351	-58.000000	1.000000	384.000000	700.000000	0.000000
352	-48.000000	-5.000000	384.000000	700.000000	0.000000
353	-48.000000	-5.000000	388.000000	700.000000	0.000000
354	-40.000000	-12.000000	388.000000	700.000000	0.000000
355	-40.000000	-12.000000	366.000000	700.000000	0.000000
356	-33.000000	-18.000000	366.000000	700.000000	0.000000
357	-33.000000	-18.000000	364.000000	700.000000	0.000000
358	-33.000000	-18.000000	364.000000	700.000000	0.000000
359	-33.000000	-18.000000	372.000000	700.000000	0.000000
360	-29.000000	-23.000000	372.000000	700.000000	0.000000
361	-29.000000	-23.000000	392.000000	700.000000	0.000000
362	-27.000000	-23.000000	392.000000	700.000000	0.000000
363	-27.000000	-23.000000	394.000000	700.000000	0.000000
364	-27.000000	-23.000000	394.000000	700.000000	0.000000
365	-27.000000	-22.000000	394.000000	700.000000	0.000000
366	-27.000000	-22.000000	394.000000	700.000000	0.000000
367	-26.000000	-19.000000	405.000000	700.000000	0.000000
368	-26.000000	-19.000000	405.000000	700.000000	0.000000
369	-26.000000	-19.000000	416.000000	700.000000	0.000000
370	-25.000000	-15.000000	416.000000	700.000000	-1.789912
371	-25.000000	-15.000000	444.000000	700.000000	-1.789912
372	-25.000000	-15.000000	444.000000	700.000000	-1.789912
373	-24.000000	-11.000000	456.000000	700.000000	-3.576335
374	-24.000000	-11.000000	456.000000	700.000000	-3.576335
375	-23.000000	-7.000000	485.000000	700.000000	0.000000
376	-23.000000	-7.000000	485.000000	700.000000	0.000000
377	-23.000000	-7.000000	496.000000	700.000000	0.000000
378	-23.000000	-3.000000	496.000000	700.000000	-2.121095
379	-23.000000	-3.000000	526.000000	700.000000	-2.121095
380	-24.000000	0.000000	526.000000	700.000000	0.000000
381	-24.000000	0.000000	533.000000	700.000000	0.000000
382	-24.000000	0.000000	533.000000	700.000000	0.000000
383	-24.000000	0.000000	554.000000	700.000000	0.000000
384	-27.000000	5.000000	554.000000	700.000000	-3.576335
385	-27.000000	5.000000	569.000000	700.000000	-3.576335
386	-30.000000	9.000000	569.000000	700.000000	0.000000
387	-30.000000	9.000000	584.000000	700.000000	0.000000
388	-30.000000	9.000000	584.000000	700.000000	0.000000
389	-35.000000	12.000000	597.000000	700.000000	0.000000
390	-35.000000	12.000000	597.000000	700.000000	0.000000
391	-39.000000	14.000000	637.000000	700.000000	0.000000
392	-39.000000	14.000000	637.000000	700.000000	0.000000
393	-39.000000	14.000000	678.000000	700.000000	0.000000
394	-39.000000	14.000000	678.000000	700.000000	0.000000
395	-43.000000	18.000000	641.000000	700.000000	0.000000
396	-43.000000	18.000000	641.000000	700.000000	0.000000
397	-45.000000	21.000000	653.000000	700.000000	0.000000
398	-45.000000	21.000000	653.000000	700.000000	0.000000
399	-45.000000	21.000000	670.000000	700.000000	0.000000
400	-47.000000	22.000000	670.000000	700.000000	0.000000
401	-47.000000	22.000000	680.000000	700.000000	0.000000
402	-48.000000	22.000000	680.000000	700.000000	0.000000
403	-48.000000	22.000000	697.000000	700.000000	0.000000
404	-48.000000	22.000000	697.000000	700.000000	0.000000
405	-52.000000	20.000000	712.000000	700.000000	0.000000
406	-52.000000	20.000000	712.000000	700.000000	0.000000
407	-52.000000	20.000000	729.000000	700.000000	0.000000
408	-54.000000	18.000000	729.000000	700.000000	-2.385942
409	-54.000000	18.000000	732.000000	700.000000	-2.385942
410	-56.000000	14.000000	732.000000	700.000000	0.000000
411	-56.000000	14.000000	743.000000	700.000000	0.000000
412	-56.000000	14.000000	743.000000	700.000000	0.000000
413	-56.000000	14.000000	771.000000	700.000000	0.000000
414	-56.000000	14.000000	771.000000	700.000000	0.000000
415	-56.000000	14.000000	772.000000	700.000000	0.000000
416	-67.000000	7.000000	772.000000	700.000000	0.000000
417	-67.000000	7.000000	761.000000	700.000000	0.000000
418	-67.000000	7.000000	761.000000	700.000000	0.000000
419	-67.000000	7.000000	766.000000	700.000000	0.000000
420	-67.000000	7.000000	766.000000	700.000000	0.000000
421	-67.000000	7.000000	758.000000	700.000000	0.000000
422	-67.000000	7.000000	758.000000	700.000000	0.000000
423	-67.000000	7.000000	763.000000	700.000000	0.000000
424	-67.000000	7.000000	763.000000	700.000000	0.000000
425	-67.000000	7.000000	770.000000	700.000000	0.000000
426	-67.000000	7.000000	770.000000	700.000000	0.000000
427	-67.000000	7.000000	758.000000	700.000000	0.000000
428	-67.000000	7.000000	758.000000	700.000000	0.000000
429	-67.000000	7.000000	777.000000	700.000000	0.000000
430	-67.000000	7.000000	777.000000	700.000000	0.000000
431	-67.000000	7.000000	747.000000	700.000000	0.000000
432	-67.000000	7.000000	747.000000	700.000000	0.000000
433	-67.000000	7.000000	750.000000	700.000000	0.000000
434	-67.000000	7.000000	750.000000	700.000000	0.000000
435	-67.000000	7.000000	710.000000	700.000000	0.000000
436	-67.000000	7.000000	710.000000	700.000000	0.000000
437	-67.000000	7.000000	690.000000	700.000000	0.000000
438	-67.000000	7.000000	690.000000	700.000000	0.000000
439	-67.000000	7.000000	660.000000	700.000000	0.000000
440	-67.000000	7.000000	660.000000	700.000000	0.000000
441	-67.000000	7.000000	634.000000	700.000000	0.000000
442	-67.000000	7.000000	617.000000	700.000000	0.000000
443	-67.000000	7.000000	617.000000	700.000000	0.000000
444	-67.000000	7.000000	617.000000	700.000000	0.000000
445	-67.000000	7.000000	600.000000	700.000000	0.000000
446	-67.000000	7.000000	584.000000	700.000000	0.000000
447	-67.000000	7.000000	584.000000	700.000000	0.000000
448	-67.000000	7.000000	584.000000	700.000000	0.000000
449	-67.000000	7.000000	545.000000	700.000000	0.000000
450	-67.000000	7.000000	545.000000	700.000000	0.000000
451	-67.000000	7.000000	598.000000	700.000000	0.000000
452	-67.000000	7.000000	518.000000	700.000000	0.000000
453	-67.000000	7.000000	518.000000	700.000000	0.000000
454	-67.000000	7.000000	520.000000	700.000000	0.000000
455	-67.000000	7.000000	520.000000	700.000000	0.000000
456	-67.000000	7.000000	520.000000	700.000000	0.000000
457	-67.000000	7.000000	520.000000	700.000000	0.000000
458	-67.000000	7.000000	502.000000	700.000000	0.000000
459	-67.000000	7.000000	502.000000	700.000000	0.000000
460	-67.000000	7.000000	502.000000	700.000000	0.000000
461	-67.000000	7.000000	502.000000	700.000000	0.000000
462	-67.000000	7.000000	588.000000	700.000000	0.000000
463	-67.000000	7.000000	588.000000	700.000000	0.000000
464	-67.000000	7.000000	520.000000	700.000000	0.000000
465	-67.000000	7.000000	520.000000	700.000000	0.000000
466	-67.000000	7.000000	536.000000	700.000000	0.000000
467	-67.000000	7.000000	536.000000	700.000000	0.000000
468	-67.000000	7.000000	536.000000	700.000000	0.000000
469	-67.000000	7.000000	542.000000	700.000000	0.000000
470	-67.000000	7.000000	542.000000	700.000000	0.000000
471	-67.000000	7.000000	564.000000	700.000000	0.000000
472	-67.000000	7.000000	567.000000	700.000000	0.000000
473	-67.000000	7.000000	567.000000	700.000000	0.000000
474	-67.000000	7.000000	567.000000	700.000000	0.000000
475	-67.000000	7.000000	583.000000	700.000000	0.000000
476	-67.000000	7.000000	622.000000	700.000000	0.000000
477	-67.000000	7.000000	622.000000	700.000000	0.000000
478	-67.000000	7.000000	650.000000	700.000000	0.000000
479	-67.000000	7.000000	650.000000	700.000000	0.000000
480	-67.000000	7.000000	679.000000	700.000000	0.000000
481	-67.000000	7.000000	679.000000	700.000000	0.000000
482	-67.000000	7.000000	744.000000	700.000000	0.000000
483	-67.000000	7.000000	744.000000	700.000000	0.000000
484	-67.000000	7.000000	775.000000	700.000000	0.000000
485	-67.000000	7.000000	775.000000	700.000000	0.000000
486	-67.000000	7.000000	781.000000	700.000000	0.000000
487	-67.000000	7.000000	781.000000	700.000000	0.000000
488	-67.000000	7.000000	807.000000	700.000000	0.000000
489	-67.000000	7.000000	807.000000	700.000000	0.000000
490	-67.000000	7.000000	906.000000	700.000000	0.000000
491	-67.000000	7.000000	906.000000	700.000000	0.000000
492	-67.000000	7.000000	906.000000	700.000000	0.000000
493	-67.000000	7.000000	843.000000	700.000000	0.000000
494	-67.000000	7.000000	868.000000	700.000000	0.000000
495	-67.000000	7.000000	868.000000	700.000000	0.000000
496	-67.000000	7.000000	868.000000	700.000000	0.000000
497	-67.000000	7.000000	936.000000	700.000000	0.000000
498	-67.000000	7.000000	890.000000	700.000000	0.000000
499	-67.000000	7.000000	890.000000	700.000000	0.000000
500	-67.000000	7.000000	905.000000	700.000000	0.000000
501	-67.000000	7.000000	905.000000	700.000000	0.000000
502	-67.000000	7.000000	905.000000	700.000000	0.000000
503	-67.000000	7.000000	925.000000	700.000000	0.000000
504	-67.000000	7.000000	915.000000	700.000000	0.000000
505	-67.000000	7.000000	915.000000	700.000000	0.000000
506	-67.000000	7.000000	895.000000	700.000000	0.000000
507	-67.000000	7.000000	895.000000	700.000000	0.000000
508	-67.000000	7.000000	920.000000	700.000000	0.000000
509	-67.000000	7.000000	920.000000	700.000000	0.000000
510	-67.000000	7.000000	876.000000	700.000000	0.000000
511	-67.000000	7.000000	876.000000	700.000000	0.000000
512	-51.000000	27.000000	886.000000	700.000000	-24.227746
513	-51.000000	27.000000	886.000000	700.000000	-24.227746
514	-48.000000	28.000000	863.000000	700.000000	-23.198593
515	-48.000000	28.000000	863.000000	700.000000	-23.198593
516	-48.000000	28.000000	821.000000	700.000000	-23.198593
517	-48.000000	28.000000	821.000000	700.000000	-23.198593
518	-44.000000	32.000000	841.000000	700.000000	-22.833650
519	-44.000000	32.000000	841.000000	700.000000	-22.833650
520	-43.000000	37.000000	780.000000	700.000000	-23.198593
521	-43.000000	37.000000	780.000000	700.000000	-23.198593
522	-43.000000	37.000000	806.000000	700.000000	-23.198593
523	-43.000000	43.000000	806.000000	700.000000	-21.801410
524	-43.000000	43.000000	728.000000	700.000000	-21.801410
525	-46.000000	50.000000	728.000000	700.000000	-23.962489
526	-46.000000	50.000000	700.000000	700.000000	-23.962489
527	-46.000000	50.000000	700.000000	700.000000	-23.962489
528	-54.000000	50.000000	677.000000	700.000000	-23.198587
529	-54.000000	50.000000	677.000000	700.000000	-23.198587
530	-54.000000	50.000000	657.000000	700.000000	-23.198587
531	-62.000000	54.000000	657.000000	700.000000	-23.198593
532	-62.000000	54.000000	618.000000	700.000000	-23.198593
533	-62.000000	54.000000	618.000000	700.000000	-23.198593
534	-67.000000	55.000000	599.000000	700.000000	-22.833656
535	-67.000000	55.000000	599.000000	700.000000	-22.833656
536	-69.000000	53.000000	583.000000	700.000000	-23.962489
537	-69.000000	53.000000	583.000000	700.000000	-23.962489
538	-69.000000	53.000000	552.000000	700.000000	-23.962489
539	-69.000000	53.000000	552.000000	700.000000	-23.962489
540	-69.000000	53.000000	528.000000	700.000000	-23.962489
541	-69.000000	53.000000	528.000000	700.000000	-23.962489
542	-69.000000	53.000000	535.000000	700.000000	-23.962489
543	-69.000000	53.000000	535.000000	700.000000	-23.962489
544	-69.000000	53.000000	530.000000	700.000000	-23.962489
545	-69.000000	53.000000	530.000000	700.000000	-23.962489
546	-69.000000	53.000000	519.000000	700.000000	-23.962489
547	-69.000000	53.000000	519.000000	700.000000	-23.962489
548	-69.000000	53.000000	507.000000	700.000000	-23.962489
549	-69.000000	53.000000	507.000000	700.000000	-23.962489
550	-69.000000	53.000000	508.000000	700.000000	-23.962489
551	-69.000000	53.000000	508.000000	700.000000	-23.962489
552	-69.000000	53.000000	503.000000	700.000000	-23.962489
553	-69.000000	53.000000	503.000000	700.000000	-23.962489
554	-69.000000	53.000000	511.000000	700.000000	-23.962489
555	-69.000000	53.000000	511.000000	700.000000	-23.962489
556	-69.000000	53.000000	519.000000	700.000000	-23.962489
557	-69.000000	53.000000	519.000000	700.000000	-23.962489
558	-69.000000	53.000000	528.000000	700.000000	-23.962489
559	-69.000000	53.000000	528.000000	700.000000	-23.962489
560	-69.000000	53.000000	556.000000	700.000000	-23.962489
561	-69.000000	53.000000	556.000000	700.000000	-23.962489
562	-69.000000	53.000000	606.000000	700.000000	-23.962489
563	-69.000000	53.000000	606.000000	700.000000	-23.962489
564	-69.000000	53.000000	600.000000	700.000000	-23.962489
565	-69.000000	53.000000	600.000000	700.000000	-23.962489
566	-69.000000	53.000000	615.000000	700.000000	-23.962489
567	-69.000000	53.000000	615.000000	700.000000	-23.962489
568	-69.000000	53.000000	646.000000	700.000000	-23.962489
569	-69.000000	53.000000	646.000000	700.000000	-23.962489
570	-69.000000	53.000000	670.000000	700.000000	-23.962489
571	-69.000000	53.000000	670.000000	700.000000	-23.962489
572	-69.000000	53.000000	701.000000	700.000000	-23.962489
573	-69.000000	53.000000	701.000000	700.000000	-23.962489
574	1.000000	52.000000	734.000000	700.000000	-48.814070
575	1.000000	52.000000	734.000000	700.000000	-48.814070
576	1.000000	52.000000	734.000000	700.000000	-48.814070
577	9.000000	46.000000	770.000000	700.000000	-46.735712
578	9.000000	46.000000	794.000000	700.000000	-46.735712
579	11.000000	38.000000	794.000000	700.000000	-44.999997
580	11.000000	38.000000	821.000000	700.000000	-44.999997
581	11.000000	38.000000	821.000000	700.000000	-44.999997
582	10.000000	33.000000	847.000000	700.000000	-44.999997
583	10.000000	33.000000	847.000000	700.000000	-44.999997
584	5.000000	30.000000	904.000000	700.000000	-42.273686
585	5.000000	30.000000	904.000000	700.000000	-42.273686
586	5.000000	30.000000	907.000000	700.000000	-42.273686
587	5.000000	30.000000	907.000000	700.000000	-42.273686
588	5.000000	30.000000	922.000000	700.000000	-42.273686
589	5.000000	30.000000	922.000000	700.000000	-42.273686
590	5.000000	30.000000	918.000000	700.000000	-42.273686
591	5.000000	30.000000	918.000000	700.000000	-42.273686
592	-23.000000	32.000000	925.000000	700.000000	-36.869900
593	-23.000000	32.000000	925.000000	700.000000	-36.869900
594	-23.000000	32.000000	927.000000	700.000000	-36.869900
595	-23.000000	32.000000	927.000000	700.000000	-36.869900
596	-23.000000	32.000000	923.000000	700.000000	-36.869900
597	-23.000000	32.000000	923.000000	700.000000	-36.869900
598	-23.000000	32.000000	923.000000	700.000000	-36.869900
599	-23.000000	32.000000	920.000000	700.000000	-36.869900
600	-23.000000	32.000000	904.000000	700.000000	-36.869900
601	-23.000000	32.000000	904.000000	700.000000	-36.869900
602	-23.000000	32.000000	891.000000	700.000000	-36.869900
603	-23.000000	32.000000	891.000000	700.000000	-36.869900
604	-23.000000	32.000000	870.000000	700.000000	-36.869900
605	-23.000000	32.000000	870.000000	700.000000	-36.869900
606	-23.000000	32.000000	853.000000	700.000000	-36.869900
607	-23.000000	32.000000	853.000000	700.000000	-36.869900
608	-23.000000	32.000000	838.000000	700.000000	-36.869900
609	-23.000000	32.000000	838.000000	700.000000	-36.869900
610	-23.000000	32.000000	812.000000	700.000000	-36.869900
611	-23.000000	32.000000	812.000000	700.000000	-36.869900
612	-23.000000	32.000000	781.000000	700.000000	-36.869900
613	-23.000000	32.000000	781.000000	700.000000	-36.869900
614	-23.000000	32.000000	754.000000	700.000000	-36.869900
615	-23.000000	32.000000	754.000000	700.000000	-36.869900
616	-23.000000	32.000000	707.000000	700.000000	-36.869900
617	-23.000000	32.000000	707.000000	700.000000	-36.869900
618	-23.000000	32.000000	676.000000	700.000000	-36.869900
619	-23.000000	32.000000	676.000000	700.000000	-36.869900
620	-23.000000	32.000000	643.000000	700.000000	-36.869900
621	-23.000000	32.000000	643.000000	700.000000	-36.869900
622	-23.000000	32.000000	656.000000	700.000000	-36.869900
623	-23.000000	32.000000	656.000000	700.000000	-36.869900
624	-23.000000	32.000000	591.000000	700.000000	-36.869900
625	-23.000000	32.000000	591.000000	700.000000	-36.869900
626	-23.000000	32.000000	574.000000	700.000000	-36.869900
627	-23.000000	32.000000	574.000000	700.000000	-36.869900
628	-23.000000	32.000000	535.000000	700.000000	-36.869900
629	-23.000000	32.000000	535.000000	700.000000	-36.869900
630	-23.000000	32.000000	519.000000	700.000000	-36.869900
631	-23.000000	32.000000	519.000000	700.000000	-36.869900
632	-23.000000	32.000000	496.000000	700.000000	-36.869900
633	-23.000000	32.000000	496.000000	700.000000	-36.869900
634	-23.000000	32.000000	498.000000	700.000000	-36.869900
635	-23.000000	32.000000	498.000000	700.000000	-36.869900
636	-23.000000	32.000000	506.000000	700.000000	-36.869900
637	-23.000000	32.000000	506.000000	700.000000	-36.869900
638	-23.000000	32.000000	484.000000	700.000000	-36.869900
639	-23.000000	32.000000	484.000000	700.000000	-36.869900
640	-23.000000	32.000000	472.000000	700.000000	-36.869900
641	-23.000000	32.000000	472.000000	700.000000	-36.869900
642	-23.000000	32.000000	481.000000	700.000000	-36.869900
643	-23.000000	32.000000	481.000000	700.000000	-36.869900
644	-23.000000	32.000000	493.000000	700.000000	-36.869900
645	-23.000000	32.000000	493.000000	700.000000	-36.869900
646	-23.000000	32.000000	499.000000	700.000000	-36.869900
647	-23.000000	32.000000	499.000000	700.000000	-36.869900
648	-23.000000	32.000000	522.000000	700.000000	-36.869900
649	-23.000000	32.000000	522.000000	700.000000	-36.869900
650	-23.000000	32.000000	528.000000	700.000000	-36.869900
651	-23.000000	32.000000	528.000000	700.000000	-36.869900
652	-23.000000	32.000000	571.000000	700.000000	-36.869900
653	-23.000000	32.000000	571.000000	700.000000	-36.869900
654	18.000000	47.000000	546.000000	700.000000	-44.999997
655	18.000000	47.000000	546.000000	700.000000	-44.999997
656	18.000000	47.000000	561.000000	700.000000	-44.999997
657	26.000000	36.000000	561.000000	700.000000	-44.999997
658	26.000000	36.000000	577.000000	700.000000	-44.999997
659	28.000000	25.000000	577.000000	700.000000	-44.999997
660	28.000000	25.000000	596.000000	700.000000	-44.999997
661	28.000000	25.000000	596.000000	700.000000	-44.999997
662	27.000000	14.000000	618.000000	700.000000	-46.636578
663	27.000000	14.000000	618.000000	700.000000	-46.636578
664	27.000000	14.000000	647.000000	700.000000	-46.636578
665	23.000000	4.000000	647.000000	700.000000	-46.735712
666	23.000000	4.000000	661.000000	700.000000	-46.735712
667	23.000000	4.000000	661.000000	700.000000	-46.735712
668	18.000000	0.000000	682.000000	700.000000	-46.847604
669	18.000000	0.000000	682.000000	700.000000	-46.847604
670	12.000000	-1.000000	709.000000	700.000000	-44.999997
671	12.000000	-1.000000	709.000000	700.000000	-44.999997
672	12.000000	-1.000000	735.000000	700.000000	-44.999997
673	7.000000	1.000000	735.000000	700.000000	-43.025075
674	7.000000	1.000000	758.000000	700.000000	-43.025075
675	7.000000	1.000000	758.000000	700.000000	-43.025075
676	3.000000	6.000000	780.000000	700.000000	-40.601300
677	3.000000	6.000000	780.000000	700.000000	-40.601300
678	3.000000	6.000000	803.000000	700.000000	-40.601300
679	1.000000	9.000000	803.000000	700.000000	-40.236363
680	1.000000	9.000000	819.000000	700.000000	-40.236363
681	2.000000	12.000000	819.000000	700.000000	-38.659805
682	2.000000	12.000000	840.000000	700.000000	-38.659805
683	2.000000	12.000000	840.000000	700.000000	-38.659805
684	2.000000	12.000000	847.000000	700.000000	-38.659805
685	2.000000	12.000000	847.000000	700.000000	-38.659805
686	2.000000	12.000000	856.000000	700.000000	-38.659805
687	1.000000	18.000000	856.000000	700.000000	-36.869886
688	1.000000	18.000000	867.000000	700.000000	-36.869886
689	0.000000	18.000000	867.000000	700.000000	-38.659805
690	0.000000	18.000000	856.000000	700.000000	-38.659805
691	0.000000	18.000000	856.000000	700.000000	-38.659805
692	-2.000000	20.000000	852.000000	700.000000	-38.659805
693	-2.000000	20.000000	852.000000	700.000000	-38.659805
694	-6.000000	21.000000	837.000000	700.000000	-36.869900
695	-6.000000	21.000000	837.000000	700.000000	-36.869900
696	-6.000000	21.000000	826.000000	700.000000	-36.869900
697	-9.000000	22.000000	826.000000	700.000000	-38.659805
698	-9.000000	22.000000	808.000000	700.000000	-38.659805
699	-9.000000	22.000000	808.000000	700.000000	-38.659805
700	-15.000000	22.000000	788.000000	700.000000	-37.874989
701	-15.000000	22.000000	788.000000	700.000000	-37.874989
702	-19.000000	20.000000	772.000000	700.000000	-37.874989
703	-19.000000	20.000000	772.000000	700.000000	-38.659805
704	-19.000000	20.000000	738.000000	700.000000	-38.659805
705	-24.000000	17.000000	738.000000	700.000000	-37.874989
706	-24.000000	17.000000	715.000000	700.000000	-37.874989
707	-29.000000	14.000000	715.000000	700.000000	-38.659805
708	-29.000000	14.000000	689.000000	700.000000	-38.659805
709	-29.000000	14.000000	689.000000	700.000000	-38.659805
710	-29.000000	14.000000	655.000000	700.000000	-38.659805
711	-34.000000	8.000000	655.000000	700.000000	-39.472461
712	-34.000000	8.000000	640.000000	700.000000	-39.472461
713	-35.000000	6.000000	640.000000	700.000000	-38.659805
714	-35.000000	6.000000	599.000000	700.000000	-38.659805
715	-35.000000	6.000000	599.000000	700.000000	-38.659805
716	-35.000000	7.000000	561.000000	700.000000	-38.659805
717	-35.000000	7.000000	561.000000	700.000000	-38.659805
718	-35.000000	12.000000	537.000000	700.000000	-38.659805
719	-35.000000	12.000000	537.000000	700.000000	-38.659805
720	-35.000000	12.000000	511.000000	700.000000	-38.659805
721	-35.000000	12.000000	511.000000	700.000000	-38.659805
722	-32.000000	22.000000	478.000000	700.000000	-38.367487
723	-32.000000	22.000000	478.000000	700.000000	-38.367487
724	-28.000000	32.000000	465.000000	700.000000	-38.659805
725	-28.000000	32.000000	465.000000	700.000000	-38.659805
726	-28.000000	32.000000	444.000000	700.000000	-38.659805
727	-28.000000	32.000000	444.000000	700.000000	-38.659805
728	-28.000000	32.000000	431.000000	700.000000	-38.659805
729	-19.000000	50.000000	431.000000	700.000000	-40.914382
730	-19.000000	50.000000	433.000000	700.000000	-40.914382
731	-19.000000	50.000000	433.000000	700.000000	-40.914382
732	-19.000000	50.000000	415.000000	700.000000	-40.914382
733	-19.000000	50.000000	415.000000	700.000000	-40.914382
734	-19.000000	50.000000	401.000000	700.000000	-40.914382
735	-19.000000	50.000000	401.000000	700.000000	-40.914382
736	-19.000000	50.000000	392.000000	700.000000	-40.914382
737	-19.000000	50.000000	392.000000	700.000000	-40.914382
738	-19.000000	50.000000	383.000000	700.000000	-40.914382
739	-19.000000	50.000000	383.000000	700.000000	-40.914382
740	-19.000000	50.000000	375.000000	700.000000	-40.914382
741	-19.000000	50.000000	375.000000	700.000000	-40.914382
742	-19.000000	50.000000	373.000000	700.000000	-40.914382
743	10.000000	53.000000	373.000000	700.000000	-59.036240
744	10.000000	53.000000	375.000000	700.000000	-59.036240
745	10.000000	53.000000	375.000000	700.000000	-59.036240
746	10.000000	48.000000	377.000000	700.000000	-60.255114
747	10.000000	48.000000	377.000000	700.000000	-60.255114
748	15.000000	40.000000	387.000000	700.000000	-62.447195
749	15.000000	40.000000	387.000000	700.000000	-62.447195
750	13.000000	32.000000	422.000000	700.000000	-67.380135
751	13.000000	32.000000	422.000000	700.000000	-67.380135
752	13.000000	32.000000	427.000000	700.000000	-67.380135
753	11.000000	26.000000	427.000000	700.000000	-69.676868
754	11.000000	26.000000	411.000000	700.000000	-69.676868
755	11.000000	26.000000	411.000000	700.000000	-69.676868
756	11.000000	26.000000	414.000000	700.000000	-69.676868
757	11.000000	26.000000	414.000000	700.000000	-69.676868
758	11.000000	26.000000	437.000000	700.000000	-69.676868
759	2.000000	22.000000	437.000000	700.000000	-81.253834
760	2.000000	22.000000	456.000000	700.000000	-81.253834
761	-2.000000	25.000000	456.000000	700.000000	-86.054815
762	-2.000000	25.000000	471.000000	700.000000	-86.054815
763	-2.000000	25.000000	471.000000	700.000000	-86.054815
764	-4.000000	30.000000	528.000000	700.000000	90.000000
765	-4.000000	30.000000	528.000000	700.000000	90.000000
766	-4.000000	30.000000	505.000000	700.000000	90.000000
767	-4.000000	30.000000	505.000000	700.000000	90.000000
768	-4.000000	30.000000	561.000000	700.000000	90.000000
769	-4.000000	30.000000	561.000000	700.000000	90.000000
770	-3.000000	42.000000	535.000000	700.000000	82.568592
771	-3.000000	42.000000	535.000000	700.000000	82.568592
772	-3.000000	42.000000	561.000000	700.000000	82.568592
773	-3.000000	42.000000	561.000000	700.000000	82.568592
774	-3.000000	42.000000	580.000000	700.000000	82.568592
775	1.000000	54.000000	580.000000	700.000000	78.690068
776	1.000000	54.000000	604.000000	700.000000	78.690068
777	1.000000	54.000000	604.000000	700.000000	78.690068
778	1.000000	54.000000	616.000000	700.000000	78.690068
779	1.000000	54.000000	616.000000	700.000000	78.690068
780	1.000000	54.000000	643.000000	700.000000	78.690068
781	1.000000	54.000000	643.000000	700.000000	78.690068
782	1.000000	54.000000	656.000000	700.000000	78.690068
783	1.000000	54.000000	656.000000	700.000000	78.690068
784	1.000000	54.000000	664.000000	700.000000	78.690068
785	1.000000	54.000000	664.000000	700.000000	78.690068
786	1.000000	54.000000	686.000000	700.000000	78.690068
787	1.000000	54.000000	686.000000	700.000000	78.690068
788	1.000000	54.000000	701.000000	700.000000	78.690068
789	1.000000	54.000000	701.000000	700.000000	78.690068
790	1.000000	54.000000	734.000000	700.000000	78.690068
791	1.000000	54.000000	734.000000	700.000000	78.690068
792	1.000000	54.000000	733.000000	700.000000	78.690068
793	1.000000	54.000000	733.000000	700.000000	78.690068
794	1.000000	54.000000	746.000000	700.000000	78.690068
795	1.000000	54.000000	746.000000	700.000000	78.690068
796	1.000000	54.000000	835.000000	700.000000	78.690068
797	1.000000	54.000000	835.000000	700.000000	78.690068
798	1.000000	54.000000	808.000000	700.000000	78.690068
799	1.000000	54.000000	808.000000	700.000000	78.690068
800	1.000000	54.000000	785.000000	700.000000	78.690068
801	1.000000	54.000000	785.000000	700.000000	78.690068
802	1.000000	54.000000	784.000000	700.000000	78.690068
803	1.000000	54.000000	784.000000	700.000000	78.690068
804	1.000000	54.000000	810.000000	700.000000	78.690068
805	1.000000	54.000000	810.000000	700.000000	78.690068
806	1.000000	54.000000	791.000000	700.000000	78.690068
807	1.000000	54.000000	791.000000	700.000000	78.690068
808	1.000000	54.000000	779.000000	700.000000	78.690068
809	1.000000	54.000000	779.000000	700.000000	78.690068
810	1.000000	54.000000	759.000000	700.000000	78.690068
811	1.000000	54.000000	759.000000	700.000000	78.690068
812	1.000000	54.000000	735.000000	700.000000	78.690068
813	1.000000	54.000000	735.000000	700.000000	78.690068
814	1.000000	54.000000	721.000000	700.000000	78.690068
815	1.000000	54.000000	721.000000	700.000000	78.690068
816	1.000000	54.000000	710.000000	700.000000	78.690068
817	1.000000	54.000000	710.000000	700.000000	78.690068
818	1.000000	54.000000	691.000000	700.000000	78.690068
819	1.000000	54.000000	691.000000	700.000000	78.690068
820	1.000000	54.000000	673.000000	700.000000	78.690068
821	1.000000	54.000000	673.000000	700.000000	78.690068
822	1.000000	54.000000	657.000000	700.000000	78.690068
823	1.000000	54.000000	657.000000	700.000000	78.690068
824	1.000000	54.000000	662.000000	700.000000	78.690068
825	1.000000	54.000000	662.000000	700.000000	78.690068
826	1.000000	54.000000	617.000000	700.000000	78.690068
827	1.000000	54.000000	617.000000	700.000000	78.690068
828	1.000000	54.000000	593.000000	700.000000	78.690068
829	1.000000	54.000000	593.000000	700.000000	78.690068
830	1.000000	54.000000	572.000000	700.000000	78.690068
831	1.000000	54.000000	572.000000	700.000000	78.690068
832	1.000000	54.000000	571.000000	700.000000	78.690068
833	1.000000	54.000000	571.000000	700.000000	78.690068
834	1.000000	54.000000	542.000000	700.000000	78.690068
835	1.000000	54.000000	542.000000	700.000000	78.690068
836	1.000000	54.000000	530.000000	700.000000	78.690068
837	1.000000	54.000000	530.000000	700.000000	78.690068
838	1.000000	54.000000	500.000000	700.000000	78.690068
839	1.000000	54.000000	500.000000	700.000000	78.690068
840	1.000000	54.000000	514.000000	700.000000	78.690068
841	1.000000	54.000000	514.000000	700.000000	78.690068
842	1.000000	54.000000	491.000000	700.000000	78.690068
843	1.000000	54.000000	491.000000	700.000000	78.690068
844	1.000000	54.000000	510.000000	700.000000	78.690068
845	1.000000	54.000000	510.000000	700.000000	78.690068
846	1.000000	54.000000	495.000000	700.000000	78.690068
847	1.000000	54.000000	495.000000	700.000000	78.690068
848	1.000000	54.000000	493.000000	700.000000	78.690068
849	1.000000	54.000000	493.000000	700.000000	78.690068
850	1.000000	54.000000	499.000000	700.000000	78.690068
851	1.000000	54.000000	499.000000	700.000000	78.690068
852	1.000000	54.000000	539.000000	700.000000	78.690068
853	1.000000	54.000000	539.000000	700.000000	78.690068
854	1.000000	54.000000	554.000000	700.000000	78.690068
855	1.000000	54.000000	554.000000	700.000000	78.690068
856	1.000000	54.000000	550.000000	700.000000	78.690068
857	1.000000	54.000000	550.000000	700.000000	78.690068
858	1.000000	54.000000	581.000000	700.000000	78.690068
859	1.000000	54.000000	581.000000	700.000000	78.690068
860	1.000000	54.000000	602.000000	700.000000	78.690068
861	1.000000	54.000000	602.000000	700.000000	78.690068
862	1.000000	54.000000	623.000000	700.000000	78.690068
863	1.000000	54.000000	623.000000	700.000000	78.690068
864	1.000000	54.000000	641.000000	700.000000	78.690068
865	1.000000	54.000000	641.000000	700.000000	78.690068
866	1.000000	54.000000	695.000000	700.000000	78.690068
867	1.000000	54.000000	814.000000	700.000000	78.690068
868	1.000000	54.000000	814.000000	700.000000	78.690068
869	1.000000	54.000000	814.000000	700.000000	78.690068
870	1.000000	54.000000	747.000000	700.000000	78.690068
871	1.000000	54.000000	747.000000	700.000000	78.690068
872	1.000000	54.000000	802.000000	700.000000	78.690068
873	1.000000	54.000000	802.000000	700.000000	78.690068
874	1.000000	54.000000	799.000000	700.000000	78.690068
875	1.000000	54.000000	838.000000	700.000000	78.690068
876	1.000000	54.000000	838.000000	700.000000	78.690068
877	1.000000	54.000000	835.000000	700.000000	78.690068
878	1.000000	54.000000	835.000000	700.000000	78.690068
879	1.000000	54.000000	835.000000	700.000000	78.690068
880	1.000000	54.000000	852.000000	700.000000	78.690068
881	1.000000	54.000000	859.000000	700.000000	78.690068
882	1.000000	54.000000	859.000000	700.000000	78.690068
883	1.000000	54.000000	893.000000	700.000000	78.690068
884	1.000000	54.000000	893.000000	700.000000	78.690068
885	1.000000	54.000000	870.000000	700.000000	78.690068
886	1.000000	54.000000	870.000000	700.000000	78.690068
887	1.000000	54.000000	865.000000	700.000000	78.690068
888	1.000000	54.000000	865.000000	700.000000	78.690068
889	1.000000	54.000000	872.000000	700.000000	78.690068
890	1.000000	54.000000	872.000000	700.000000	78.690068
891	1.000000	54.000000	862.000000	700.000000	78.690068
892	1.000000	54.000000	862.000000	700.000000	78.690068
893	1.000000	54.000000	904.000000	700.000000	78.690068
894	1.000000	54.000000	904.000000	700.000000	78.690068
895	1.000000	54.000000	904.000000	700.000000	78.690068
896	1.000000	54.000000	904.000000	700.000000	78.690068
897	1.000000	54.000000	846.000000	700.000000	78.690068
898	1.000000	54.000000	846.000000	700.000000	78.690068
899	1.000000	54.000000	812.000000	700.000000	78.690068
900	1.000000	54.000000	812.000000	700.000000	78.690068
901	1.000000	54.000000	812.000000	700.000000	78.690068
902	1.000000	54.000000	794.000000	700.000000	78.690068
903	1.000000	54.000000	760.000000	700.000000	78.690068
904	1.000000	54.000000	760.000000	700.000000	78.690068
905	1.000000	54.000000	735.000000	700.000000	78.690068
906	1.000000	54.000000	735.000000	700.000000	78.690068
907	1.000000	54.000000	701.000000	700.000000	78.690068
908	1.000000	54.000000	701.000000	700.000000	78.690068
909	1.000000	54.000000	674.000000	700.000000	78.690068
910	1.000000	54.000000	674.000000	700.000000	78.690068
911	1.000000	54.000000	646.000000	700.000000	78.690068
912	1.000000	54.000000	646.000000	700.000000	78.690068
913	1.000000	54.000000	618.000000	700.000000	78.690068
914	1.000000	54.000000	618.000000	700.000000	78.690068
915	1.000000	54.000000	595.000000	700.000000	78.690068
916	1.000000	54.000000	595.000000	700.000000	78.690068
917	1.000000	54.000000	573.000000	700.000000	78.690068
918	1.000000	54.000000	573.000000	700.000000	78.690068
919	1.000000	54.000000	550.000000	700.000000	78.690068
920	1.000000	54.000000	550.000000	700.000000	78.690068
921	1.000000	54.000000	539.000000	700.000000	78.690068
922	1.000000	54.000000	539.000000	700.000000	78.690068
923	1.000000	54.000000	525.000000	700.000000	78.690068
924	1.000000	54.000000	525.000000	700.000000	78.690068
925	1.000000	54.000000	521.000000	700.000000	78.690068
926	1.000000	54.000000	521.000000	700.000000	78.690068
927	1.000000	54.000000	511.000000	700.000000	78.690068
928	1.000000	54.000000	511.000000	700.000000	78.690068
929	1.000000	54.000000	511.000000	700.000000	78.690068
930	1.000000	54.000000	511.000000	700.000000	78.690068
931	1.000000	54.000000	511.000000	700.000000	78.690068
932	1.000000	54.000000	511.000000	700.000000	78.690068
933	1.000000	54.000000	517.000000	700.000000	78.690068
934	1.000000	54.000000	517.000000	700.000000	78.690068
935	1.000000	54.000000	516.000000	700.000000	78.690068
936	1.000000	54.000000	516.000000	700.000000	78.690068
937	1.000000	54.000000	531.000000	700.000000	78.690068
938	1.000000	54.000000	531.000000	700.000000	78.690068
939	1.000000	54.000000	548.000000	700.000000	78.690068
940	1.000000	54.000000	548.000000	700.000000	78.690068
941	1.000000	54.000000	567.000000	700.000000	78.690068
942	1.000000	54.000000	567.000000	700.000000	78.690068
943	1.000000	54.000000	589.000000	700.000000	78.690068
944	1.000000	54.000000	589.000000	700.000000	78.690068
945	1.000000	54.000000	626.000000	700.000000	78.690068
946	1.000000	54.000000	626.000000	700.000000	78.690068
947	1.000000	54.000000	642.000000	700.000000	78.690068
948	1.000000	54.000000	642.000000	700.000000	78.690068
949	1.000000	54.000000	683.000000	700.000000	78.690068
950	1.000000	54.000000	683.000000	700.000000	78.690068
951	1.000000	54.000000	682.000000	700.000000	78.690068
952	1.000000	54.000000	682.000000	700.000000	78.690068
953	1.000000	54.000000	717.000000	700.000000	78.690068
954	1.000000	54.000000	717.000000	700.000000	78.690068
955	1.000000	54.000000	717.000000	700.000000	78.690068
956	1.000000	54.000000	717.000000	700.000000	78.690068
957	1.000000	54.000000	717.000000	700.000000	78.690068
958	1.000000	54.000000	717.000000	700.000000	78.690068
959	1.000000	54.000000	717.000000	700.000000	78.690068
960	1.000000	54.000000	717.000000	700.000000	78.690068
961	1.000000	54.000000	743.000000	700.000000	78.690068
962	1.000000	54.000000	743.000000	700.000000	78.690068
963	1.000000	54.000000	768.000000	700.000000	78.690068
964	1.000000	54.000000	768.000000	700.000000	78.690068
965	1.000000	54.000000	777.000000	700.000000	78.690068
966	1.000000	54.000000	777.000000	700.000000	78.690068
967	1.000000	54.000000	815.000000	700.000000	78.690068
968	1.000000	54.000000	815.000000	700.000000	78.690068
969	1.000000	54.000000	818.000000	700.000000	78.690068
970	1.000000	54.000000	818.000000	700.000000	78.690068
971	1.000000	54.000000	826.000000	700.000000	78.690068
972	1.000000	54.000000	826.000000	700.000000	78.690068
973	1.000000	54.000000	865.000000	700.000000	78.690068
974	1.000000	54.000000	865.000000	700.000000	78.690068
975	1.000000	54.000000	939.000000	700.000000	78.690068
976	1.000000	54.000000	939.000000	700.000000	78.690068
977	1.000000	54.000000	1035.000000	700.000000	78.690068
978	1.000000	54.000000	1035.000000	700.000000	78.690068
979	1.000000	54.000000	799.000000	700.000000	78.690068
980	1.000000	54.000000	799.000000	700.000000	78.690068
981	1.000000	54.000000	690.000000	700.000000	78.690068
982	1.000000	54.000000	690.000000	700.000000	78.690068
983	1.000000	54.000000	690.000000	700.000000	78.690068
984	1.000000	54.000000	690.000000	700.000000	78.690068
985	1.000000	54.000000	690.000000	700.000000	78.690068
986	1.000000	54.000000	690.000000	700.000000	78.690068
987	1.000000	54.000000	643.000000	700.000000	78.690068
988	1.000000	54.000000	643.000000	700.000000	78.690068
989	1.000000	54.000000	592.000000	700.000000	78.690068
990	1.000000	54.000000	592.000000	700.000000	78.690068
991	1.000000	54.000000	557.000000	700.000000	78.690068
992	1.000000	54.000000	557.000000	700.000000	78.690068
993	1.000000	54.000000	554.000000	700.000000	78.690068
994	1.000000	54.000000	554.000000	700.000000	78.690068
995	1.000000	54.000000	508.000000	700.000000	78.690068
996	1.000000	54.000000	508.000000	700.000000	78.690068
997	1.000000	54.000000	475.000000	700.000000	78.690068
998	1.000000	54.000000	475.000000	700.000000	78.690068
999	1.000000	54.000000	455.000000	700.000000	78.690068
1000	1.000000	54.000000	455.000000	700.000000	78.690068
1001	1.000000	54.000000	443.000000	700.000000	78.690068
1002	1.000000	54.000000	443.000000	700.000000	78.690068
1003	1.000000	54.000000	443.000000	700.000000	78.690068
1004	1.000000	54.000000	443.000000	700.000000	78.690068
1005	1.000000	54.000000	410.000000	700.000000	78.690068
1006	1.000000	54.000000	410.000000	700.000000	78.690068
1007	1.000000	54.000000	398.000000	700.000000	78.690068
1008	1.000000	54.000000	398.000000	700.000000	78.690068
1009	1.000000	54.000000	399.000000	700.000000	78.690068
1010	1.000000	54.000000	399.000000	700.000000	78.690068
1011	1.000000	54.000000	395.000000	700.000000	78.690068
1012	1.000000	54.000000	395.000000	700.000000	78.690068
1013	1.000000	54.000000	394.000000	700.000000	78.690068
1014	1.000000	54.000000	394.000000	700.000000	78.690068
1015	1.000000	54.000000	404.000000	700.000000	78.690068
1016	1.000000	54.000000	404.000000	700.000000	78.690068
1017	1.000000	54.000000	411.000000	700.000000	78.690068
1018	1.000000	54.000000	411.000000	700.000000	78.690068
1019	1.000000	54.000000	426.000000	700.000000	78.690068
1020	1.000000	54.000000	426.000000	700.000000	78.690068
1021	1.000000	54.000000	450.000000	700.000000	78.690068
1022	1.000000	54.000000	450.000000	700.000000	78.690068
1023	1.000000	54.000000	490.000000	700.000000	78.690068
1024	1.000000	54.000000	490.000000	700.000000	78.690068
1025	1.000000	54.000000	502.000000	700.000000	78.690068
1026	1.000000	54.000000	502.000000	700.000000	78.690068
1027	1.000000	54.000000	502.000000	700.000000	78.690068
1028	1.000000	54.000000	502.000000	700.000000	78.690068
1029	1.000000	54.000000	502.000000	700.000000	78.690068
1030	1.000000	54.000000	502.000000	700.000000	78.690068
1031	1.000000	54.000000	502.000000	700.000000	78.690068
1032	1.000000	54.000000	502.000000	700.000000	78.690068
1033	1.000000	54.000000	502.000000	700.000000	78.690068
1034	1.000000	54.000000	502.000000	700.000000	78.690068
1035	1.000000	54.000000	502.000000	700.000000	78.690068
1036	1.000000	54.000000	502.000000	700.000000	78.690068
1037	1.000000	54.000000	502.000000	700.000000	78.690068
1038	1.000000	54.000000	502.000000	700.000000	78.690068
1039	1.000000	54.000000	502.000000	700.000000	78.690068
1040	1.000000	54.000000	502.000000	700.000000	78.690068
1041	1.000000	54.000000	502.000000	700.000000	78.690068
1042	1.000000	54.000000	502.000000	700.000000	78.690068
1043	1.000000	54.000000	502.000000	700.000000	78.690068
1044	1.000000	54.000000	502.000000	700.000000	78.690068
1045	1.000000	54.000000	502.000000	700.000000	78.690068
1046	1.000000	54.000000	502.000000	700.000000	78.690068
1047	1.000000	54.000000	502.000000	700.000000	78.690068
1048	1.000000	54.000000	502.000000	700.000000	78.690068
1049	1.000000	54.000000	502.000000	700.000000	78.690068
1050	1.000000	54.000000	502.000000	700.000000	78.690068
1051	1.000000	54.000000	502.000000	700.000000	78.690068
1052	1.000000	54.000000	502.000000	700.000000	78.690068
1053	1.000000	54.000000	502.000000	700.000000	78.690068
1054	1.000000	54.000000	502.000000	700.000000	78.690068
1055	1.000000	54.000000	502.000000	700.000000	78.690068
1056	1.000000	54.000000	502.000000	700.000000	78.690068
1057	1.000000	54.000000	888.000000	700.000000	78.690068
1058	1.000000	54.000000	888.000000	700.000000	78.690068
1059	1.000000	54.000000	858.000000	700.000000	78.690068
1060	1.000000	54.000000	858.000000	700.000000	78.690068
1061	1.000000	54.000000	835.000000	700.000000	78.690068
1062	1.000000	54.000000	835.000000	700.000000	78.690068
1063	1.000000	54.000000	820.000000	700.000000	78.690068
1064	1.000000	54.000000	820.000000	700.000000	78.690068
1065	1.000000	54.000000	785.000000	700.000000	78.690068
1066	1.000000	54.000000	785.000000	700.000000	78.690068
1067	1.000000	54.000000	763.000000	700.000000	78.690068
1068	1.000000	54.000000	663.000000	700.000000	78.690068
1069	1.000000	54.000000	632.000000	700.000000	78.690068
1070	1.000000	54.000000	632.000000	700.000000	78.690068
1071	1.000000	54.000000	648.000000	700.000000	78.690068
1072	1.000000	54.000000	648.000000	700.000000	78.690068
1073	1.000000	54.000000	616.000000	700.000000	78.690068
1074	1.000000	54.000000	616.000000	700.000000	78.690068
1075	1.000000	54.000000	661.000000	700.000000	78.690068
1076	1.000000	54.000000	661.000000	700.000000	78.690068
1077	1.000000	54.000000	608.000000	700.000000	78.690068
1078	1.000000	54.000000	608.000000	700.000000	78.690068
1079	1.000000	54.000000	605.000000	700.000000	78.690068
1080	1.000000	54.000000	605.000000	700.000000	78.690068
1081	1.000000	54.000000	619.000000	700.000000	78.690068
1082	1.000000	54.000000	619.000000	700.000000	78.690068
1083	1.000000	54.000000	634.000000	700.000000	78.690068
1084	1.000000	54.000000	634.000000	700.000000	78.690068
1085	1.000000	54.000000	597.000000	700.000000	78.690068
1086	1.000000	54.000000	597.000000	700.000000	78.690068
1087	1.000000	54.000000	623.000000	700.000000	78.690068
1088	1.000000	54.000000	623.000000	700.000000	78.690068
1089	1.000000	54.000000	597.000000	700.000000	78.690068
1090	1.000000	54.000000	597.000000	700.000000	78.690068
1091	1.000000	54.000000	607.000000	700.000000	78.690068
1092	1.000000	54.000000	607.000000	700.000000	78.690068
1093	1.000000	54.000000	614.000000	700.000000	78.690068
1094	1.000000	54.000000	614.000000	700.000000	78.690068
1095	1.000000	54.000000	661.000000	700.000000	78.690068
1096	1.000000	54.000000	661.000000	700.000000	78.690068
1097	1.000000	54.000000	619.000000	700.000000	78.690068
1098	1.000000	54.000000	619.000000	700.000000	78.690068
1099	1.000000	54.000000	624.000000	700.000000	78.690068
1100	1.000000	54.000000	624.000000	700.000000	78.690068
1101	1.000000	54.000000	679.000000	700.000000	78.690068
1102	1.000000	54.000000	679.000000	700.000000	78.690068
1103	1.000000	54.000000	653.000000	700.000000	78.690068
1104	1.000000	54.000000	653.000000	700.000000	78.690068
1105	1.000000	54.000000	667.000000	700.000000	78.690068
1106	1.000000	54.000000	667.000000	700.000000	78.690068
1107	1.000000	54.000000	669.000000	700.000000	78.690068
1108	1.000000	54.000000	669.000000	700.000000	78.690068
1109	1.000000	54.000000	669.000000	700.000000	78.690068
1110	1.000000	54.000000	669.000000	700.000000	78.690068
1111	1.000000	54.000000	681.000000	700.000000	78.690068
1112	1.000000	54.000000	681.000000	700.000000	78.690068
1113	1.000000	54.000000	734.000000	700.000000	78.690068
1114	1.000000	54.000000	734.000000	700.000000	78.690068
1115	1.000000	54.000000	743.000000	700.000000	78.690068
1116	1.000000	54.000000	743.000000	700.000000	78.690068
1117	1.000000	54.000000	754.000000	700.000000	78.690068
1118	1.000000	54.000000	754.000000	700.000000	78.690068
1119	1.000000	54.000000	769.000000	700.000000	78.690068
1120	1.000000	54.000000	769.000000	700.000000	78.690068
1121	1.000000	54.000000	770.000000	700.000000	78.690068
1122	1.000000	54.000000	770.000000	700.000000	78.690068
1123	1.000000	54.000000	797.000000	700.000000	78.690068
1124	1.000000	54.000000	797.000000	700.000000	78.690068
1125	1.000000	54.000000	806.000000	700.000000	78.690068
1126	1.000000	54.000000	806.000000	700.000000	78.690068
1127	1.000000	54.000000	798.000000	700.000000	78.690068
1128	1.000000	54.000000	798.000000	700.000000	78.690068
1129	1.000000	54.000000	785.000000	700.000000	78.690068
1130	1.000000	54.000000	785.000000	700.000000	78.690068
1131	1.000000	54.000000	787.000000	700.000000	78.690068
1132	1.000000	54.000000	787.000000	700.000000	78.690068
1133	1.000000	54.000000	755.000000	700.000000	78.690068
1134	1.000000	54.000000	755.000000	700.000000	78.690068
1135	1.000000	54.000000	742.000000	700.000000	78.690068
1136	1.000000	54.000000	742.000000	700.000000	78.690068
1137	1.000000	54.000000	735.000000	700.000000	78.690068
1138	1.000000	54.000000	735.000000	700.000000	78.690068
1139	1.000000	54.000000	717.000000	700.000000	78.690068
1140	1.000000	54.000000	717.000000	700.000000	78.690068
1141	1.000000	54.000000	700.000000	700.000000	78.690068
1142	1.000000	54.000000	700.000000	700.000000	78.690068
1143	1.000000	54.000000	665.000000	700.000000	78.690068
1144	1.000000	54.000000	665.000000	700.000000	78.690068
1145	1.000000	54.000000	640.000000	700.000000	78.690068
1146	1.000000	54.000000	640.000000	700.000000	78.690068
1147	1.000000	54.000000	626.000000	700.000000	78.690068
1148	1.000000	54.000000	611.000000	700.000000	78.690068
1149	1.000000	54.000000	611.000000	700.000000	78.690068
1150	1.000000	54.000000	581.000000	700.000000	78.690068
1151	1.000000	54.000000	581.000000	700.000000	78.690068
1152	1.000000	54.000000	575.000000	700.000000	78.690068
1153	1.000000	54.000000	575.000000	700.000000	78.690068
1154	1.000000	54.000000	540.000000	700.000000	78.690068
1155	1.000000	54.000000	540.000000	700.000000	78.690068
1156	1.000000	54.000000	523.000000	700.000000	78.690068
1157	1.000000	54.000000	523.000000	700.000000	78.690068
1158	1.000000	54.000000	511.000000	700.000000	78.690068
1159	1.000000	54.000000	511.000000	700.000000	78.690068
1160	1.000000	54.000000	498.000000	700.000000	78.690068
1161	1.000000	54.000000	498.000000	700.000000	78.690068
1162	1.000000	54.000000	498.000000	700.000000	78.690068
1163	1.000000	54.000000	530.000000	700.000000	78.690068
1164	1.000000	54.000000	499.000000	700.000000	78.690068
1165	1.000000	54.000000	499.000000	700.000000	78.690068
1166	1.000000	54.000000	476.000000	700.000000	78.690068
1167	1.000000	54.000000	476.000000	700.000000	78.690068
1168	1.000000	54.000000	477.000000	700.000000	78.690068
1169	1.000000	54.000000	477.000000	700.000000	78.690068
1170	1.000000	54.000000	496.000000	700.000000	78.690068
1171	1.000000	54.000000	566.000000	700.000000	78.690068
1172	1.000000	54.000000	566.000000	700.000000	78.690068
1173	1.000000	54.000000	566.000000	700.000000	78.690068
1174	1.000000	54.000000	566.000000	700.000000	78.690068
1175	1.000000	54.000000	566.000000	700.000000	78.690068
1176	1.000000	54.000000	572.000000	700.000000	78.690068
1177	1.000000	54.000000	595.000000	700.000000	78.690068
1178	1.000000	54.000000	595.000000	700.000000	78.690068
1179	1.000000	54.000000	595.000000	700.000000	78.690068
1180	1.000000	54.000000	598.000000	700.000000	78.690068
1181	1.000000	54.000000	615.000000	700.000000	78.690068
1182	1.000000	54.000000	615.000000	700.000000	78.690068
1183	1.000000	54.000000	614.000000	700.000000	78.690068
1184	1.000000	54.000000	614.000000	700.000000	78.690068
1185	1.000000	54.000000	649.000000	700.000000	78.690068
1186	1.000000	54.000000	649.000000	700.000000	78.690068
1187	1.000000	54.000000	621.000000	700.000000	78.690068
1188	1.000000	54.000000	621.000000	700.000000	78.690068
1189	1.000000	54.000000	623.000000	700.000000	78.690068
1190	1.000000	54.000000	623.000000	700.000000	78.690068
1191	1.000000	54.000000	638.000000	700.000000	78.690068
1192	1.000000	54.000000	638.000000	700.000000	78.690068
1193	1.000000	54.000000	637.000000	700.000000	78.690068
1194	1.000000	54.000000	637.000000	700.000000	78.690068
1195	1.000000	54.000000	629.000000	700.000000	78.690068
1196	1.000000	54.000000	629.000000	700.000000	78.690068
1197	1.000000	54.000000	626.000000	700.000000	78.690068
1198	1.000000	54.000000	626.000000	700.000000	78.690068
1199	1.000000	54.000000	625.000000	700.000000	78.690068
1200	1.000000	54.000000	625.000000	700.000000	78.690068
1201	1.000000	54.000000	643.000000	700.000000	78.690068
1202	1.000000	54.000000	643.000000	700.000000	78.690068
1203	1.000000	54.000000	650.000000	700.000000	78.690068
1204	1.000000	54.000000	650.000000	700.000000	78.690068
1205	1.000000	54.000000	667.000000	700.000000	78.690068
1206	1.000000	54.000000	667.000000	700.000000	78.690068
1207	1.000000	54.000000	619.000000	700.000000	78.690068
1208	1.000000	54.000000	619.000000	700.000000	78.690068
1209	1.000000	54.000000	613.000000	700.000000	78.690068
1210	1.000000	54.000000	613.000000	700.000000	78.690068
1211	1.000000	54.000000	629.000000	700.000000	78.690068
1212	1.000000	54.000000	629.000000	700.000000	78.690068
1213	1.000000	54.000000	652.000000	700.000000	78.690068
1214	1.000000	54.000000	652.000000	700.000000	78.690068
1215	1.000000	54.000000	635.000000	700.000000	78.690068
1216	1.000000	54.000000	635.000000	700.000000	78.690068
1217	1.000000	54.000000	635.000000	700.000000	78.690068
1218	1.000000	54.000000	635.000000	700.000000	78.690068
1219	1.000000	54.000000	631.000000	700.000000	78.690068
1220	1.000000	54.000000	631.000000	700.000000	78.690068
1221	1.000000	54.000000	628.000000	700.000000	78.690068
1222	1.000000	54.000000	628.000000	700.000000	78.690068
1223	1.000000	54.000000	635.000000	700.000000	78.690068
1224	1.000000	54.000000	635.000000	700.000000	78.690068
1225	1.000000	54.000000	642.000000	700.000000	78.690068
1226	1.000000	54.000000	642.000000	700.000000	78.690068
1227	1.000000	54.000000	664.000000	700.000000	78.690068
1228	1.000000	54.000000	664.000000	700.000000	78.690068
1229	1.000000	54.000000	660.000000	700.000000	78.690068
1230	1.000000	54.000000	660.000000	700.000000	78.690068
1231	1.000000	54.000000	677.000000	700.000000	78.690068
1232	1.000000	54.000000	677.000000	700.000000	78.690068
1233	1.000000	54.000000	685.000000	700.000000	78.690068
1234	1.000000	54.000000	685.000000	700.000000	78.690068
1235	1.000000	54.000000	687.000000	700.000000	78.690068
1236	1.000000	54.000000	687.000000	700.000000	78.690068
1237	1.000000	54.000000	703.000000	700.000000	78.690068
1238	-67.000000	-41.000000	703.000000	700.000000	30.256439
1239	-67.000000	-41.000000	708.000000	700.000000	30.256439
1240	-67.000000	-41.000000	708.000000	700.000000	30.256439
1241	-68.000000	-41.000000	725.000000	700.000000	28.072493
1242	-68.000000	-41.000000	725.000000	700.000000	28.072493
1243	-68.000000	-41.000000	732.000000	700.000000	28.072493
1244	-68.000000	-41.000000	732.000000	700.000000	28.072493
1245	-68.000000	-41.000000	741.000000	700.000000	28.072493
1246	-68.000000	-41.000000	741.000000	700.000000	28.072493
1247	-68.000000	-41.000000	776.000000	700.000000	28.072493
1248	-68.000000	-41.000000	776.000000	700.000000	28.072493
1249	-68.000000	-41.000000	737.000000	700.000000	28.072493
1250	-68.000000	-41.000000	737.000000	700.000000	28.072493
1251	-68.000000	-41.000000	736.000000	700.000000	28.072493
1252	-67.000000	-41.000000	736.000000	700.000000	28.610460
1253	-67.000000	-41.000000	731.000000	700.000000	28.610460
1254	-67.000000	-39.000000	731.000000	700.000000	28.610460
1255	-67.000000	-39.000000	738.000000	700.000000	28.610460
1256	-67.000000	-39.000000	738.000000	700.000000	28.610460
1257	-67.000000	-39.000000	745.000000	700.000000	28.610460
1258	-67.000000	-39.000000	745.000000	700.000000	28.610460
1259	-67.000000	-39.000000	696.000000	700.000000	28.610460
1260	-67.000000	-39.000000	696.000000	700.000000	28.610460
1261	-67.000000	-39.000000	674.000000	700.000000	28.610460
1262	-67.000000	-39.000000	674.000000	700.000000	28.610460
1263	-67.000000	-39.000000	656.000000	700.000000	28.610460
1264	-67.000000	-39.000000	656.000000	700.000000	28.610460
1265	-67.000000	-39.000000	635.000000	700.000000	28.610460
1266	-67.000000	-39.000000	635.000000	700.000000	28.610460
1267	-67.000000	-39.000000	616.000000	700.000000	28.610460
1268	-67.000000	-39.000000	616.000000	700.000000	28.610460
1269	-67.000000	-39.000000	598.000000	700.000000	28.610460
1270	-67.000000	-39.000000	598.000000	700.000000	28.610460
1271	-67.000000	-39.000000	590.000000	700.000000	28.610460
1272	-67.000000	-39.000000	590.000000	700.000000	28.610460
1273	-67.000000	-39.000000	590.000000	700.000000	28.610460
1274	-67.000000	-39.000000	590.000000	700.000000	28.610460
1275	-67.000000	-39.000000	555.000000	700.000000	28.610460
1276	-67.000000	-39.000000	555.000000	700.000000	28.610460
1277	-67.000000	-39.000000	533.000000	700.000000	28.610460
1278	-67.000000	-39.000000	533.000000	700.000000	28.610460
1279	-67.000000	-39.000000	533.000000	700.000000	28.610460
1280	-67.000000	-39.000000	536.000000	700.000000	28.610460
1281	-67.000000	-39.000000	547.000000	700.000000	28.610460
1282	-67.000000	-39.000000	547.000000	700.000000	28.610460
1283	-67.000000	-39.000000	520.000000	700.000000	28.610460
1284	-67.000000	-39.000000	520.000000	700.000000	28.610460
1285	-67.000000	-39.000000	521.000000	700.000000	28.610460
1286	-61.000000	-38.000000	521.000000	700.000000	29.054606
1287	-61.000000	-38.000000	509.000000	700.000000	29.054606
1288	-61.000000	-38.000000	509.000000	700.000000	29.054606
1289	-61.000000	-38.000000	526.000000	700.000000	29.054606
1290	-61.000000	-38.000000	526.000000	700.000000	29.054606
1291	-61.000000	-38.000000	526.000000	700.000000	29.054606
1292	-61.000000	-38.000000	526.000000	700.000000	29.054606
1293	-61.000000	-38.000000	527.000000	700.000000	29.054606
1294	-61.000000	-38.000000	527.000000	700.000000	29.054606
1295	-61.000000	-38.000000	529.000000	700.000000	29.054606
1296	-61.000000	-38.000000	529.000000	700.000000	29.054606
1297	-61.000000	-38.000000	545.000000	700.000000	29.054606
1298	-61.000000	-38.000000	545.000000	700.000000	29.054606
1299	-61.000000	-38.000000	543.000000	700.000000	29.054606
1300	-61.000000	-38.000000	543.000000	700.000000	29.054606
1301	-61.000000	-38.000000	562.000000	700.000000	29.054606
1302	-61.000000	-38.000000	562.000000	700.000000	29.054606
1303	-61.000000	-38.000000	582.000000	700.000000	29.054606
1304	-61.000000	-38.000000	582.000000	700.000000	29.054606
1305	-61.000000	-38.000000	592.000000	700.000000	29.054606
1306	-61.000000	-38.000000	592.000000	700.000000	29.054606
1307	-61.000000	-38.000000	613.000000	700.000000	29.054606
1308	-61.000000	-38.000000	613.000000	700.000000	29.054606
1309	-61.000000	-38.000000	644.000000	700.000000	29.054606
1310	-61.000000	-38.000000	644.000000	700.000000	29.054606
1311	-61.000000	-38.000000	673.000000	700.000000	29.054606
1312	-61.000000	-38.000000	673.000000	700.000000	29.054606
1313	-61.000000	-38.000000	699.000000	700.000000	29.054606
1314	-61.000000	-38.000000	699.000000	700.000000	29.054606
1315	-61.000000	-38.000000	727.000000	700.000000	29.054606
1316	7.000000	-58.000000	727.000000	700.000000	-60.255114
1317	7.000000	-58.000000	748.000000	700.000000	-60.255114
1318	10.000000	-52.000000	748.000000	700.000000	-56.309929
1319	10.000000	-52.000000	782.000000	700.000000	-56.309929
1320	10.000000	-52.000000	782.000000	700.000000	-56.309929
1321	10.000000	-44.000000	813.000000	700.000000	-61.699235
1322	10.000000	-44.000000	813.000000	700.000000	-61.699235
1323	10.000000	-44.000000	835.000000	700.000000	-61.699235
1324	10.000000	-44.000000	835.000000	700.000000	-61.699235
1325	10.000000	-44.000000	865.000000	700.000000	-61.699235
1326	10.000000	-44.000000	865.000000	700.000000	-61.699235
1327	9.000000	-34.000000	895.000000	700.000000	29.475892
1328	9.000000	-34.000000	895.000000	700.000000	29.475892
1329	4.000000	-23.000000	931.000000	700.000000	30.256439
1330	4.000000	-23.000000	931.000000	700.000000	30.256439
1331	4.000000	-23.000000	935.000000	700.000000	30.256439
1332	-1.000000	-15.000000	935.000000	700.000000	29.248829
1333	-1.000000	-15.000000	931.000000	700.000000	29.248829
1334	-1.000000	-15.000000	931.000000	700.000000	29.248829
1335	-12.000000	-7.000000	957.000000	700.000000	32.471190
1336	-12.000000	-7.000000	957.000000	700.000000	32.471190
1337	-12.000000	-7.000000	970.000000	700.000000	32.471190
1338	-21.000000	-4.000000	970.000000	700.000000	29.744886
1339	-21.000000	-4.000000	959.000000	700.000000	29.744886
1340	-33.000000	-2.000000	959.000000	700.000000	30.963760
1341	-33.000000	-2.000000	1034.000000	700.000000	30.963760
1342	-49.000000	-1.000000	1034.000000	700.000000	30.256439
1343	-49.000000	-1.000000	927.000000	700.000000	30.256439
1344	-49.000000	-1.000000	927.000000	700.000000	30.256439
1345	-65.000000	2.000000	912.000000	700.000000	30.963760
1346	-65.000000	2.000000	912.000000	700.000000	30.963760
1347	-65.000000	2.000000	909.000000	700.000000	30.963760
1348	-65.000000	2.000000	909.000000	700.000000	30.963760
1349	-65.000000	2.000000	883.000000	700.000000	30.963760
1350	-65.000000	2.000000	883.000000	700.000000	30.963760
1351	-65.000000	2.000000	912.000000	700.000000	30.963760
1352	-65.000000	2.000000	912.000000	700.000000	30.963760
1353	-65.000000	2.000000	807.000000	700.000000	30.963760
1354	-65.000000	2.000000	807.000000	700.000000	30.963760
1355	-65.000000	2.000000	773.000000	700.000000	30.963760
1356	-65.000000	2.000000	773.000000	700.000000	30.963760
1357	-65.000000	2.000000	749.000000	700.000000	30.963760
1358	-65.000000	2.000000	749.000000	700.000000	30.963760
1359	-65.000000	2.000000	719.000000	700.000000	30.963760
1360	-65.000000	2.000000	719.000000	700.000000	30.963760
1361	-65.000000	2.000000	684.000000	700.000000	30.963760
1362	-65.000000	2.000000	684.000000	700.000000	30.963760
1363	-65.000000	2.000000	665.000000	700.000000	30.963760
1364	-65.000000	2.000000	665.000000	700.000000	30.963760
1365	-65.000000	2.000000	618.000000	700.000000	30.963760
1366	-65.000000	2.000000	618.000000	700.000000	30.963760
1367	-65.000000	2.000000	602.000000	700.000000	30.963760
1368	-65.000000	2.000000	602.000000	700.000000	30.963760
1369	-65.000000	2.000000	566.000000	700.000000	30.963760
1370	-65.000000	2.000000	566.000000	700.000000	30.963760
1371	-65.000000	2.000000	530.000000	700.000000	30.963760
1372	-65.000000	2.000000	530.000000	700.000000	30.963760
1373	-65.000000	2.000000	533.000000	700.000000	30.963760
1374	-65.000000	2.000000	533.000000	700.000000	30.963760
1375	-65.000000	2.000000	519.000000	700.000000	30.963760
1376	-65.000000	2.000000	519.000000	700.000000	30.963760
1377	-65.000000	2.000000	482.000000	700.000000	30.963760
1378	-65.000000	2.000000	482.000000	700.000000	30.963760
1379	-65.000000	2.000000	478.000000	700.000000	30.963760
1380	-65.000000	2.000000	478.000000	700.000000	30.963760
1381	-65.000000	2.000000	480.000000	700.000000	30.963760
1382	-65.000000	2.000000	480.000000	700.000000	30.963760
1383	-65.000000	2.000000	473.000000	700.000000	30.963760
1384	-65.000000	2.000000	473.000000	700.000000	30.963760
1385	-65.000000	2.000000	473.000000	700.000000	30.963760
1386	-65.000000	2.000000	473.000000	700.000000	30.963760
1387	-65.000000	2.000000	477.000000	700.000000	30.963760
1388	-65.000000	2.000000	477.000000	700.000000	30.963760
1389	-65.000000	2.000000	507.000000	700.000000	30.963760
1390	-65.000000	2.000000	507.000000	700.000000	30.963760
1391	-65.000000	2.000000	491.000000	700.000000	30.963760
1392	-65.000000	2.000000	491.000000	700.000000	30.963760
1393	-65.000000	2.000000	527.000000	700.000000	30.963760
1394	-65.000000	2.000000	527.000000	700.000000	30.963760
1395	-65.000000	2.000000	536.000000	700.000000	30.963760
1396	-65.000000	2.000000	536.000000	700.000000	30.963760
1397	-65.000000	2.000000	556.000000	700.000000	30.963760
1398	-65.000000	2.000000	556.000000	700.000000	30.963760
1399	-65.000000	2.000000	568.000000	700.000000	30.963760
1400	-65.000000	2.000000	568.000000	700.000000	30.963760
1401	-65.000000	2.000000	619.000000	700.000000	30.963760
1402	-65.000000	2.000000	619.000000	700.000000	30.963760
1403	-65.000000	2.000000	620.000000	700.000000	30.963760
1404	-65.000000	2.000000	620.000000	700.000000	30.963760
1405	-65.000000	2.000000	659.000000	700.000000	30.963760
1406	-65.000000	2.000000	659.000000	700.000000	30.963760
1407	-65.000000	2.000000	684.000000	700.000000	30.963760
1408	-65.000000	2.000000	684.000000	700.000000	30.963760
1409	-65.000000	2.000000	702.000000	700.000000	30.963760
1410	-65.000000	2.000000	702.000000	700.000000	30.963760
1411	-65.000000	2.000000	723.000000	700.000000	30.963760
1412	-65.000000	2.000000	723.000000	700.000000	30.963760
1413	-65.000000	2.000000	756.000000	700.000000	30.963760
1414	-65.000000	2.000000	756.000000	700.000000	30.963760
1415	-65.000000	2.000000	790.000000	700.000000	30.963760
1416	-65.000000	2.000000	790.000000	700.000000	30.963760
1417	-65.000000	2.000000	742.000000	700.000000	30.963760
1418	-65.000000	2.000000	742.000000	700.000000	30.963760
1419	-65.000000	2.000000	739.000000	700.000000	30.963760
1420	-65.000000	2.000000	739.000000	700.000000	30.963760
1421	-65.000000	2.000000	752.000000	700.000000	30.963760
1422	-65.000000	2.000000	752.000000	700.000000	30.963760
1423	-65.000000	2.000000	801.000000	700.000000	30.963760
1424	-65.000000	2.000000	801.000000	700.000000	30.963760
1425	-65.000000	2.000000	820.000000	700.000000	30.963760
1426	-65.000000	2.000000	820.000000	700.000000	30.963760
1427	-65.000000	2.000000	858.000000	700.000000	30.963760
1428	-65.000000	2.000000	858.000000	700.000000	30.963760
1429	-65.000000	2.000000	774.000000	700.000000	30.963760
1430	-65.000000	2.000000	774.000000	700.000000	30.963760
1431	-65.000000	2.000000	737.000000	700.000000	30.963760
1432	-65.000000	2.000000	737.000000	700.000000	30.963760
1433	-65.000000	2.000000	750.000000	700.000000	30.963760
1434	-65.000000	2.000000	750.000000	700.000000	30.963760
1435	-65.000000	2.000000	729.000000	700.000000	30.963760
1436	-65.000000	2.000000	729.000000	700.000000	30.963760
1437	-65.000000	2.000000	694.000000	700.000000	30.963760
1438	-65.000000	2.000000	694.000000	700.000000	30.963760
1439	-65.000000	2.000000	783.000000	700.000000	30.963760
1440	-65.000000	2.000000	783.000000	700.000000	30.963760
1441	-65.000000	2.000000	674.000000	700.000000	30.963760
1442	-65.000000	2.000000	674.000000	700.000000	30.963760
1443	-65.000000	2.000000	630.000000	700.000000	30.963760
1444	-65.000000	2.000000	630.000000	700.000000	30.963760
1445	-65.000000	2.000000	649.000000	700.000000	30.963760
1446	-65.000000	2.000000	649.000000	700.000000	30.963760
1447	-65.000000	2.000000	579.000000	700.000000	30.963760
1448	-65.000000	2.000000	579.000000	700.000000	30.963760
1449	-65.000000	2.000000	607.000000	700.000000	30.963760
1450	-65.000000	2.000000	607.000000	700.000000	30.963760
1451	-65.000000	2.000000	558.000000	700.000000	30.963760
1452	-65.000000	2.000000	558.000000	700.000000	30.963760
1453	-65.000000	2.000000	518.000000	700.000000	30.963760
1454	-65.000000	2.000000	518.000000	700.000000	30.963760
1455	-65.000000	2.000000	469.000000	700.000000	30.963760
1456	-65.000000	2.000000	469.000000	700.000000	30.963760
1457	-65.000000	2.000000	443.000000	700.000000	30.963760
1458	-65.000000	2.000000	443.000000	700.000000	30.963760
1459	-65.000000	2.000000	377.000000	700.000000	30.963760
1460	-65.000000	2.000000	377.000000	700.000000	30.963760
1461	-65.000000	2.000000	360.000000	700.000000	30.963760
1462	-65.000000	2.000000	360.000000	700.000000	30.963760
1463	-65.000000	2.000000	357.000000	700.000000	30.963760
1464	-65.000000	2.000000	357.000000	700.000000	30.963760
1465	-65.000000	2.000000	357.000000	700.000000	30.963760
1466	-65.000000	2.000000	357.000000	700.000000	30.963760
1467	-65.000000	2.000000	219.000000	700.000000	30.963760
1468	-65.000000	2.000000	219.000000	700.000000	30.963760
1469	-65.000000	2.000000	0.000000	700.000000	30.963760
1470	-65.000000	2.000000	0.000000	700.000000	30.963760
1471	-65.000000	2.000000	0.000000	700.000000	30.963760
1472	-65.000000	2.000000	0.000000	700.000000	30.963760
1473	-65.000000	2.000000	0.000000	700.000000	30.963760
1474	-65.000000	2.000000	0.000000	700.000000	30.963760
1475	-65.000000	2.000000	0.000000	700.000000	30.963760
1476	-65.000000	2.000000	0.000000	700.000000	30.963760
1477	-65.000000	2.000000	0.000000	700.000000	30.963760
1478	-65.000000	2.000000	0.000000	700.000000	30.963760
1479	-65.000000	2.000000	0.000000	700.000000	30.963760
1480	-65.000000	2.000000	0.000000	700.000000	30.963760
1481	-65.000000	2.000000	0.000000	700.000000	30.963760
1482	-65.000000	2.000000	0.000000	700.000000	30.963760
1483	-65.000000	2.000000	0.000000	700.000000	30.963760
1484	-65.000000	2.000000	0.000000	700.000000	30.963760
1485	-65.000000	2.000000	0.000000	700.000000	30.963760
1486	-65.000000	2.000000	0.000000	700.000000	30.963760
1487	-65.000000	2.000000	0.000000	700.000000	30.963760
1488	-65.000000	2.000000	0.000000	700.000000	30.963760
1489	-65.000000	2.000000	0.000000	700.000000	30.963760
1490	-65.000000	2.000000	0.000000	700.000000	30.963760
1491	-65.000000	2.000000	0.000000	700.000000	30.963760
1492	-65.000000	2.000000	0.000000	700.000000	30.963760
1493	-65.000000	2.000000	0.000000	700.000000	30.963760
1494	-65.000000	2.000000	0.000000	700.000000	30.963760
1495	-65.000000	2.000000	0.000000	700.000000	30.963760
1496	-65.000000	2.000000	0.000000	700.000000	30.963760
1497	-65.000000	2.000000	0.000000	700.000000	30.963760
1498	-65.000000	2.000000	0.000000	700.000000	30.963760
1499	-65.000000	2.000000	0.000000	700.000000	30.963760
1500	-65.000000	2.000000	0.000000	700.000000	30.963760
1501	-65.000000	2.000000	0.000000	700.000000	30.963760
1502	-65.000000	2.000000	0.000000	700.000000	30.963760
1503	-65.000000	2.000000	0.000000	700.000000	30.963760
1504	-65.000000	2.000000	0.000000	700.000000	30.963760
1505	-65.000000	2.000000	0.000000	700.000000	30.963760
1506	-65.000000	2.000000	0.000000	700.000000	30.963760
1507	-65.000000	2.000000	0.000000	700.000000	30.963760
1508	-65.000000	2.000000	0.000000	700.000000	30.963760
1509	-65.000000	2.000000	0.000000	700.000000	30.963760
1510	-65.000000	2.000000	0.000000	700.000000	30.963760
1511	-65.000000	2.000000	0.000000	700.000000	30.963760
1512	-65.000000	2.000000	0.000000	700.000000	30.963760
1513	-65.000000	2.000000	0.000000	700.000000	30.963760
1514	-65.000000	2.000000	0.000000	700.000000	30.963760
1515	-65.000000	2.000000	0.000000	700.000000	30.963760
1516	-65.000000	2.000000	0.000000	700.000000	30.963760
1517	-65.000000	2.000000	0.000000	700.000000	30.963760
1518	-65.000000	2.000000	0.000000	700.000000	30.963760
1519	-65.000000	2.000000	0.000000	700.000000	30.963760
1520	-65.000000	2.000000	0.000000	700.000000	30.963760
1521	-65.000000	2.000000	0.000000	700.000000	30.963760
1522	-65.000000	2.000000	0.000000	700.000000	30.963760
1523	-65.000000	2.000000	0.000000	700.000000	30.963760
1524	-65.000000	2.000000	0.000000	700.000000	30.963760
1525	-65.000000	2.000000	0.000000	700.000000	30.963760
1526	-65.000000	2.000000	0.000000	700.000000	30.963760
1527	-65.000000	2.000000	0.000000	700.000000	30.963760
1528	-65.000000	2.000000	0.000000	700.000000	30.963760
1529	-65.000000	2.000000	0.000000	700.000000	30.963760
1530	-65.000000	2.000000	0.000000	700.000000	30.963760
1531	-65.000000	2.000000	0.000000	700.000000	30.963760
1532	-65.000000	2.000000	0.000000	700.000000	30.963760
1533	-65.000000	2.000000	0.000000	700.000000	30.963760
1534	-65.000000	2.000000	0.000000	700.000000	30.963760
1535	-65.000000	2.000000	0.000000	700.000000	30.963760
1536	-65.000000	2.000000	0.000000	700.000000	30.963760
1537	-65.000000	2.000000	0.000000	700.000000	30.963760
1538	-65.000000	2.000000	0.000000	700.000000	30.963760
1539	-65.000000	2.000000	0.000000	700.000000	30.963760
1540	-65.000000	2.000000	0.000000	700.000000	30.963760
1541	-65.000000	2.000000	0.000000	700.000000	30.963760
1542	-65.000000	2.000000	0.000000	700.000000	30.963760
1543	-65.000000	2.000000	0.000000	700.000000	30.963760
1544	-65.000000	2.000000	0.000000	700.000000	30.963760
1545	-65.000000	2.000000	0.000000	700.000000	30.963760
1546	-65.000000	2.000000	0.000000	700.000000	30.963760
1547	-65.000000	2.000000	0.000000	700.000000	30.963760
1548	-65.000000	2.000000	0.000000	700.000000	30.963760
1549	-65.000000	2.000000	0.000000	700.000000	30.963760
1550	-65.000000	2.000000	0.000000	700.000000	30.963760
1551	-65.000000	2.000000	0.000000	700.000000	30.963760
1552	-65.000000	2.000000	0.000000	700.000000	30.963760
1553	-65.000000	2.000000	0.000000	700.000000	30.963760
1554	-65.000000	2.000000	0.000000	700.000000	30.963760
1555	-65.000000	2.000000	0.000000	700.000000	30.963760
1556	-65.000000	2.000000	0.000000	700.000000	30.963760
1557	-65.000000	2.000000	0.000000	700.000000	30.963760
1558	-65.000000	2.000000	0.000000	700.000000	30.963760
1559	-65.000000	2.000000	0.000000	700.000000	30.963760
1560	-65.000000	2.000000	0.000000	700.000000	30.963760
1561	-65.000000	2.000000	0.000000	700.000000	30.963760
1562	-65.000000	2.000000	0.000000	700.000000	30.963760
1563	-65.000000	2.000000	0.000000	700.000000	30.963760
1564	-65.000000	2.000000	0.000000	700.000000	30.963760
1565	-65.000000	2.000000	0.000000	700.000000	30.963760
1566	-65.000000	2.000000	0.000000	700.000000	30.963760
1567	-65.000000	2.000000	0.000000	700.000000	30.963760
1568	-65.000000	2.000000	0.000000	700.000000	30.963760
1569	-65.000000	2.000000	0.000000	700.000000	30.963760
1570	-65.000000	2.000000	0.000000	700.000000	30.963760
1571	-65.000000	2.000000	0.000000	700.000000	30.963760
1572	-65.000000	2.000000	0.000000	700.000000	30.963760
1573	-65.000000	2.000000	0.000000	700.000000	30.963760
1574	-65.000000	2.000000	0.000000	700.000000	30.963760
1575	-65.000000	2.000000	0.000000	700.000000	30.963760
1576	-65.000000	2.000000	0.000000	700.000000	30.963760
1577	-65.000000	2.000000	0.000000	700.000000	30.963760
1578	-65.000000	2.000000	0.000000	700.000000	30.963760
1579	-65.000000	2.000000	0.000000	700.000000	30.963760
1580	-65.000000	2.000000	0.000000	700.000000	30.963760
1581	-65.000000	2.000000	0.000000	700.000000	30.963760
1582	-65.000000	2.000000	0.000000	700.000000	30.963760
1583	-65.000000	2.000000	0.000000	700.000000	30.963760
1584	-65.000000	2.000000	0.000000	700.000000	30.963760
1585	-65.000000	2.000000	0.000000	700.000000	30.963760
1586	-65.000000	2.000000	0.000000	700.000000	30.963760
1587	-65.000000	2.000000	0.000000	700.000000	30.963760
1588	-65.000000	2.000000	0.000000	700.000000	30.963760
1589	-65.000000	2.000000	0.000000	700.000000	30.963760
1590	-65.000000	2.000000	0.000000	700.000000	30.963760
1591	-65.000000	2.000000	0.000000	700.000000	30.963760
1592	-65.000000	2.000000	0.000000	700.000000	30.963760
1593	-65.000000	2.000000	0.000000	700.000000	30.963760
1594	-65.000000	2.000000	0.000000	700.000000	30.963760
1595	-65.000000	2.000000	0.000000	700.000000	30.963760
1596	-65.000000	2.000000	0.000000	700.000000	30.963760
1597	-65.000000	2.000000	0.000000	700.000000	30.963760
1598	-65.000000	2.000000	0.000000	700.000000	30.963760
1599	-65.000000	2.000000	0.000000	700.000000	30.963760
1600	-65.000000	2.000000	0.000000	700.000000	30.963760
1601	-65.000000	2.000000	0.000000	700.000000	30.963760
1602	-65.000000	2.000000	0.000000	700.000000	30.963760
1603	-65.000000	2.000000	0.000000	700.000000	30.963760
1604	-65.000000	2.000000	0.000000	700.000000	30.963760
1605	-65.000000	2.000000	0.000000	700.000000	30.963760
1606	-65.000000	2.000000	0.000000	700.000000	30.963760
1607	-65.000000	2.000000	0.000000	700.000000	30.963760
1608	-65.000000	2.000000	0.000000	700.000000	30.963760
1609	-65.000000	2.000000	0.000000	700.000000	30.963760
1610	-65.000000	2.000000	0.000000	700.000000	30.963760
1611	-65.000000	2.000000	0.000000	700.000000	30.963760
1612	-65.000000	2.000000	0.000000	700.000000	30.963760
1613	-65.000000	2.000000	0.000000	700.000000	30.963760
1614	-65.000000	2.000000	0.000000	700.000000	30.963760
1615	-65.000000	2.000000	0.000000	700.000000	30.963760
1616	-65.000000	2.000000	0.000000	700.000000	30.963760
1617	-65.000000	2.000000	0.000000	700.000000	30.963760
1618	-65.000000	2.000000	0.000000	700.000000	30.963760
1619	-65.000000	2.000000	0.000000	700.000000	30.963760
1620	-65.000000	2.000000	0.000000	700.000000	30.963760
1621	-65.000000	2.000000	0.000000	700.000000	30.963760
1622	-65.000000	2.000000	0.000000	700.000000	30.963760
1623	-65.000000	2.000000	0.000000	700.000000	30.963760
1624	-65.000000	2.000000	0.000000	700.000000	30.963760
1625	-65.000000	2.000000	0.000000	700.000000	30.963760
1626	-65.000000	2.000000	0.000000	700.000000	30.963760
1627	-65.000000	2.000000	0.000000	700.000000	30.963760
1628	-65.000000	2.000000	0.000000	700.000000	30.963760
1629	-65.000000	2.000000	0.000000	700.000000	30.963760
1630	-65.000000	2.000000	0.000000	700.000000	30.963760
1631	-65.000000	2.000000	0.000000	700.000000	30.963760
1632	-65.000000	2.000000	0.000000	700.000000	30.963760
1633	-65.000000	2.000000	0.000000	700.000000	30.963760
1634	-65.000000	2.000000	0.000000	700.000000	30.963760
1635	-65.000000	2.000000	0.000000	700.000000	30.963760
1636	-65.000000	2.000000	0.000000	700.000000	30.963760
1637	-65.000000	2.000000	0.000000	700.000000	30.963760
1638	-65.000000	2.000000	0.000000	700.000000	30.963760
1639	-65.000000	2.000000	0.000000	700.000000	30.963760
1640	-65.000000	2.000000	0.000000	700.000000	30.963760
1641	-65.000000	2.000000	0.000000	700.000000	30.963760
1642	-65.000000	2.000000	0.000000	700.000000	30.963760
1643	-65.000000	2.000000	0.000000	700.000000	30.963760
1644	-65.000000	2.000000	0.000000	700.000000	30.963760
1645	-65.000000	2.000000	0.000000	700.000000	30.963760
1646	-65.000000	2.000000	0.000000	700.000000	30.963760
1647	-65.000000	2.000000	0.000000	700.000000	30.963760
1648	-65.000000	2.000000	0.000000	700.000000	30.963760
1649	-65.000000	2.000000	0.000000	700.000000	30.963760
1650	-65.000000	2.000000	0.000000	700.000000	30.963760
1651	-65.000000	2.000000	0.000000	700.000000	30.963760
1652	-65.000000	2.000000	0.000000	700.000000	30.963760
1653	-65.000000	2.000000	0.000000	700.000000	30.963760
1654	-65.000000	2.000000	0.000000	700.000000	30.963760
1655	-65.000000	2.000000	0.000000	700.000000	30.963760
1656	-65.000000	2.000000	0.000000	700.000000	30.963760
1657	-65.000000	2.000000	0.000000	700.000000	30.963760
1658	-65.000000	2.000000	0.000000	700.000000	30.963760
1659	-65.000000	2.000000	0.000000	700.000000	30.963760
1660	-65.000000	2.000000	0.000000	700.000000	30.963760
1661	-65.000000	2.000000	0.000000	700.000000	30.963760
1662	-65.000000	2.000000	0.000000	700.000000	30.963760
1663	-65.000000	2.000000	0.000000	700.000000	30.963760
1664	-65.000000	2.000000	0.000000	700.000000	30.963760
1665	-65.000000	2.000000	0.000000	700.000000	30.963760
1666	-65.000000	2.000000	0.000000	700.000000	30.963760
1667	-65.000000	2.000000	0.000000	700.000000	30.963760
1668	-65.000000	2.000000	0.000000	700.000000	30.963760
1669	-65.000000	2.000000	0.000000	700.000000	30.963760
1670	-65.000000	2.000000	0.000000	700.000000	30.963760
1671	-65.000000	2.000000	0.000000	700.000000	30.963760
1672	-65.000000	2.000000	0.000000	700.000000	30.963760
1673	-65.000000	2.000000	0.000000	700.000000	30.963760
1674	-65.000000	2.000000	0.000000	700.000000	30.963760
1675	-65.000000	2.000000	0.000000	700.000000	30.963760
1676	-65.000000	2.000000	0.000000	700.000000	30.963760
1677	-65.000000	2.000000	0.000000	700.000000	30.963760
1678	-65.000000	2.000000	0.000000	700.000000	30.963760
1679	-65.000000	2.000000	0.000000	700.000000	30.963760
1680	-65.000000	2.000000	0.000000	700.000000	30.963760
1681	-65.000000	2.000000	0.000000	700.000000	30.963760
1682	-65.000000	2.000000	0.000000	700.000000	30.963760
1683	-65.000000	2.000000	0.000000	700.000000	30.963760
1684	-65.000000	2.000000	0.000000	700.000000	30.963760
1685	-65.000000	2.000000	0.000000	700.000000	30.963760
1686	-65.000000	2.000000	0.000000	700.000000	30.963760
1687	-65.000000	2.000000	0.000000	700.000000	30.963760
1688	-65.000000	2.000000	0.000000	700.000000	30.963760
1689	-65.000000	2.000000	0.000000	700.000000	30.963760
1690	-65.000000	2.000000	0.000000	700.000000	30.963760
1691	-65.000000	2.000000	0.000000	700.000000	30.963760
1692	-65.000000	2.000000	0.000000	700.000000	30.963760
1693	-65.000000	2.000000	0.000000	700.000000	30.963760
1694	-65.000000	2.000000	0.000000	700.000000	30.963760
1695	-65.000000	2.000000	0.000000	700.000000	30.963760
1696	-65.000000	2.000000	0.000000	700.000000	30.963760
1697	-65.000000	2.000000	0.000000	700.000000	30.963760
1698	-65.000000	2.000000	0.000000	700.000000	30.963760
1699	-65.000000	2.000000	0.000000	700.000000	30.963760
1700	-65.000000	2.000000	0.000000	700.000000	30.963760
1701	-65.000000	2.000000	0.000000	700.000000	30.963760
1702	-65.000000	2.000000	0.000000	700.000000	30.963760
1703	-65.000000	2.000000	0.000000	700.000000	30.963760
1704	-65.000000	2.000000	0.000000	700.000000	30.963760
1705	-65.000000	2.000000	0.000000	700.000000	30.963760
1706	-65.000000	2.000000	0.000000	700.000000	30.963760
1707	-65.000000	2.000000	0.000000	700.000000	30.963760
1708	-65.000000	2.000000	0.000000	700.000000	30.963760
1709	-65.000000	2.000000	0.000000	700.000000	30.963760
1710	-65.000000	2.000000	0.000000	700.000000	30.963760
1711	-65.000000	2.000000	0.000000	700.000000	30.963760
1712	-65.000000	2.000000	0.000000	700.000000	30.963760
1713	-65.000000	2.000000	0.000000	700.000000	30.963760
