#	Proyecto: Control de un Quadrotor por VA
#	Datos para la gráfica en GNUplot.

#	Error X	    	Error Y	 	Altura		Alt. Ref	Yaw
0	0.000000	0.000000	0.000000	700.000000	0.000000
1	0.000000	0.000000	0.000000	700.000000	0.000000
2	0.000000	0.000000	0.000000	700.000000	0.000000
3	0.000000	0.000000	0.000000	700.000000	0.000000
4	0.000000	0.000000	0.000000	700.000000	0.000000
5	0.000000	0.000000	0.000000	700.000000	0.000000
6	0.000000	0.000000	0.000000	700.000000	0.000000
7	0.000000	0.000000	0.000000	700.000000	0.000000
8	0.000000	0.000000	0.000000	700.000000	0.000000
9	0.000000	0.000000	0.000000	700.000000	0.000000
10	0.000000	0.000000	0.000000	700.000000	0.000000
11	0.000000	0.000000	0.000000	700.000000	0.000000
12	0.000000	0.000000	0.000000	700.000000	0.000000
13	0.000000	0.000000	0.000000	700.000000	0.000000
14	0.000000	0.000000	0.000000	700.000000	0.000000
15	0.000000	0.000000	0.000000	700.000000	0.000000
16	0.000000	0.000000	0.000000	700.000000	0.000000
17	0.000000	0.000000	0.000000	700.000000	0.000000
18	0.000000	0.000000	0.000000	700.000000	0.000000
19	0.000000	0.000000	0.000000	700.000000	0.000000
20	0.000000	0.000000	0.000000	700.000000	0.000000
21	0.000000	0.000000	0.000000	700.000000	0.000000
22	0.000000	0.000000	0.000000	700.000000	0.000000
23	0.000000	0.000000	0.000000	700.000000	0.000000
24	0.000000	0.000000	0.000000	700.000000	0.000000
25	0.000000	0.000000	0.000000	700.000000	0.000000
26	0.000000	0.000000	0.000000	700.000000	0.000000
27	0.000000	0.000000	0.000000	700.000000	0.000000
28	0.000000	0.000000	0.000000	700.000000	0.000000
29	0.000000	0.000000	0.000000	700.000000	0.000000
30	0.000000	0.000000	0.000000	700.000000	0.000000
31	0.000000	0.000000	0.000000	700.000000	0.000000
32	0.000000	0.000000	0.000000	700.000000	0.000000
33	0.000000	0.000000	0.000000	700.000000	0.000000
34	0.000000	0.000000	0.000000	700.000000	0.000000
35	0.000000	0.000000	0.000000	700.000000	0.000000
36	0.000000	0.000000	0.000000	700.000000	0.000000
37	0.000000	0.000000	0.000000	700.000000	0.000000
38	0.000000	0.000000	0.000000	700.000000	0.000000
39	0.000000	0.000000	0.000000	700.000000	0.000000
40	0.000000	0.000000	0.000000	700.000000	0.000000
41	0.000000	0.000000	0.000000	700.000000	0.000000
42	0.000000	0.000000	0.000000	700.000000	0.000000
43	0.000000	0.000000	0.000000	700.000000	0.000000
44	0.000000	0.000000	0.000000	700.000000	0.000000
45	0.000000	0.000000	0.000000	700.000000	0.000000
46	0.000000	0.000000	0.000000	700.000000	0.000000
47	0.000000	0.000000	0.000000	700.000000	0.000000
48	0.000000	0.000000	0.000000	700.000000	0.000000
49	0.000000	0.000000	0.000000	700.000000	0.000000
50	0.000000	0.000000	0.000000	700.000000	0.000000
51	0.000000	0.000000	220.000000	700.000000	0.000000
52	0.000000	0.000000	220.000000	700.000000	0.000000
53	0.000000	0.000000	220.000000	700.000000	0.000000
54	0.000000	0.000000	220.000000	700.000000	0.000000
55	0.000000	0.000000	220.000000	700.000000	0.000000
56	0.000000	0.000000	220.000000	700.000000	0.000000
57	0.000000	0.000000	220.000000	700.000000	0.000000
58	0.000000	0.000000	220.000000	700.000000	0.000000
59	0.000000	0.000000	220.000000	700.000000	0.000000
60	0.000000	0.000000	220.000000	700.000000	0.000000
61	0.000000	0.000000	220.000000	700.000000	0.000000
62	0.000000	0.000000	220.000000	700.000000	0.000000
63	0.000000	0.000000	220.000000	700.000000	0.000000
64	0.000000	0.000000	220.000000	700.000000	0.000000
65	0.000000	0.000000	220.000000	700.000000	0.000000
66	0.000000	0.000000	220.000000	700.000000	0.000000
67	0.000000	0.000000	220.000000	700.000000	0.000000
68	0.000000	0.000000	220.000000	700.000000	0.000000
69	0.000000	0.000000	220.000000	700.000000	0.000000
70	0.000000	0.000000	220.000000	700.000000	0.000000
71	0.000000	0.000000	220.000000	700.000000	0.000000
72	0.000000	0.000000	220.000000	700.000000	0.000000
73	0.000000	0.000000	220.000000	700.000000	0.000000
74	0.000000	0.000000	220.000000	700.000000	0.000000
75	0.000000	0.000000	220.000000	700.000000	0.000000
76	0.000000	0.000000	220.000000	700.000000	0.000000
77	0.000000	0.000000	220.000000	700.000000	0.000000
78	0.000000	0.000000	220.000000	700.000000	0.000000
79	0.000000	0.000000	220.000000	700.000000	0.000000
80	0.000000	0.000000	220.000000	700.000000	0.000000
81	0.000000	0.000000	220.000000	700.000000	0.000000
82	0.000000	0.000000	220.000000	700.000000	0.000000
83	0.000000	0.000000	220.000000	700.000000	0.000000
84	0.000000	0.000000	220.000000	700.000000	0.000000
85	0.000000	0.000000	220.000000	700.000000	0.000000
86	0.000000	0.000000	220.000000	700.000000	0.000000
87	0.000000	0.000000	220.000000	700.000000	0.000000
88	0.000000	0.000000	220.000000	700.000000	0.000000
89	0.000000	0.000000	220.000000	700.000000	0.000000
90	0.000000	0.000000	220.000000	700.000000	0.000000
91	0.000000	0.000000	220.000000	700.000000	0.000000
92	0.000000	0.000000	220.000000	700.000000	0.000000
93	0.000000	0.000000	220.000000	700.000000	0.000000
94	0.000000	0.000000	220.000000	700.000000	0.000000
95	0.000000	0.000000	220.000000	700.000000	0.000000
96	0.000000	0.000000	220.000000	700.000000	0.000000
97	0.000000	0.000000	220.000000	700.000000	0.000000
98	0.000000	0.000000	220.000000	700.000000	0.000000
99	0.000000	0.000000	220.000000	700.000000	0.000000
100	0.000000	0.000000	220.000000	700.000000	0.000000
101	0.000000	0.000000	220.000000	700.000000	0.000000
102	0.000000	0.000000	220.000000	700.000000	0.000000
103	0.000000	0.000000	220.000000	700.000000	0.000000
104	0.000000	0.000000	220.000000	700.000000	0.000000
105	0.000000	0.000000	220.000000	700.000000	0.000000
106	0.000000	0.000000	220.000000	700.000000	0.000000
107	0.000000	0.000000	220.000000	700.000000	0.000000
108	0.000000	0.000000	220.000000	700.000000	0.000000
109	0.000000	0.000000	220.000000	700.000000	0.000000
110	0.000000	0.000000	220.000000	700.000000	0.000000
111	0.000000	0.000000	220.000000	700.000000	0.000000
112	0.000000	0.000000	220.000000	700.000000	0.000000
113	0.000000	0.000000	220.000000	700.000000	0.000000
114	0.000000	0.000000	220.000000	700.000000	0.000000
115	0.000000	0.000000	220.000000	700.000000	0.000000
116	0.000000	0.000000	220.000000	700.000000	0.000000
117	0.000000	0.000000	220.000000	700.000000	0.000000
118	0.000000	0.000000	220.000000	700.000000	0.000000
119	0.000000	0.000000	220.000000	700.000000	0.000000
120	0.000000	0.000000	220.000000	700.000000	0.000000
121	0.000000	0.000000	220.000000	700.000000	0.000000
122	0.000000	0.000000	220.000000	700.000000	0.000000
123	0.000000	0.000000	220.000000	700.000000	0.000000
124	0.000000	0.000000	220.000000	700.000000	0.000000
125	0.000000	0.000000	220.000000	700.000000	0.000000
126	0.000000	0.000000	220.000000	700.000000	0.000000
127	0.000000	0.000000	220.000000	700.000000	0.000000
128	0.000000	0.000000	220.000000	700.000000	0.000000
129	0.000000	0.000000	220.000000	700.000000	0.000000
130	0.000000	0.000000	220.000000	700.000000	0.000000
131	0.000000	0.000000	220.000000	700.000000	0.000000
132	0.000000	0.000000	220.000000	700.000000	0.000000
133	0.000000	0.000000	220.000000	700.000000	0.000000
134	0.000000	0.000000	220.000000	700.000000	0.000000
135	0.000000	0.000000	220.000000	700.000000	0.000000
136	0.000000	0.000000	220.000000	700.000000	0.000000
137	0.000000	0.000000	220.000000	700.000000	0.000000
138	0.000000	0.000000	220.000000	700.000000	0.000000
139	0.000000	0.000000	220.000000	700.000000	0.000000
140	0.000000	0.000000	220.000000	700.000000	0.000000
141	0.000000	0.000000	220.000000	700.000000	0.000000
142	0.000000	0.000000	0.000000	700.000000	0.000000
143	0.000000	0.000000	0.000000	700.000000	0.000000
144	0.000000	0.000000	0.000000	700.000000	0.000000
145	0.000000	0.000000	0.000000	700.000000	0.000000
146	0.000000	0.000000	0.000000	700.000000	0.000000
147	0.000000	0.000000	0.000000	700.000000	0.000000
148	0.000000	0.000000	0.000000	700.000000	0.000000
149	0.000000	0.000000	0.000000	700.000000	0.000000
150	0.000000	0.000000	0.000000	700.000000	0.000000
151	0.000000	0.000000	0.000000	700.000000	0.000000
152	0.000000	0.000000	0.000000	700.000000	0.000000
153	0.000000	0.000000	0.000000	700.000000	0.000000
154	0.000000	0.000000	0.000000	700.000000	0.000000
155	0.000000	0.000000	0.000000	700.000000	0.000000
156	0.000000	0.000000	0.000000	700.000000	0.000000
157	0.000000	0.000000	0.000000	700.000000	0.000000
158	0.000000	0.000000	0.000000	700.000000	0.000000
159	0.000000	0.000000	0.000000	700.000000	0.000000
160	0.000000	0.000000	0.000000	700.000000	0.000000
161	0.000000	0.000000	0.000000	700.000000	0.000000
162	0.000000	0.000000	0.000000	700.000000	0.000000
163	0.000000	0.000000	0.000000	700.000000	0.000000
164	0.000000	0.000000	0.000000	700.000000	0.000000
165	0.000000	0.000000	0.000000	700.000000	0.000000
166	0.000000	0.000000	0.000000	700.000000	0.000000
167	0.000000	0.000000	0.000000	700.000000	0.000000
168	0.000000	0.000000	0.000000	700.000000	0.000000
169	0.000000	0.000000	0.000000	700.000000	0.000000
170	0.000000	0.000000	0.000000	700.000000	0.000000
171	0.000000	0.000000	0.000000	700.000000	0.000000
172	0.000000	0.000000	0.000000	700.000000	0.000000
173	0.000000	0.000000	0.000000	700.000000	0.000000
174	0.000000	0.000000	0.000000	700.000000	0.000000
175	0.000000	0.000000	0.000000	700.000000	0.000000
176	0.000000	0.000000	0.000000	700.000000	0.000000
177	0.000000	0.000000	0.000000	700.000000	0.000000
178	0.000000	0.000000	0.000000	700.000000	0.000000
179	0.000000	0.000000	0.000000	700.000000	0.000000
180	0.000000	0.000000	0.000000	700.000000	0.000000
181	0.000000	0.000000	0.000000	700.000000	0.000000
182	0.000000	0.000000	0.000000	700.000000	0.000000
183	0.000000	0.000000	0.000000	700.000000	0.000000
184	0.000000	0.000000	0.000000	700.000000	0.000000
185	0.000000	0.000000	0.000000	700.000000	0.000000
186	0.000000	0.000000	0.000000	700.000000	0.000000
187	0.000000	0.000000	0.000000	700.000000	0.000000
188	0.000000	0.000000	0.000000	700.000000	0.000000
189	0.000000	0.000000	0.000000	700.000000	0.000000
190	0.000000	0.000000	0.000000	700.000000	0.000000
191	0.000000	0.000000	0.000000	700.000000	0.000000
192	0.000000	0.000000	0.000000	700.000000	0.000000
193	0.000000	0.000000	0.000000	700.000000	0.000000
194	0.000000	0.000000	0.000000	700.000000	0.000000
195	0.000000	0.000000	0.000000	700.000000	0.000000
196	0.000000	0.000000	0.000000	700.000000	0.000000
197	0.000000	0.000000	0.000000	700.000000	0.000000
198	0.000000	0.000000	0.000000	700.000000	0.000000
199	0.000000	0.000000	0.000000	700.000000	0.000000
200	0.000000	0.000000	0.000000	700.000000	0.000000
201	0.000000	0.000000	0.000000	700.000000	0.000000
202	0.000000	0.000000	0.000000	700.000000	0.000000
203	0.000000	0.000000	0.000000	700.000000	0.000000
204	0.000000	0.000000	0.000000	700.000000	0.000000
205	0.000000	0.000000	0.000000	700.000000	0.000000
206	0.000000	0.000000	0.000000	700.000000	0.000000
207	0.000000	0.000000	0.000000	700.000000	0.000000
208	0.000000	0.000000	0.000000	700.000000	0.000000
209	0.000000	0.000000	0.000000	700.000000	0.000000
210	0.000000	0.000000	0.000000	700.000000	0.000000
211	0.000000	0.000000	0.000000	700.000000	0.000000
212	0.000000	0.000000	0.000000	700.000000	0.000000
213	0.000000	0.000000	-1.000000	700.000000	0.000000
214	0.000000	0.000000	-1.000000	700.000000	0.000000
215	0.000000	0.000000	-1.000000	700.000000	0.000000
216	0.000000	0.000000	-1.000000	700.000000	0.000000
217	0.000000	0.000000	-1.000000	700.000000	0.000000
218	0.000000	0.000000	-1.000000	700.000000	0.000000
219	0.000000	0.000000	-2.000000	700.000000	0.000000
220	0.000000	0.000000	-2.000000	700.000000	0.000000
221	0.000000	0.000000	-2.000000	700.000000	0.000000
222	0.000000	0.000000	-2.000000	700.000000	0.000000
223	0.000000	0.000000	-2.000000	700.000000	0.000000
224	0.000000	0.000000	-2.000000	700.000000	0.000000
225	0.000000	0.000000	-1.000000	700.000000	0.000000
226	0.000000	0.000000	-1.000000	700.000000	0.000000
227	0.000000	0.000000	-1.000000	700.000000	0.000000
228	0.000000	0.000000	-1.000000	700.000000	0.000000
229	0.000000	0.000000	-1.000000	700.000000	0.000000
230	0.000000	0.000000	-1.000000	700.000000	0.000000
231	0.000000	0.000000	-2.000000	700.000000	0.000000
232	0.000000	0.000000	-2.000000	700.000000	0.000000
233	0.000000	0.000000	-2.000000	700.000000	0.000000
234	0.000000	0.000000	-2.000000	700.000000	0.000000
235	0.000000	0.000000	-2.000000	700.000000	0.000000
236	0.000000	0.000000	-2.000000	700.000000	0.000000
237	0.000000	0.000000	-2.000000	700.000000	0.000000
238	0.000000	0.000000	-2.000000	700.000000	0.000000
239	0.000000	0.000000	-2.000000	700.000000	0.000000
240	0.000000	0.000000	-2.000000	700.000000	0.000000
241	0.000000	0.000000	-2.000000	700.000000	0.000000
242	0.000000	0.000000	-2.000000	700.000000	0.000000
243	0.000000	0.000000	-2.000000	700.000000	0.000000
244	0.000000	0.000000	-2.000000	700.000000	0.000000
245	0.000000	0.000000	-2.000000	700.000000	0.000000
246	0.000000	0.000000	-2.000000	700.000000	0.000000
247	0.000000	0.000000	-1.000000	700.000000	0.000000
248	0.000000	0.000000	-1.000000	700.000000	0.000000
249	0.000000	0.000000	-2.000000	700.000000	0.000000
250	0.000000	0.000000	-2.000000	700.000000	0.000000
251	0.000000	0.000000	-2.000000	700.000000	0.000000
252	0.000000	0.000000	-2.000000	700.000000	0.000000
253	0.000000	0.000000	-2.000000	700.000000	0.000000
254	0.000000	0.000000	-2.000000	700.000000	0.000000
255	0.000000	0.000000	-2.000000	700.000000	0.000000
256	0.000000	0.000000	-2.000000	700.000000	0.000000
257	0.000000	0.000000	-2.000000	700.000000	0.000000
258	0.000000	0.000000	-2.000000	700.000000	0.000000
259	0.000000	0.000000	-2.000000	700.000000	0.000000
260	0.000000	0.000000	-2.000000	700.000000	0.000000
261	0.000000	0.000000	-2.000000	700.000000	0.000000
262	0.000000	0.000000	-2.000000	700.000000	0.000000
263	0.000000	0.000000	-2.000000	700.000000	0.000000
264	0.000000	0.000000	-2.000000	700.000000	0.000000
265	0.000000	0.000000	-2.000000	700.000000	0.000000
266	0.000000	0.000000	-2.000000	700.000000	0.000000
267	0.000000	0.000000	-2.000000	700.000000	0.000000
268	0.000000	0.000000	-2.000000	700.000000	0.000000
269	0.000000	0.000000	-2.000000	700.000000	0.000000
270	0.000000	0.000000	-2.000000	700.000000	0.000000
271	0.000000	0.000000	-2.000000	700.000000	0.000000
272	0.000000	0.000000	-2.000000	700.000000	0.000000
273	0.000000	0.000000	-2.000000	700.000000	0.000000
274	0.000000	0.000000	-2.000000	700.000000	0.000000
275	0.000000	0.000000	-2.000000	700.000000	0.000000
276	0.000000	0.000000	-2.000000	700.000000	0.000000
277	0.000000	0.000000	-2.000000	700.000000	0.000000
278	0.000000	0.000000	-2.000000	700.000000	0.000000
279	0.000000	0.000000	-2.000000	700.000000	0.000000
280	0.000000	0.000000	-2.000000	700.000000	0.000000
281	0.000000	0.000000	-2.000000	700.000000	0.000000
282	0.000000	0.000000	-2.000000	700.000000	0.000000
283	0.000000	0.000000	-2.000000	700.000000	0.000000
284	0.000000	0.000000	-2.000000	700.000000	0.000000
285	0.000000	0.000000	-2.000000	700.000000	0.000000
286	0.000000	0.000000	-2.000000	700.000000	0.000000
287	0.000000	0.000000	-2.000000	700.000000	0.000000
288	0.000000	0.000000	-2.000000	700.000000	0.000000
289	0.000000	0.000000	-2.000000	700.000000	0.000000
290	0.000000	0.000000	-2.000000	700.000000	0.000000
291	0.000000	0.000000	-2.000000	700.000000	0.000000
292	0.000000	0.000000	-2.000000	700.000000	0.000000
293	0.000000	0.000000	-2.000000	700.000000	0.000000
294	0.000000	0.000000	-2.000000	700.000000	0.000000
295	0.000000	0.000000	-1.000000	700.000000	0.000000
296	0.000000	0.000000	-1.000000	700.000000	0.000000
297	0.000000	0.000000	11.000000	700.000000	0.000000
298	0.000000	0.000000	11.000000	700.000000	0.000000
299	0.000000	0.000000	-2.000000	700.000000	0.000000
300	0.000000	0.000000	-2.000000	700.000000	0.000000
301	0.000000	0.000000	-2.000000	700.000000	0.000000
302	0.000000	0.000000	-2.000000	700.000000	0.000000
303	0.000000	0.000000	-5.000000	700.000000	0.000000
304	0.000000	0.000000	-5.000000	700.000000	0.000000
305	0.000000	0.000000	-4.000000	700.000000	0.000000
306	0.000000	0.000000	-4.000000	700.000000	0.000000
307	0.000000	0.000000	-4.000000	700.000000	0.000000
308	0.000000	0.000000	-4.000000	700.000000	0.000000
309	0.000000	0.000000	0.000000	700.000000	0.000000
310	0.000000	0.000000	0.000000	700.000000	0.000000
311	0.000000	0.000000	0.000000	700.000000	0.000000
312	0.000000	0.000000	0.000000	700.000000	0.000000
313	0.000000	0.000000	0.000000	700.000000	0.000000
314	0.000000	0.000000	0.000000	700.000000	0.000000
315	0.000000	0.000000	0.000000	700.000000	0.000000
316	0.000000	0.000000	0.000000	700.000000	0.000000
317	0.000000	0.000000	0.000000	700.000000	0.000000
318	0.000000	0.000000	0.000000	700.000000	0.000000
319	0.000000	0.000000	-2.000000	700.000000	0.000000
320	0.000000	0.000000	-2.000000	700.000000	0.000000
321	0.000000	0.000000	29.000000	700.000000	0.000000
322	0.000000	0.000000	29.000000	700.000000	0.000000
323	0.000000	0.000000	-2.000000	700.000000	0.000000
324	0.000000	0.000000	-2.000000	700.000000	0.000000
325	0.000000	0.000000	-1.000000	700.000000	0.000000
326	0.000000	0.000000	-1.000000	700.000000	0.000000
327	0.000000	0.000000	-1.000000	700.000000	0.000000
328	0.000000	0.000000	-1.000000	700.000000	0.000000
329	0.000000	0.000000	-2.000000	700.000000	0.000000
330	0.000000	0.000000	-2.000000	700.000000	0.000000
331	0.000000	0.000000	-2.000000	700.000000	0.000000
332	0.000000	0.000000	-2.000000	700.000000	0.000000
333	0.000000	0.000000	-1.000000	700.000000	0.000000
334	0.000000	0.000000	-1.000000	700.000000	0.000000
335	0.000000	0.000000	-1.000000	700.000000	0.000000
336	0.000000	0.000000	-1.000000	700.000000	0.000000
337	0.000000	0.000000	0.000000	700.000000	0.000000
338	0.000000	0.000000	0.000000	700.000000	0.000000
339	0.000000	0.000000	1.000000	700.000000	0.000000
340	0.000000	0.000000	1.000000	700.000000	0.000000
341	0.000000	0.000000	7.000000	700.000000	0.000000
342	0.000000	0.000000	7.000000	700.000000	0.000000
343	0.000000	0.000000	11.000000	700.000000	0.000000
344	0.000000	0.000000	11.000000	700.000000	0.000000
345	0.000000	0.000000	17.000000	700.000000	0.000000
346	0.000000	0.000000	17.000000	700.000000	0.000000
347	0.000000	0.000000	27.000000	700.000000	0.000000
348	0.000000	0.000000	27.000000	700.000000	0.000000
349	0.000000	0.000000	39.000000	700.000000	0.000000
350	0.000000	0.000000	39.000000	700.000000	0.000000
351	0.000000	0.000000	55.000000	700.000000	0.000000
352	0.000000	0.000000	55.000000	700.000000	0.000000
353	0.000000	0.000000	75.000000	700.000000	0.000000
354	0.000000	0.000000	75.000000	700.000000	0.000000
355	0.000000	0.000000	99.000000	700.000000	0.000000
356	0.000000	0.000000	99.000000	700.000000	0.000000
357	0.000000	0.000000	118.000000	700.000000	0.000000
358	0.000000	0.000000	118.000000	700.000000	0.000000
359	0.000000	0.000000	139.000000	700.000000	0.000000
360	0.000000	0.000000	139.000000	700.000000	0.000000
361	0.000000	0.000000	164.000000	700.000000	0.000000
362	0.000000	0.000000	164.000000	700.000000	0.000000
363	18.000000	-10.000000	189.000000	700.000000	-56.309929
364	18.000000	-10.000000	189.000000	700.000000	-56.309929
365	18.000000	-10.000000	189.000000	700.000000	-56.309929
366	18.000000	-10.000000	203.000000	700.000000	-56.309929
367	18.000000	-10.000000	218.000000	700.000000	-56.309929
368	18.000000	-10.000000	218.000000	700.000000	-56.309929
369	18.000000	-10.000000	239.000000	700.000000	-56.309929
370	18.000000	-10.000000	239.000000	700.000000	-56.309929
371	18.000000	-10.000000	254.000000	700.000000	-56.309929
372	18.000000	-10.000000	254.000000	700.000000	-56.309929
373	18.000000	-10.000000	270.000000	700.000000	-56.309929
374	18.000000	-10.000000	270.000000	700.000000	-56.309929
375	18.000000	-10.000000	287.000000	700.000000	-56.309929
376	18.000000	-10.000000	287.000000	700.000000	-56.309929
377	18.000000	-10.000000	309.000000	700.000000	-56.309929
378	18.000000	-10.000000	309.000000	700.000000	-56.309929
379	18.000000	-10.000000	321.000000	700.000000	-56.309929
380	18.000000	-10.000000	321.000000	700.000000	-56.309929
381	18.000000	-10.000000	349.000000	700.000000	-56.309929
382	18.000000	-10.000000	349.000000	700.000000	-56.309929
383	18.000000	-10.000000	416.000000	700.000000	-56.309929
384	18.000000	-10.000000	416.000000	700.000000	-56.309929
385	18.000000	-10.000000	378.000000	700.000000	-56.309929
386	18.000000	-10.000000	378.000000	700.000000	-56.309929
387	18.000000	-10.000000	369.000000	700.000000	-56.309929
388	18.000000	-10.000000	369.000000	700.000000	-56.309929
389	18.000000	-10.000000	395.000000	700.000000	-56.309929
390	18.000000	-10.000000	395.000000	700.000000	-56.309929
391	18.000000	-10.000000	384.000000	700.000000	-56.309929
392	18.000000	-10.000000	384.000000	700.000000	-56.309929
393	18.000000	-10.000000	410.000000	700.000000	-56.309929
394	18.000000	-10.000000	410.000000	700.000000	-56.309929
395	18.000000	-10.000000	398.000000	700.000000	-56.309929
396	18.000000	-10.000000	398.000000	700.000000	-56.309929
397	18.000000	-10.000000	401.000000	700.000000	-56.309929
398	18.000000	-10.000000	401.000000	700.000000	-56.309929
399	18.000000	-10.000000	415.000000	700.000000	-56.309929
400	18.000000	-10.000000	415.000000	700.000000	-56.309929
401	18.000000	-10.000000	417.000000	700.000000	-56.309929
402	18.000000	-10.000000	417.000000	700.000000	-56.309929
403	18.000000	-10.000000	485.000000	700.000000	-56.309929
404	18.000000	-10.000000	485.000000	700.000000	-56.309929
405	18.000000	-10.000000	431.000000	700.000000	-56.309929
406	18.000000	-10.000000	431.000000	700.000000	-56.309929
407	18.000000	-10.000000	416.000000	700.000000	-56.309929
408	18.000000	-10.000000	416.000000	700.000000	-56.309929
409	18.000000	-10.000000	458.000000	700.000000	-56.309929
410	18.000000	-10.000000	458.000000	700.000000	-56.309929
411	18.000000	-10.000000	432.000000	700.000000	-56.309929
412	18.000000	-10.000000	432.000000	700.000000	-56.309929
413	18.000000	-10.000000	486.000000	700.000000	-56.309929
414	18.000000	-10.000000	486.000000	700.000000	-56.309929
415	18.000000	-10.000000	480.000000	700.000000	-56.309929
416	18.000000	-10.000000	480.000000	700.000000	-56.309929
417	18.000000	-10.000000	473.000000	700.000000	-56.309929
418	18.000000	-10.000000	473.000000	700.000000	-56.309929
419	18.000000	-10.000000	468.000000	700.000000	-56.309929
420	18.000000	-10.000000	468.000000	700.000000	-56.309929
421	18.000000	-10.000000	501.000000	700.000000	-56.309929
422	18.000000	-10.000000	501.000000	700.000000	-56.309929
423	18.000000	-10.000000	761.000000	700.000000	-56.309929
424	18.000000	-10.000000	761.000000	700.000000	-56.309929
425	18.000000	-10.000000	808.000000	700.000000	-56.309929
426	18.000000	-10.000000	808.000000	700.000000	-56.309929
427	18.000000	-10.000000	813.000000	700.000000	-56.309929
428	18.000000	-10.000000	813.000000	700.000000	-56.309929
429	18.000000	-10.000000	778.000000	700.000000	-56.309929
430	18.000000	-10.000000	778.000000	700.000000	-56.309929
431	18.000000	-10.000000	2224.000000	700.000000	-56.309929
432	18.000000	-10.000000	2224.000000	700.000000	-56.309929
433	18.000000	-10.000000	2279.000000	700.000000	-56.309929
434	18.000000	-10.000000	2279.000000	700.000000	-56.309929
435	18.000000	-10.000000	2279.000000	700.000000	-56.309929
436	18.000000	-10.000000	3508.000000	700.000000	-56.309929
437	18.000000	-10.000000	2808.000000	700.000000	-56.309929
438	18.000000	-10.000000	2808.000000	700.000000	-56.309929
439	18.000000	-10.000000	1057.000000	700.000000	-56.309929
440	18.000000	-10.000000	1057.000000	700.000000	-56.309929
441	18.000000	-10.000000	1057.000000	700.000000	-56.309929
442	18.000000	-10.000000	940.000000	700.000000	-56.309929
443	18.000000	-10.000000	1005.000000	700.000000	-56.309929
444	18.000000	-10.000000	1005.000000	700.000000	-56.309929
445	18.000000	-10.000000	366.000000	700.000000	-56.309929
446	18.000000	-10.000000	366.000000	700.000000	-56.309929
447	18.000000	-10.000000	366.000000	700.000000	-56.309929
448	18.000000	-10.000000	371.000000	700.000000	-56.309929
449	18.000000	-10.000000	397.000000	700.000000	-56.309929
450	18.000000	-10.000000	397.000000	700.000000	-56.309929
451	18.000000	-10.000000	771.000000	700.000000	-56.309929
452	18.000000	-10.000000	771.000000	700.000000	-56.309929
453	18.000000	-10.000000	771.000000	700.000000	-56.309929
454	18.000000	-10.000000	766.000000	700.000000	-56.309929
455	18.000000	-10.000000	749.000000	700.000000	-56.309929
456	18.000000	-10.000000	749.000000	700.000000	-56.309929
457	18.000000	-10.000000	697.000000	700.000000	-56.309929
458	18.000000	-10.000000	697.000000	700.000000	-56.309929
459	18.000000	-10.000000	697.000000	700.000000	-56.309929
460	18.000000	-10.000000	697.000000	700.000000	-56.309929
461	18.000000	-10.000000	217.000000	700.000000	-56.309929
462	18.000000	-10.000000	217.000000	700.000000	-56.309929
463	18.000000	-10.000000	215.000000	700.000000	-56.309929
464	18.000000	-10.000000	215.000000	700.000000	-56.309929
465	18.000000	-10.000000	219.000000	700.000000	-56.309929
466	18.000000	-10.000000	219.000000	700.000000	-56.309929
467	18.000000	-10.000000	216.000000	700.000000	-56.309929
468	18.000000	-10.000000	216.000000	700.000000	-56.309929
469	18.000000	-10.000000	215.000000	700.000000	-56.309929
470	18.000000	-10.000000	215.000000	700.000000	-56.309929
471	18.000000	-10.000000	216.000000	700.000000	-56.309929
472	18.000000	-10.000000	216.000000	700.000000	-56.309929
473	18.000000	-10.000000	215.000000	700.000000	-56.309929
474	18.000000	-10.000000	215.000000	700.000000	-56.309929
475	18.000000	-10.000000	216.000000	700.000000	-56.309929
476	18.000000	-10.000000	216.000000	700.000000	-56.309929
477	18.000000	-10.000000	215.000000	700.000000	-56.309929
478	18.000000	-10.000000	215.000000	700.000000	-56.309929
479	18.000000	-10.000000	215.000000	700.000000	-56.309929
480	18.000000	-10.000000	215.000000	700.000000	-56.309929
481	18.000000	-10.000000	215.000000	700.000000	-56.309929
482	18.000000	-10.000000	215.000000	700.000000	-56.309929
483	18.000000	-10.000000	215.000000	700.000000	-56.309929
484	18.000000	-10.000000	215.000000	700.000000	-56.309929
485	18.000000	-10.000000	215.000000	700.000000	-56.309929
486	18.000000	-10.000000	215.000000	700.000000	-56.309929
487	18.000000	-10.000000	215.000000	700.000000	-56.309929
488	18.000000	-10.000000	215.000000	700.000000	-56.309929
489	18.000000	-10.000000	215.000000	700.000000	-56.309929
490	18.000000	-10.000000	215.000000	700.000000	-56.309929
491	18.000000	-10.000000	215.000000	700.000000	-56.309929
492	18.000000	-10.000000	216.000000	700.000000	-56.309929
493	18.000000	-10.000000	217.000000	700.000000	-56.309929
494	18.000000	-10.000000	217.000000	700.000000	-56.309929
495	18.000000	-10.000000	215.000000	700.000000	-56.309929
496	18.000000	-10.000000	215.000000	700.000000	-56.309929
497	18.000000	-10.000000	215.000000	700.000000	-56.309929
498	18.000000	-10.000000	217.000000	700.000000	-56.309929
499	18.000000	-10.000000	298.000000	700.000000	-56.309929
500	18.000000	-10.000000	298.000000	700.000000	-56.309929
501	18.000000	-10.000000	217.000000	700.000000	-56.309929
502	18.000000	-10.000000	217.000000	700.000000	-56.309929
503	18.000000	-10.000000	217.000000	700.000000	-56.309929
504	18.000000	-10.000000	215.000000	700.000000	-56.309929
505	18.000000	-10.000000	217.000000	700.000000	-56.309929
506	18.000000	-10.000000	217.000000	700.000000	-56.309929
507	18.000000	-10.000000	217.000000	700.000000	-56.309929
508	18.000000	-10.000000	217.000000	700.000000	-56.309929
509	18.000000	-10.000000	217.000000	700.000000	-56.309929
510	18.000000	-10.000000	217.000000	700.000000	-56.309929
511	18.000000	-10.000000	215.000000	700.000000	-56.309929
512	18.000000	-10.000000	215.000000	700.000000	-56.309929
513	18.000000	-10.000000	215.000000	700.000000	-56.309929
514	18.000000	-10.000000	215.000000	700.000000	-56.309929
515	18.000000	-10.000000	215.000000	700.000000	-56.309929
516	18.000000	-10.000000	215.000000	700.000000	-56.309929
517	18.000000	-10.000000	215.000000	700.000000	-56.309929
518	18.000000	-10.000000	215.000000	700.000000	-56.309929
519	18.000000	-10.000000	215.000000	700.000000	-56.309929
520	18.000000	-10.000000	215.000000	700.000000	-56.309929
521	18.000000	-10.000000	215.000000	700.000000	-56.309929
522	18.000000	-10.000000	215.000000	700.000000	-56.309929
523	18.000000	-10.000000	215.000000	700.000000	-56.309929
524	18.000000	-10.000000	215.000000	700.000000	-56.309929
525	18.000000	-10.000000	215.000000	700.000000	-56.309929
526	18.000000	-10.000000	215.000000	700.000000	-56.309929
527	18.000000	-10.000000	215.000000	700.000000	-56.309929
528	18.000000	-10.000000	215.000000	700.000000	-56.309929
529	18.000000	-10.000000	215.000000	700.000000	-56.309929
530	18.000000	-10.000000	215.000000	700.000000	-56.309929
531	18.000000	-10.000000	215.000000	700.000000	-56.309929
532	18.000000	-10.000000	215.000000	700.000000	-56.309929
533	18.000000	-10.000000	215.000000	700.000000	-56.309929
534	18.000000	-10.000000	215.000000	700.000000	-56.309929
535	18.000000	-10.000000	215.000000	700.000000	-56.309929
536	18.000000	-10.000000	215.000000	700.000000	-56.309929
537	18.000000	-10.000000	215.000000	700.000000	-56.309929
538	18.000000	-10.000000	215.000000	700.000000	-56.309929
539	18.000000	-10.000000	215.000000	700.000000	-56.309929
540	18.000000	-10.000000	215.000000	700.000000	-56.309929
541	18.000000	-10.000000	215.000000	700.000000	-56.309929
542	18.000000	-10.000000	215.000000	700.000000	-56.309929
543	18.000000	-10.000000	215.000000	700.000000	-56.309929
544	18.000000	-10.000000	215.000000	700.000000	-56.309929
545	18.000000	-10.000000	215.000000	700.000000	-56.309929
546	18.000000	-10.000000	215.000000	700.000000	-56.309929
547	18.000000	-10.000000	215.000000	700.000000	-56.309929
548	18.000000	-10.000000	215.000000	700.000000	-56.309929
549	18.000000	-10.000000	215.000000	700.000000	-56.309929
550	18.000000	-10.000000	215.000000	700.000000	-56.309929
551	18.000000	-10.000000	215.000000	700.000000	-56.309929
552	18.000000	-10.000000	215.000000	700.000000	-56.309929
553	18.000000	-10.000000	215.000000	700.000000	-56.309929
554	18.000000	-10.000000	215.000000	700.000000	-56.309929
555	18.000000	-10.000000	215.000000	700.000000	-56.309929
556	18.000000	-10.000000	215.000000	700.000000	-56.309929
557	18.000000	-10.000000	215.000000	700.000000	-56.309929
558	18.000000	-10.000000	215.000000	700.000000	-56.309929
559	18.000000	-10.000000	215.000000	700.000000	-56.309929
560	18.000000	-10.000000	215.000000	700.000000	-56.309929
561	18.000000	-10.000000	215.000000	700.000000	-56.309929
562	18.000000	-10.000000	215.000000	700.000000	-56.309929
563	18.000000	-10.000000	215.000000	700.000000	-56.309929
564	18.000000	-10.000000	215.000000	700.000000	-56.309929
565	18.000000	-10.000000	215.000000	700.000000	-56.309929
566	18.000000	-10.000000	215.000000	700.000000	-56.309929
567	18.000000	-10.000000	215.000000	700.000000	-56.309929
568	18.000000	-10.000000	215.000000	700.000000	-56.309929
569	18.000000	-10.000000	215.000000	700.000000	-56.309929
570	18.000000	-10.000000	215.000000	700.000000	-56.309929
571	18.000000	-10.000000	215.000000	700.000000	-56.309929
572	18.000000	-10.000000	215.000000	700.000000	-56.309929
573	18.000000	-10.000000	215.000000	700.000000	-56.309929
574	18.000000	-10.000000	215.000000	700.000000	-56.309929
575	18.000000	-10.000000	215.000000	700.000000	-56.309929
576	18.000000	-10.000000	215.000000	700.000000	-56.309929
577	18.000000	-10.000000	215.000000	700.000000	-56.309929
578	18.000000	-10.000000	215.000000	700.000000	-56.309929
579	18.000000	-10.000000	215.000000	700.000000	-56.309929
580	18.000000	-10.000000	215.000000	700.000000	-56.309929
581	18.000000	-10.000000	215.000000	700.000000	-56.309929
582	18.000000	-10.000000	215.000000	700.000000	-56.309929
583	18.000000	-10.000000	215.000000	700.000000	-56.309929
584	18.000000	-10.000000	215.000000	700.000000	-56.309929
585	18.000000	-10.000000	215.000000	700.000000	-56.309929
586	18.000000	-10.000000	215.000000	700.000000	-56.309929
587	18.000000	-10.000000	215.000000	700.000000	-56.309929
588	18.000000	-10.000000	215.000000	700.000000	-56.309929
589	18.000000	-10.000000	215.000000	700.000000	-56.309929
590	18.000000	-10.000000	215.000000	700.000000	-56.309929
591	18.000000	-10.000000	215.000000	700.000000	-56.309929
592	18.000000	-10.000000	215.000000	700.000000	-56.309929
593	18.000000	-10.000000	215.000000	700.000000	-56.309929
594	18.000000	-10.000000	215.000000	700.000000	-56.309929
595	18.000000	-10.000000	215.000000	700.000000	-56.309929
596	18.000000	-10.000000	215.000000	700.000000	-56.309929
597	18.000000	-10.000000	215.000000	700.000000	-56.309929
598	18.000000	-10.000000	215.000000	700.000000	-56.309929
599	18.000000	-10.000000	215.000000	700.000000	-56.309929
600	18.000000	-10.000000	215.000000	700.000000	-56.309929
601	18.000000	-10.000000	215.000000	700.000000	-56.309929
602	18.000000	-10.000000	215.000000	700.000000	-56.309929
603	18.000000	-10.000000	215.000000	700.000000	-56.309929
604	18.000000	-10.000000	216.000000	700.000000	-56.309929
605	18.000000	-10.000000	216.000000	700.000000	-56.309929
606	18.000000	-10.000000	216.000000	700.000000	-56.309929
607	18.000000	-10.000000	216.000000	700.000000	-56.309929
608	18.000000	-10.000000	216.000000	700.000000	-56.309929
609	18.000000	-10.000000	216.000000	700.000000	-56.309929
610	18.000000	-10.000000	217.000000	700.000000	-56.309929
611	18.000000	-10.000000	217.000000	700.000000	-56.309929
612	18.000000	-10.000000	217.000000	700.000000	-56.309929
613	18.000000	-10.000000	217.000000	700.000000	-56.309929
614	18.000000	-10.000000	218.000000	700.000000	-56.309929
615	18.000000	-10.000000	218.000000	700.000000	-56.309929
616	18.000000	-10.000000	218.000000	700.000000	-56.309929
617	18.000000	-10.000000	216.000000	700.000000	-56.309929
618	18.000000	-10.000000	216.000000	700.000000	-56.309929
619	18.000000	-10.000000	216.000000	700.000000	-56.309929
620	18.000000	-10.000000	216.000000	700.000000	-56.309929
621	18.000000	-10.000000	230.000000	700.000000	-56.309929
622	18.000000	-10.000000	230.000000	700.000000	-56.309929
623	18.000000	-10.000000	216.000000	700.000000	-56.309929
624	18.000000	-10.000000	216.000000	700.000000	-56.309929
625	18.000000	-10.000000	216.000000	700.000000	-56.309929
626	18.000000	-10.000000	216.000000	700.000000	-56.309929
627	18.000000	-10.000000	216.000000	700.000000	-56.309929
628	18.000000	-10.000000	216.000000	700.000000	-56.309929
629	18.000000	-10.000000	215.000000	700.000000	-56.309929
630	18.000000	-10.000000	232.000000	700.000000	-56.309929
631	18.000000	-10.000000	232.000000	700.000000	-56.309929
632	18.000000	-10.000000	217.000000	700.000000	-56.309929
633	18.000000	-10.000000	217.000000	700.000000	-56.309929
634	18.000000	-10.000000	217.000000	700.000000	-56.309929
635	18.000000	-10.000000	216.000000	700.000000	-56.309929
636	18.000000	-10.000000	228.000000	700.000000	-56.309929
637	18.000000	-10.000000	228.000000	700.000000	-56.309929
638	18.000000	-10.000000	215.000000	700.000000	-56.309929
639	18.000000	-10.000000	215.000000	700.000000	-56.309929
640	18.000000	-10.000000	215.000000	700.000000	-56.309929
641	18.000000	-10.000000	217.000000	700.000000	-56.309929
642	18.000000	-10.000000	215.000000	700.000000	-56.309929
643	18.000000	-10.000000	215.000000	700.000000	-56.309929
644	18.000000	-10.000000	215.000000	700.000000	-56.309929
645	18.000000	-10.000000	215.000000	700.000000	-56.309929
646	18.000000	-10.000000	215.000000	700.000000	-56.309929
647	18.000000	-10.000000	215.000000	700.000000	-56.309929
648	18.000000	-10.000000	215.000000	700.000000	-56.309929
649	18.000000	-10.000000	215.000000	700.000000	-56.309929
650	18.000000	-10.000000	217.000000	700.000000	-56.309929
651	18.000000	-10.000000	217.000000	700.000000	-56.309929
652	18.000000	-10.000000	217.000000	700.000000	-56.309929
653	18.000000	-10.000000	217.000000	700.000000	-56.309929
654	18.000000	-10.000000	216.000000	700.000000	-56.309929
655	18.000000	-10.000000	215.000000	700.000000	-56.309929
656	18.000000	-10.000000	215.000000	700.000000	-56.309929
657	18.000000	-10.000000	215.000000	700.000000	-56.309929
658	18.000000	-10.000000	215.000000	700.000000	-56.309929
659	18.000000	-10.000000	215.000000	700.000000	-56.309929
660	18.000000	-10.000000	215.000000	700.000000	-56.309929
661	18.000000	-10.000000	215.000000	700.000000	-56.309929
662	18.000000	-10.000000	215.000000	700.000000	-56.309929
663	18.000000	-10.000000	215.000000	700.000000	-56.309929
664	18.000000	-10.000000	230.000000	700.000000	-56.309929
665	18.000000	-10.000000	230.000000	700.000000	-56.309929
666	18.000000	-10.000000	217.000000	700.000000	-56.309929
667	18.000000	-10.000000	217.000000	700.000000	-56.309929
668	18.000000	-10.000000	217.000000	700.000000	-56.309929
669	18.000000	-10.000000	217.000000	700.000000	-56.309929
670	18.000000	-10.000000	216.000000	700.000000	-56.309929
671	18.000000	-10.000000	216.000000	700.000000	-56.309929
672	18.000000	-10.000000	216.000000	700.000000	-56.309929
673	18.000000	-10.000000	217.000000	700.000000	-56.309929
674	18.000000	-10.000000	216.000000	700.000000	-56.309929
675	18.000000	-10.000000	216.000000	700.000000	-56.309929
676	18.000000	-10.000000	216.000000	700.000000	-56.309929
677	18.000000	-10.000000	216.000000	700.000000	-56.309929
678	18.000000	-10.000000	216.000000	700.000000	-56.309929
679	18.000000	-10.000000	217.000000	700.000000	-56.309929
680	18.000000	-10.000000	216.000000	700.000000	-56.309929
681	18.000000	-10.000000	216.000000	700.000000	-56.309929
682	18.000000	-10.000000	218.000000	700.000000	-56.309929
683	18.000000	-10.000000	218.000000	700.000000	-56.309929
684	18.000000	-10.000000	218.000000	700.000000	-56.309929
685	18.000000	-10.000000	218.000000	700.000000	-56.309929
686	18.000000	-10.000000	219.000000	700.000000	-56.309929
687	18.000000	-10.000000	219.000000	700.000000	-56.309929
688	18.000000	-10.000000	221.000000	700.000000	-56.309929
689	18.000000	-10.000000	221.000000	700.000000	-56.309929
690	18.000000	-10.000000	221.000000	700.000000	-56.309929
691	18.000000	-10.000000	223.000000	700.000000	-56.309929
692	18.000000	-10.000000	226.000000	700.000000	-56.309929
693	18.000000	-10.000000	226.000000	700.000000	-56.309929
694	18.000000	-10.000000	230.000000	700.000000	-56.309929
695	18.000000	-10.000000	230.000000	700.000000	-56.309929
696	18.000000	-10.000000	230.000000	700.000000	-56.309929
697	18.000000	-10.000000	230.000000	700.000000	-56.309929
698	18.000000	-10.000000	247.000000	700.000000	-56.309929
699	18.000000	-10.000000	247.000000	700.000000	-56.309929
700	18.000000	-10.000000	260.000000	700.000000	-56.309929
701	18.000000	-10.000000	260.000000	700.000000	-56.309929
702	18.000000	-10.000000	260.000000	700.000000	-56.309929
703	18.000000	-10.000000	260.000000	700.000000	-56.309929
704	18.000000	-10.000000	306.000000	700.000000	-56.309929
705	18.000000	-10.000000	306.000000	700.000000	-56.309929
706	18.000000	-10.000000	336.000000	700.000000	-56.309929
707	18.000000	-10.000000	336.000000	700.000000	-56.309929
708	18.000000	-10.000000	336.000000	700.000000	-56.309929
709	18.000000	-10.000000	336.000000	700.000000	-56.309929
710	18.000000	-10.000000	411.000000	700.000000	-56.309929
711	18.000000	-10.000000	411.000000	700.000000	-56.309929
712	18.000000	-10.000000	460.000000	700.000000	-56.309929
713	18.000000	-10.000000	460.000000	700.000000	-56.309929
714	18.000000	-10.000000	518.000000	700.000000	-56.309929
715	18.000000	-10.000000	518.000000	700.000000	-56.309929
716	18.000000	-10.000000	1182.000000	700.000000	-56.309929
717	18.000000	-10.000000	1182.000000	700.000000	-56.309929
718	18.000000	-10.000000	1040.000000	700.000000	-56.309929
719	18.000000	-10.000000	1040.000000	700.000000	-56.309929
720	18.000000	-10.000000	1067.000000	700.000000	-56.309929
721	18.000000	-10.000000	1067.000000	700.000000	-56.309929
722	18.000000	-10.000000	1067.000000	700.000000	-56.309929
723	18.000000	-10.000000	1083.000000	700.000000	-56.309929
724	18.000000	-10.000000	1115.000000	700.000000	-56.309929
725	18.000000	-10.000000	1115.000000	700.000000	-56.309929
726	18.000000	-10.000000	1225.000000	700.000000	-56.309929
727	18.000000	-10.000000	1225.000000	700.000000	-56.309929
728	18.000000	-10.000000	1225.000000	700.000000	-56.309929
729	18.000000	-10.000000	617.000000	700.000000	-56.309929
730	18.000000	-10.000000	0.000000	700.000000	-56.309929
731	18.000000	-10.000000	0.000000	700.000000	-56.309929
732	18.000000	-10.000000	216.000000	700.000000	-56.309929
733	18.000000	-10.000000	216.000000	700.000000	-56.309929
734	18.000000	-10.000000	216.000000	700.000000	-56.309929
735	18.000000	-10.000000	225.000000	700.000000	-56.309929
736	18.000000	-10.000000	225.000000	700.000000	-56.309929
737	18.000000	-10.000000	594.000000	700.000000	-56.309929
738	18.000000	-10.000000	605.000000	700.000000	-56.309929
739	18.000000	-10.000000	605.000000	700.000000	-56.309929
740	18.000000	-10.000000	605.000000	700.000000	-56.309929
741	18.000000	-10.000000	221.000000	700.000000	-56.309929
742	18.000000	-10.000000	584.000000	700.000000	-56.309929
743	18.000000	-10.000000	584.000000	700.000000	-56.309929
744	18.000000	-10.000000	560.000000	700.000000	-56.309929
745	18.000000	-10.000000	560.000000	700.000000	-56.309929
746	18.000000	-10.000000	560.000000	700.000000	-56.309929
747	18.000000	-10.000000	560.000000	700.000000	-56.309929
748	18.000000	-10.000000	220.000000	700.000000	-56.309929
749	18.000000	-10.000000	220.000000	700.000000	-56.309929
750	18.000000	-10.000000	242.000000	700.000000	-56.309929
751	18.000000	-10.000000	242.000000	700.000000	-56.309929
752	18.000000	-10.000000	242.000000	700.000000	-56.309929
753	18.000000	-10.000000	0.000000	700.000000	-56.309929
754	18.000000	-10.000000	528.000000	700.000000	-56.309929
755	18.000000	-10.000000	528.000000	700.000000	-56.309929
756	18.000000	-10.000000	517.000000	700.000000	-56.309929
757	3.000000	-42.000000	517.000000	700.000000	83.516926
758	3.000000	-42.000000	517.000000	700.000000	83.516926
759	3.000000	-42.000000	517.000000	700.000000	83.516926
760	3.000000	-42.000000	229.000000	700.000000	83.516926
761	3.000000	-42.000000	229.000000	700.000000	83.516926
762	3.000000	-42.000000	514.000000	700.000000	83.516926
763	-6.000000	-38.000000	514.000000	700.000000	84.805571
764	-6.000000	-38.000000	515.000000	700.000000	84.805571
765	-6.000000	-38.000000	515.000000	700.000000	84.805571
766	-6.000000	-38.000000	532.000000	700.000000	84.805571
767	-6.000000	-38.000000	532.000000	700.000000	84.805571
768	-6.000000	-38.000000	539.000000	700.000000	84.805571
769	-6.000000	-38.000000	539.000000	700.000000	84.805571
770	-6.000000	-38.000000	510.000000	700.000000	84.805571
771	-6.000000	-38.000000	510.000000	700.000000	84.805571
772	-6.000000	-38.000000	534.000000	700.000000	84.805571
773	-6.000000	-38.000000	534.000000	700.000000	84.805571
774	-6.000000	-38.000000	537.000000	700.000000	84.805571
775	-6.000000	-38.000000	537.000000	700.000000	84.805571
776	-6.000000	-38.000000	537.000000	700.000000	84.805571
777	-6.000000	-38.000000	517.000000	700.000000	84.805571
778	-6.000000	-38.000000	527.000000	700.000000	84.805571
779	-6.000000	-38.000000	527.000000	700.000000	84.805571
780	-6.000000	-38.000000	525.000000	700.000000	84.805571
781	-6.000000	-38.000000	525.000000	700.000000	84.805571
782	-6.000000	-38.000000	1623.000000	700.000000	84.805571
783	-6.000000	-38.000000	1623.000000	700.000000	84.805571
784	-6.000000	-38.000000	1623.000000	700.000000	84.805571
785	-6.000000	-38.000000	218.000000	700.000000	84.805571
786	-6.000000	-38.000000	1433.000000	700.000000	84.805571
787	-6.000000	-38.000000	1433.000000	700.000000	84.805571
788	-6.000000	-38.000000	1482.000000	700.000000	84.805571
789	-6.000000	-38.000000	1482.000000	700.000000	84.805571
790	-6.000000	-38.000000	1482.000000	700.000000	84.805571
791	-6.000000	-38.000000	1301.000000	700.000000	84.805571
792	-6.000000	-38.000000	1261.000000	700.000000	84.805571
793	-6.000000	-38.000000	1261.000000	700.000000	84.805571
794	-6.000000	-38.000000	1266.000000	700.000000	84.805571
795	-6.000000	-38.000000	1266.000000	700.000000	84.805571
796	-6.000000	-38.000000	1266.000000	700.000000	84.805571
797	-6.000000	-38.000000	1224.000000	700.000000	84.805571
798	-6.000000	-38.000000	1224.000000	700.000000	84.805571
799	-6.000000	-38.000000	1207.000000	700.000000	84.805571
800	-6.000000	-38.000000	1197.000000	700.000000	84.805571
801	-6.000000	-38.000000	1197.000000	700.000000	84.805571
802	-6.000000	-38.000000	1197.000000	700.000000	84.805571
803	-6.000000	-38.000000	1197.000000	700.000000	84.805571
804	-6.000000	-38.000000	229.000000	700.000000	84.805571
805	-6.000000	-38.000000	229.000000	700.000000	84.805571
806	-6.000000	-38.000000	224.000000	700.000000	84.805571
807	-6.000000	-38.000000	224.000000	700.000000	84.805571
808	-6.000000	-38.000000	224.000000	700.000000	84.805571
809	-6.000000	-38.000000	224.000000	700.000000	84.805571
810	-6.000000	-38.000000	220.000000	700.000000	84.805571
811	-6.000000	-38.000000	220.000000	700.000000	84.805571
812	-6.000000	-38.000000	217.000000	700.000000	84.805571
813	-6.000000	-38.000000	217.000000	700.000000	84.805571
814	-6.000000	-38.000000	491.000000	700.000000	84.805571
815	-6.000000	-38.000000	491.000000	700.000000	84.805571
816	-6.000000	-38.000000	440.000000	700.000000	84.805571
817	-6.000000	-38.000000	440.000000	700.000000	84.805571
818	-6.000000	-38.000000	424.000000	700.000000	84.805571
819	-6.000000	-38.000000	424.000000	700.000000	84.805571
820	-6.000000	-38.000000	397.000000	700.000000	84.805571
821	-6.000000	-38.000000	397.000000	700.000000	84.805571
822	-6.000000	-38.000000	351.000000	700.000000	84.805571
823	-6.000000	-38.000000	351.000000	700.000000	84.805571
824	-6.000000	-38.000000	320.000000	700.000000	84.805571
825	-6.000000	-38.000000	320.000000	700.000000	84.805571
826	-6.000000	-38.000000	302.000000	700.000000	84.805571
827	-6.000000	-38.000000	302.000000	700.000000	84.805571
828	-6.000000	-38.000000	302.000000	700.000000	84.805571
829	-6.000000	-38.000000	275.000000	700.000000	84.805571
830	-6.000000	-38.000000	260.000000	700.000000	84.805571
831	-6.000000	-38.000000	260.000000	700.000000	84.805571
832	-6.000000	-38.000000	286.000000	700.000000	84.805571
833	-6.000000	-38.000000	286.000000	700.000000	84.805571
834	-6.000000	-38.000000	286.000000	700.000000	84.805571
835	-6.000000	-38.000000	236.000000	700.000000	84.805571
836	-6.000000	-38.000000	231.000000	700.000000	84.805571
837	-6.000000	-38.000000	231.000000	700.000000	84.805571
838	-6.000000	-38.000000	224.000000	700.000000	84.805571
839	-6.000000	-38.000000	224.000000	700.000000	84.805571
840	-6.000000	-38.000000	224.000000	700.000000	84.805571
841	-6.000000	-38.000000	221.000000	700.000000	84.805571
842	-6.000000	-38.000000	220.000000	700.000000	84.805571
843	-6.000000	-38.000000	220.000000	700.000000	84.805571
844	-6.000000	-38.000000	218.000000	700.000000	84.805571
845	-6.000000	-38.000000	218.000000	700.000000	84.805571
846	-6.000000	-38.000000	218.000000	700.000000	84.805571
847	-6.000000	-38.000000	217.000000	700.000000	84.805571
848	-6.000000	-38.000000	237.000000	700.000000	84.805571
849	-6.000000	-38.000000	237.000000	700.000000	84.805571
850	-6.000000	-38.000000	216.000000	700.000000	84.805571
851	-6.000000	-38.000000	216.000000	700.000000	84.805571
852	-6.000000	-38.000000	216.000000	700.000000	84.805571
853	-6.000000	-38.000000	216.000000	700.000000	84.805571
854	-6.000000	-38.000000	217.000000	700.000000	84.805571
855	-6.000000	-38.000000	217.000000	700.000000	84.805571
856	-6.000000	-38.000000	216.000000	700.000000	84.805571
857	-6.000000	-38.000000	216.000000	700.000000	84.805571
858	-6.000000	-38.000000	216.000000	700.000000	84.805571
859	-6.000000	-38.000000	216.000000	700.000000	84.805571
860	-6.000000	-38.000000	215.000000	700.000000	84.805571
861	-6.000000	-38.000000	215.000000	700.000000	84.805571
862	-6.000000	-38.000000	216.000000	700.000000	84.805571
863	-6.000000	-38.000000	216.000000	700.000000	84.805571
864	-6.000000	-38.000000	216.000000	700.000000	84.805571
865	-6.000000	-38.000000	216.000000	700.000000	84.805571
866	-6.000000	-38.000000	218.000000	700.000000	84.805571
867	-6.000000	-38.000000	218.000000	700.000000	84.805571
868	-6.000000	-38.000000	218.000000	700.000000	84.805571
869	-6.000000	-38.000000	218.000000	700.000000	84.805571
870	-6.000000	-38.000000	218.000000	700.000000	84.805571
871	-6.000000	-38.000000	218.000000	700.000000	84.805571
872	-6.000000	-38.000000	216.000000	700.000000	84.805571
873	-6.000000	-38.000000	216.000000	700.000000	84.805571
874	-6.000000	-38.000000	216.000000	700.000000	84.805571
875	-6.000000	-38.000000	216.000000	700.000000	84.805571
876	-6.000000	-38.000000	216.000000	700.000000	84.805571
877	-6.000000	-38.000000	216.000000	700.000000	84.805571
878	-6.000000	-38.000000	216.000000	700.000000	84.805571
879	-6.000000	-38.000000	216.000000	700.000000	84.805571
880	-6.000000	-38.000000	216.000000	700.000000	84.805571
881	-6.000000	-38.000000	216.000000	700.000000	84.805571
882	-6.000000	-38.000000	216.000000	700.000000	84.805571
883	-6.000000	-38.000000	216.000000	700.000000	84.805571
884	-6.000000	-38.000000	216.000000	700.000000	84.805571
885	-6.000000	-38.000000	216.000000	700.000000	84.805571
886	-6.000000	-38.000000	216.000000	700.000000	84.805571
887	-6.000000	-38.000000	216.000000	700.000000	84.805571
888	-6.000000	-38.000000	216.000000	700.000000	84.805571
889	-6.000000	-38.000000	216.000000	700.000000	84.805571
890	-6.000000	-38.000000	216.000000	700.000000	84.805571
891	-6.000000	-38.000000	216.000000	700.000000	84.805571
892	-6.000000	-38.000000	216.000000	700.000000	84.805571
893	-6.000000	-38.000000	216.000000	700.000000	84.805571
894	-6.000000	-38.000000	216.000000	700.000000	84.805571
895	-6.000000	-38.000000	216.000000	700.000000	84.805571
896	-6.000000	-38.000000	216.000000	700.000000	84.805571
897	-6.000000	-38.000000	216.000000	700.000000	84.805571
898	-6.000000	-38.000000	216.000000	700.000000	84.805571
899	-6.000000	-38.000000	216.000000	700.000000	84.805571
900	-6.000000	-38.000000	215.000000	700.000000	84.805571
901	-6.000000	-38.000000	215.000000	700.000000	84.805571
902	-6.000000	-38.000000	215.000000	700.000000	84.805571
903	-6.000000	-38.000000	215.000000	700.000000	84.805571
904	-6.000000	-38.000000	216.000000	700.000000	84.805571
905	-6.000000	-38.000000	216.000000	700.000000	84.805571
906	-6.000000	-38.000000	215.000000	700.000000	84.805571
907	-6.000000	-38.000000	215.000000	700.000000	84.805571
908	-6.000000	-38.000000	215.000000	700.000000	84.805571
909	-6.000000	-38.000000	216.000000	700.000000	84.805571
910	-6.000000	-38.000000	215.000000	700.000000	84.805571
911	-6.000000	-38.000000	215.000000	700.000000	84.805571
912	-6.000000	-38.000000	215.000000	700.000000	84.805571
913	-6.000000	-38.000000	215.000000	700.000000	84.805571
914	-6.000000	-38.000000	215.000000	700.000000	84.805571
915	-6.000000	-38.000000	215.000000	700.000000	84.805571
916	-6.000000	-38.000000	215.000000	700.000000	84.805571
917	-6.000000	-38.000000	215.000000	700.000000	84.805571
918	-6.000000	-38.000000	216.000000	700.000000	84.805571
919	-6.000000	-38.000000	216.000000	700.000000	84.805571
920	-6.000000	-38.000000	216.000000	700.000000	84.805571
921	-6.000000	-38.000000	216.000000	700.000000	84.805571
922	-6.000000	-38.000000	216.000000	700.000000	84.805571
923	-6.000000	-38.000000	216.000000	700.000000	84.805571
924	-6.000000	-38.000000	216.000000	700.000000	84.805571
925	-6.000000	-38.000000	216.000000	700.000000	84.805571
926	-6.000000	-38.000000	216.000000	700.000000	84.805571
927	-6.000000	-38.000000	216.000000	700.000000	84.805571
928	-6.000000	-38.000000	216.000000	700.000000	84.805571
929	-6.000000	-38.000000	216.000000	700.000000	84.805571
930	-6.000000	-38.000000	216.000000	700.000000	84.805571
931	-6.000000	-38.000000	216.000000	700.000000	84.805571
932	-6.000000	-38.000000	216.000000	700.000000	84.805571
933	-6.000000	-38.000000	216.000000	700.000000	84.805571
934	-6.000000	-38.000000	216.000000	700.000000	84.805571
935	-6.000000	-38.000000	216.000000	700.000000	84.805571
936	-6.000000	-38.000000	216.000000	700.000000	84.805571
937	-6.000000	-38.000000	216.000000	700.000000	84.805571
938	-6.000000	-38.000000	216.000000	700.000000	84.805571
939	-6.000000	-38.000000	216.000000	700.000000	84.805571
940	-6.000000	-38.000000	216.000000	700.000000	84.805571
941	-6.000000	-38.000000	216.000000	700.000000	84.805571
942	-6.000000	-38.000000	216.000000	700.000000	84.805571
943	-6.000000	-38.000000	216.000000	700.000000	84.805571
944	-6.000000	-38.000000	216.000000	700.000000	84.805571
945	-6.000000	-38.000000	216.000000	700.000000	84.805571
946	-6.000000	-38.000000	216.000000	700.000000	84.805571
947	-6.000000	-38.000000	216.000000	700.000000	84.805571
948	-6.000000	-38.000000	216.000000	700.000000	84.805571
949	-6.000000	-38.000000	216.000000	700.000000	84.805571
950	-6.000000	-38.000000	216.000000	700.000000	84.805571
951	-6.000000	-38.000000	216.000000	700.000000	84.805571
952	-6.000000	-38.000000	216.000000	700.000000	84.805571
953	-6.000000	-38.000000	216.000000	700.000000	84.805571
954	-6.000000	-38.000000	216.000000	700.000000	84.805571
955	-6.000000	-38.000000	216.000000	700.000000	84.805571
956	-6.000000	-38.000000	216.000000	700.000000	84.805571
957	-6.000000	-38.000000	216.000000	700.000000	84.805571
958	-6.000000	-38.000000	216.000000	700.000000	84.805571
959	-6.000000	-38.000000	216.000000	700.000000	84.805571
960	-6.000000	-38.000000	216.000000	700.000000	84.805571
961	-6.000000	-38.000000	216.000000	700.000000	84.805571
962	-6.000000	-38.000000	216.000000	700.000000	84.805571
963	-6.000000	-38.000000	216.000000	700.000000	84.805571
964	-6.000000	-38.000000	216.000000	700.000000	84.805571
965	-6.000000	-38.000000	216.000000	700.000000	84.805571
966	-6.000000	-38.000000	216.000000	700.000000	84.805571
967	-6.000000	-38.000000	216.000000	700.000000	84.805571
968	-6.000000	-38.000000	216.000000	700.000000	84.805571
969	-6.000000	-38.000000	216.000000	700.000000	84.805571
970	-6.000000	-38.000000	216.000000	700.000000	84.805571
971	-6.000000	-38.000000	216.000000	700.000000	84.805571
972	-6.000000	-38.000000	216.000000	700.000000	84.805571
973	-6.000000	-38.000000	216.000000	700.000000	84.805571
974	-6.000000	-38.000000	216.000000	700.000000	84.805571
975	-6.000000	-38.000000	216.000000	700.000000	84.805571
976	-6.000000	-38.000000	216.000000	700.000000	84.805571
977	-6.000000	-38.000000	216.000000	700.000000	84.805571
978	-6.000000	-38.000000	216.000000	700.000000	84.805571
979	-6.000000	-38.000000	216.000000	700.000000	84.805571
980	-6.000000	-38.000000	216.000000	700.000000	84.805571
981	-6.000000	-38.000000	216.000000	700.000000	84.805571
982	-6.000000	-38.000000	216.000000	700.000000	84.805571
983	-6.000000	-38.000000	216.000000	700.000000	84.805571
984	-6.000000	-38.000000	216.000000	700.000000	84.805571
985	-6.000000	-38.000000	216.000000	700.000000	84.805571
986	-6.000000	-38.000000	216.000000	700.000000	84.805571
987	-6.000000	-38.000000	216.000000	700.000000	84.805571
988	-6.000000	-38.000000	216.000000	700.000000	84.805571
989	-6.000000	-38.000000	216.000000	700.000000	84.805571
990	-6.000000	-38.000000	216.000000	700.000000	84.805571
991	-6.000000	-38.000000	216.000000	700.000000	84.805571
992	-6.000000	-38.000000	216.000000	700.000000	84.805571
993	-6.000000	-38.000000	216.000000	700.000000	84.805571
994	-6.000000	-38.000000	216.000000	700.000000	84.805571
995	-6.000000	-38.000000	216.000000	700.000000	84.805571
996	-6.000000	-38.000000	216.000000	700.000000	84.805571
997	-6.000000	-38.000000	216.000000	700.000000	84.805571
998	-6.000000	-38.000000	216.000000	700.000000	84.805571
999	-6.000000	-38.000000	216.000000	700.000000	84.805571
1000	-6.000000	-38.000000	216.000000	700.000000	84.805571
1001	-6.000000	-38.000000	216.000000	700.000000	84.805571
1002	-6.000000	-38.000000	216.000000	700.000000	84.805571
1003	-6.000000	-38.000000	216.000000	700.000000	84.805571
1004	-6.000000	-38.000000	216.000000	700.000000	84.805571
1005	-6.000000	-38.000000	216.000000	700.000000	84.805571
1006	-6.000000	-38.000000	216.000000	700.000000	84.805571
1007	-6.000000	-38.000000	216.000000	700.000000	84.805571
1008	-6.000000	-38.000000	216.000000	700.000000	84.805571
1009	-6.000000	-38.000000	216.000000	700.000000	84.805571
1010	-6.000000	-38.000000	216.000000	700.000000	84.805571
1011	-6.000000	-38.000000	216.000000	700.000000	84.805571
1012	-6.000000	-38.000000	216.000000	700.000000	84.805571
1013	-6.000000	-38.000000	216.000000	700.000000	84.805571
1014	-6.000000	-38.000000	216.000000	700.000000	84.805571
1015	-6.000000	-38.000000	216.000000	700.000000	84.805571
1016	-6.000000	-38.000000	216.000000	700.000000	84.805571
1017	-6.000000	-38.000000	216.000000	700.000000	84.805571
1018	-6.000000	-38.000000	216.000000	700.000000	84.805571
1019	-6.000000	-38.000000	216.000000	700.000000	84.805571
1020	-6.000000	-38.000000	216.000000	700.000000	84.805571
1021	-6.000000	-38.000000	216.000000	700.000000	84.805571
1022	-6.000000	-38.000000	216.000000	700.000000	84.805571
1023	-6.000000	-38.000000	216.000000	700.000000	84.805571
1024	-6.000000	-38.000000	216.000000	700.000000	84.805571
1025	-6.000000	-38.000000	216.000000	700.000000	84.805571
1026	-6.000000	-38.000000	216.000000	700.000000	84.805571
1027	-6.000000	-38.000000	216.000000	700.000000	84.805571
1028	-6.000000	-38.000000	216.000000	700.000000	84.805571
1029	-6.000000	-38.000000	216.000000	700.000000	84.805571
1030	-6.000000	-38.000000	216.000000	700.000000	84.805571
1031	-6.000000	-38.000000	216.000000	700.000000	84.805571
1032	-6.000000	-38.000000	216.000000	700.000000	84.805571
1033	-6.000000	-38.000000	216.000000	700.000000	84.805571
1034	-6.000000	-38.000000	216.000000	700.000000	84.805571
1035	-6.000000	-38.000000	216.000000	700.000000	84.805571
1036	-6.000000	-38.000000	216.000000	700.000000	84.805571
1037	-6.000000	-38.000000	216.000000	700.000000	84.805571
1038	-6.000000	-38.000000	216.000000	700.000000	84.805571
1039	-6.000000	-38.000000	216.000000	700.000000	84.805571
1040	-6.000000	-38.000000	216.000000	700.000000	84.805571
1041	-6.000000	-38.000000	216.000000	700.000000	84.805571
1042	-6.000000	-38.000000	216.000000	700.000000	84.805571
1043	-6.000000	-38.000000	216.000000	700.000000	84.805571
1044	-6.000000	-38.000000	216.000000	700.000000	84.805571
1045	-6.000000	-38.000000	216.000000	700.000000	84.805571
1046	-6.000000	-38.000000	216.000000	700.000000	84.805571
1047	-6.000000	-38.000000	216.000000	700.000000	84.805571
1048	-6.000000	-38.000000	216.000000	700.000000	84.805571
1049	-6.000000	-38.000000	216.000000	700.000000	84.805571
1050	-6.000000	-38.000000	216.000000	700.000000	84.805571
1051	-6.000000	-38.000000	216.000000	700.000000	84.805571
1052	-6.000000	-38.000000	216.000000	700.000000	84.805571
1053	-6.000000	-38.000000	216.000000	700.000000	84.805571
1054	-6.000000	-38.000000	216.000000	700.000000	84.805571
1055	-6.000000	-38.000000	217.000000	700.000000	84.805571
1056	-6.000000	-38.000000	217.000000	700.000000	84.805571
1057	-6.000000	-38.000000	217.000000	700.000000	84.805571
1058	-6.000000	-38.000000	217.000000	700.000000	84.805571
1059	-6.000000	-38.000000	216.000000	700.000000	84.805571
1060	-6.000000	-38.000000	216.000000	700.000000	84.805571
1061	-6.000000	-38.000000	217.000000	700.000000	84.805571
1062	-6.000000	-38.000000	217.000000	700.000000	84.805571
1063	-6.000000	-38.000000	217.000000	700.000000	84.805571
1064	-6.000000	-38.000000	217.000000	700.000000	84.805571
1065	-6.000000	-38.000000	216.000000	700.000000	84.805571
1066	-6.000000	-38.000000	216.000000	700.000000	84.805571
1067	-6.000000	-38.000000	217.000000	700.000000	84.805571
1068	-6.000000	-38.000000	217.000000	700.000000	84.805571
1069	-6.000000	-38.000000	217.000000	700.000000	84.805571
1070	-6.000000	-38.000000	217.000000	700.000000	84.805571
1071	-6.000000	-38.000000	217.000000	700.000000	84.805571
1072	-6.000000	-38.000000	217.000000	700.000000	84.805571
1073	-6.000000	-38.000000	217.000000	700.000000	84.805571
1074	-6.000000	-38.000000	217.000000	700.000000	84.805571
1075	-6.000000	-38.000000	217.000000	700.000000	84.805571
1076	-6.000000	-38.000000	217.000000	700.000000	84.805571
1077	-6.000000	-38.000000	217.000000	700.000000	84.805571
1078	-6.000000	-38.000000	217.000000	700.000000	84.805571
1079	-6.000000	-38.000000	217.000000	700.000000	84.805571
1080	-6.000000	-38.000000	217.000000	700.000000	84.805571
1081	-6.000000	-38.000000	217.000000	700.000000	84.805571
1082	-6.000000	-38.000000	217.000000	700.000000	84.805571
1083	-6.000000	-38.000000	217.000000	700.000000	84.805571
1084	-6.000000	-38.000000	217.000000	700.000000	84.805571
1085	-6.000000	-38.000000	217.000000	700.000000	84.805571
1086	-6.000000	-38.000000	217.000000	700.000000	84.805571
1087	-6.000000	-38.000000	217.000000	700.000000	84.805571
1088	-6.000000	-38.000000	217.000000	700.000000	84.805571
1089	-6.000000	-38.000000	217.000000	700.000000	84.805571
1090	-6.000000	-38.000000	217.000000	700.000000	84.805571
1091	-6.000000	-38.000000	217.000000	700.000000	84.805571
1092	-6.000000	-38.000000	217.000000	700.000000	84.805571
1093	-6.000000	-38.000000	217.000000	700.000000	84.805571
1094	-6.000000	-38.000000	217.000000	700.000000	84.805571
1095	-6.000000	-38.000000	217.000000	700.000000	84.805571
1096	-6.000000	-38.000000	217.000000	700.000000	84.805571
1097	-6.000000	-38.000000	217.000000	700.000000	84.805571
1098	-6.000000	-38.000000	217.000000	700.000000	84.805571
1099	-6.000000	-38.000000	217.000000	700.000000	84.805571
1100	-6.000000	-38.000000	217.000000	700.000000	84.805571
1101	-6.000000	-38.000000	217.000000	700.000000	84.805571
1102	-6.000000	-38.000000	217.000000	700.000000	84.805571
1103	-6.000000	-38.000000	217.000000	700.000000	84.805571
1104	-6.000000	-38.000000	217.000000	700.000000	84.805571
1105	-6.000000	-38.000000	217.000000	700.000000	84.805571
1106	-6.000000	-38.000000	217.000000	700.000000	84.805571
1107	-6.000000	-38.000000	217.000000	700.000000	84.805571
1108	-6.000000	-38.000000	217.000000	700.000000	84.805571
1109	-6.000000	-38.000000	217.000000	700.000000	84.805571
1110	-6.000000	-38.000000	217.000000	700.000000	84.805571
1111	-6.000000	-38.000000	217.000000	700.000000	84.805571
1112	-6.000000	-38.000000	217.000000	700.000000	84.805571
1113	-6.000000	-38.000000	217.000000	700.000000	84.805571
1114	-6.000000	-38.000000	217.000000	700.000000	84.805571
1115	-6.000000	-38.000000	217.000000	700.000000	84.805571
1116	-6.000000	-38.000000	217.000000	700.000000	84.805571
1117	-6.000000	-38.000000	217.000000	700.000000	84.805571
1118	-6.000000	-38.000000	217.000000	700.000000	84.805571
1119	-6.000000	-38.000000	217.000000	700.000000	84.805571
1120	-6.000000	-38.000000	217.000000	700.000000	84.805571
1121	-6.000000	-38.000000	217.000000	700.000000	84.805571
1122	-6.000000	-38.000000	217.000000	700.000000	84.805571
1123	-6.000000	-38.000000	217.000000	700.000000	84.805571
1124	-6.000000	-38.000000	217.000000	700.000000	84.805571
1125	-6.000000	-38.000000	217.000000	700.000000	84.805571
1126	-6.000000	-38.000000	217.000000	700.000000	84.805571
1127	-6.000000	-38.000000	217.000000	700.000000	84.805571
1128	-6.000000	-38.000000	217.000000	700.000000	84.805571
1129	-6.000000	-38.000000	217.000000	700.000000	84.805571
1130	-6.000000	-38.000000	217.000000	700.000000	84.805571
1131	-6.000000	-38.000000	217.000000	700.000000	84.805571
1132	-6.000000	-38.000000	217.000000	700.000000	84.805571
1133	-6.000000	-38.000000	217.000000	700.000000	84.805571
1134	-6.000000	-38.000000	217.000000	700.000000	84.805571
1135	-6.000000	-38.000000	217.000000	700.000000	84.805571
1136	-6.000000	-38.000000	217.000000	700.000000	84.805571
1137	-6.000000	-38.000000	217.000000	700.000000	84.805571
1138	-6.000000	-38.000000	217.000000	700.000000	84.805571
1139	-6.000000	-38.000000	217.000000	700.000000	84.805571
1140	-6.000000	-38.000000	217.000000	700.000000	84.805571
1141	-6.000000	-38.000000	217.000000	700.000000	84.805571
1142	-6.000000	-38.000000	217.000000	700.000000	84.805571
1143	-6.000000	-38.000000	217.000000	700.000000	84.805571
1144	-6.000000	-38.000000	217.000000	700.000000	84.805571
1145	-6.000000	-38.000000	217.000000	700.000000	84.805571
1146	-6.000000	-38.000000	217.000000	700.000000	84.805571
1147	-6.000000	-38.000000	217.000000	700.000000	84.805571
1148	-6.000000	-38.000000	217.000000	700.000000	84.805571
1149	-6.000000	-38.000000	217.000000	700.000000	84.805571
1150	-6.000000	-38.000000	217.000000	700.000000	84.805571
1151	-6.000000	-38.000000	217.000000	700.000000	84.805571
1152	-6.000000	-38.000000	217.000000	700.000000	84.805571
1153	-6.000000	-38.000000	217.000000	700.000000	84.805571
1154	-6.000000	-38.000000	217.000000	700.000000	84.805571
1155	-6.000000	-38.000000	217.000000	700.000000	84.805571
1156	-6.000000	-38.000000	217.000000	700.000000	84.805571
1157	-6.000000	-38.000000	217.000000	700.000000	84.805571
1158	-6.000000	-38.000000	217.000000	700.000000	84.805571
1159	-6.000000	-38.000000	217.000000	700.000000	84.805571
1160	-6.000000	-38.000000	217.000000	700.000000	84.805571
1161	-6.000000	-38.000000	217.000000	700.000000	84.805571
1162	-6.000000	-38.000000	217.000000	700.000000	84.805571
1163	-6.000000	-38.000000	217.000000	700.000000	84.805571
1164	-6.000000	-38.000000	217.000000	700.000000	84.805571
1165	-6.000000	-38.000000	217.000000	700.000000	84.805571
1166	-6.000000	-38.000000	217.000000	700.000000	84.805571
1167	-6.000000	-38.000000	217.000000	700.000000	84.805571
1168	-6.000000	-38.000000	217.000000	700.000000	84.805571
1169	-6.000000	-38.000000	217.000000	700.000000	84.805571
1170	-6.000000	-38.000000	217.000000	700.000000	84.805571
1171	-6.000000	-38.000000	217.000000	700.000000	84.805571
1172	-6.000000	-38.000000	217.000000	700.000000	84.805571
1173	-6.000000	-38.000000	217.000000	700.000000	84.805571
1174	-6.000000	-38.000000	217.000000	700.000000	84.805571
1175	-6.000000	-38.000000	217.000000	700.000000	84.805571
1176	-6.000000	-38.000000	217.000000	700.000000	84.805571
1177	-6.000000	-38.000000	217.000000	700.000000	84.805571
1178	-6.000000	-38.000000	218.000000	700.000000	84.805571
1179	-6.000000	-38.000000	218.000000	700.000000	84.805571
1180	-6.000000	-38.000000	218.000000	700.000000	84.805571
1181	-6.000000	-38.000000	218.000000	700.000000	84.805571
1182	-6.000000	-38.000000	218.000000	700.000000	84.805571
1183	-6.000000	-38.000000	218.000000	700.000000	84.805571
1184	-6.000000	-38.000000	218.000000	700.000000	84.805571
1185	-6.000000	-38.000000	218.000000	700.000000	84.805571
1186	-6.000000	-38.000000	218.000000	700.000000	84.805571
1187	-6.000000	-38.000000	218.000000	700.000000	84.805571
1188	-6.000000	-38.000000	218.000000	700.000000	84.805571
1189	-6.000000	-38.000000	218.000000	700.000000	84.805571
1190	-6.000000	-38.000000	218.000000	700.000000	84.805571
1191	-6.000000	-38.000000	218.000000	700.000000	84.805571
1192	-6.000000	-38.000000	218.000000	700.000000	84.805571
1193	-6.000000	-38.000000	218.000000	700.000000	84.805571
1194	-6.000000	-38.000000	218.000000	700.000000	84.805571
1195	-6.000000	-38.000000	218.000000	700.000000	84.805571
1196	-6.000000	-38.000000	218.000000	700.000000	84.805571
1197	-6.000000	-38.000000	218.000000	700.000000	84.805571
1198	-6.000000	-38.000000	218.000000	700.000000	84.805571
1199	-6.000000	-38.000000	218.000000	700.000000	84.805571
1200	-6.000000	-38.000000	218.000000	700.000000	84.805571
1201	-6.000000	-38.000000	218.000000	700.000000	84.805571
1202	-6.000000	-38.000000	218.000000	700.000000	84.805571
1203	-6.000000	-38.000000	218.000000	700.000000	84.805571
1204	-6.000000	-38.000000	218.000000	700.000000	84.805571
1205	-6.000000	-38.000000	218.000000	700.000000	84.805571
1206	-6.000000	-38.000000	218.000000	700.000000	84.805571
1207	-6.000000	-38.000000	218.000000	700.000000	84.805571
1208	-6.000000	-38.000000	218.000000	700.000000	84.805571
1209	-6.000000	-38.000000	218.000000	700.000000	84.805571
1210	-6.000000	-38.000000	218.000000	700.000000	84.805571
1211	-6.000000	-38.000000	218.000000	700.000000	84.805571
1212	-6.000000	-38.000000	218.000000	700.000000	84.805571
1213	-6.000000	-38.000000	218.000000	700.000000	84.805571
1214	-6.000000	-38.000000	218.000000	700.000000	84.805571
1215	-6.000000	-38.000000	218.000000	700.000000	84.805571
1216	-6.000000	-38.000000	218.000000	700.000000	84.805571
1217	-6.000000	-38.000000	218.000000	700.000000	84.805571
1218	-6.000000	-38.000000	218.000000	700.000000	84.805571
1219	-6.000000	-38.000000	218.000000	700.000000	84.805571
1220	-6.000000	-38.000000	218.000000	700.000000	84.805571
1221	-6.000000	-38.000000	218.000000	700.000000	84.805571
1222	-6.000000	-38.000000	218.000000	700.000000	84.805571
1223	-6.000000	-38.000000	218.000000	700.000000	84.805571
1224	-6.000000	-38.000000	218.000000	700.000000	84.805571
1225	-6.000000	-38.000000	218.000000	700.000000	84.805571
1226	-6.000000	-38.000000	218.000000	700.000000	84.805571
1227	-6.000000	-38.000000	218.000000	700.000000	84.805571
1228	-6.000000	-38.000000	218.000000	700.000000	84.805571
1229	-6.000000	-38.000000	218.000000	700.000000	84.805571
1230	-6.000000	-38.000000	218.000000	700.000000	84.805571
1231	-6.000000	-38.000000	218.000000	700.000000	84.805571
1232	-6.000000	-38.000000	218.000000	700.000000	84.805571
1233	-6.000000	-38.000000	218.000000	700.000000	84.805571
1234	-6.000000	-38.000000	218.000000	700.000000	84.805571
1235	-6.000000	-38.000000	218.000000	700.000000	84.805571
1236	-6.000000	-38.000000	218.000000	700.000000	84.805571
1237	-6.000000	-38.000000	218.000000	700.000000	84.805571
1238	-6.000000	-38.000000	218.000000	700.000000	84.805571
1239	-6.000000	-38.000000	218.000000	700.000000	84.805571
1240	-6.000000	-38.000000	218.000000	700.000000	84.805571
1241	-6.000000	-38.000000	218.000000	700.000000	84.805571
1242	-6.000000	-38.000000	218.000000	700.000000	84.805571
1243	-6.000000	-38.000000	218.000000	700.000000	84.805571
1244	-6.000000	-38.000000	218.000000	700.000000	84.805571
1245	-6.000000	-38.000000	218.000000	700.000000	84.805571
1246	-6.000000	-38.000000	218.000000	700.000000	84.805571
1247	-6.000000	-38.000000	218.000000	700.000000	84.805571
1248	-6.000000	-38.000000	218.000000	700.000000	84.805571
1249	-6.000000	-38.000000	218.000000	700.000000	84.805571
1250	-6.000000	-38.000000	218.000000	700.000000	84.805571
1251	-6.000000	-38.000000	218.000000	700.000000	84.805571
1252	-6.000000	-38.000000	218.000000	700.000000	84.805571
1253	-6.000000	-38.000000	218.000000	700.000000	84.805571
1254	-6.000000	-38.000000	218.000000	700.000000	84.805571
1255	-6.000000	-38.000000	218.000000	700.000000	84.805571
1256	-6.000000	-38.000000	218.000000	700.000000	84.805571
1257	-6.000000	-38.000000	218.000000	700.000000	84.805571
1258	-6.000000	-38.000000	218.000000	700.000000	84.805571
1259	-6.000000	-38.000000	218.000000	700.000000	84.805571
1260	-6.000000	-38.000000	218.000000	700.000000	84.805571
1261	-6.000000	-38.000000	218.000000	700.000000	84.805571
1262	-6.000000	-38.000000	218.000000	700.000000	84.805571
1263	-6.000000	-38.000000	218.000000	700.000000	84.805571
1264	-6.000000	-38.000000	218.000000	700.000000	84.805571
1265	-6.000000	-38.000000	218.000000	700.000000	84.805571
1266	-6.000000	-38.000000	218.000000	700.000000	84.805571
1267	-6.000000	-38.000000	218.000000	700.000000	84.805571
1268	-6.000000	-38.000000	218.000000	700.000000	84.805571
1269	-6.000000	-38.000000	218.000000	700.000000	84.805571
1270	-6.000000	-38.000000	218.000000	700.000000	84.805571
1271	-6.000000	-38.000000	218.000000	700.000000	84.805571
1272	-6.000000	-38.000000	218.000000	700.000000	84.805571
1273	-6.000000	-38.000000	225.000000	700.000000	84.805571
1274	-6.000000	-38.000000	225.000000	700.000000	84.805571
1275	-6.000000	-38.000000	225.000000	700.000000	84.805571
1276	-6.000000	-38.000000	225.000000	700.000000	84.805571
1277	-6.000000	-38.000000	224.000000	700.000000	84.805571
1278	-6.000000	-38.000000	224.000000	700.000000	84.805571
1279	-6.000000	-38.000000	224.000000	700.000000	84.805571
1280	-6.000000	-38.000000	224.000000	700.000000	84.805571
1281	-6.000000	-38.000000	223.000000	700.000000	84.805571
1282	-6.000000	-38.000000	223.000000	700.000000	84.805571
1283	-6.000000	-38.000000	223.000000	700.000000	84.805571
1284	-6.000000	-38.000000	223.000000	700.000000	84.805571
1285	-6.000000	-38.000000	222.000000	700.000000	84.805571
1286	-6.000000	-38.000000	222.000000	700.000000	84.805571
1287	-6.000000	-38.000000	222.000000	700.000000	84.805571
1288	-6.000000	-38.000000	222.000000	700.000000	84.805571
1289	-6.000000	-38.000000	222.000000	700.000000	84.805571
1290	-6.000000	-38.000000	221.000000	700.000000	84.805571
1291	-6.000000	-38.000000	221.000000	700.000000	84.805571
1292	-6.000000	-38.000000	221.000000	700.000000	84.805571
1293	-6.000000	-38.000000	220.000000	700.000000	84.805571
1294	-6.000000	-38.000000	220.000000	700.000000	84.805571
1295	-6.000000	-38.000000	220.000000	700.000000	84.805571
1296	-6.000000	-38.000000	219.000000	700.000000	84.805571
1297	-6.000000	-38.000000	219.000000	700.000000	84.805571
1298	-6.000000	-38.000000	219.000000	700.000000	84.805571
1299	-6.000000	-38.000000	218.000000	700.000000	84.805571
1300	-6.000000	-38.000000	218.000000	700.000000	84.805571
1301	-6.000000	-38.000000	218.000000	700.000000	84.805571
1302	-6.000000	-38.000000	218.000000	700.000000	84.805571
1303	-6.000000	-38.000000	218.000000	700.000000	84.805571
1304	-6.000000	-38.000000	218.000000	700.000000	84.805571
1305	-6.000000	-38.000000	218.000000	700.000000	84.805571
1306	-6.000000	-38.000000	218.000000	700.000000	84.805571
1307	-6.000000	-38.000000	218.000000	700.000000	84.805571
