#	Proyecto: Control de un Quadrotor por VA
#	Datos para la gráfica en GNUplot.

#	Error X	    	Error Y	 	Altura		Alt. Ref	Yaw
0	0.000000	0.000000	0.000000	500.000000	0.000000
1	0.000000	0.000000	0.000000	500.000000	0.000000
2	0.000000	0.000000	0.000000	500.000000	0.000000
3	0.000000	0.000000	0.000000	500.000000	0.000000
4	0.000000	0.000000	0.000000	500.000000	0.000000
5	0.000000	0.000000	0.000000	500.000000	0.000000
6	0.000000	0.000000	0.000000	500.000000	0.000000
7	0.000000	0.000000	0.000000	500.000000	0.000000
8	0.000000	0.000000	0.000000	500.000000	0.000000
9	0.000000	0.000000	0.000000	500.000000	0.000000
10	0.000000	0.000000	0.000000	500.000000	0.000000
11	0.000000	0.000000	0.000000	500.000000	0.000000
12	0.000000	0.000000	0.000000	500.000000	0.000000
13	0.000000	0.000000	0.000000	500.000000	0.000000
14	0.000000	0.000000	0.000000	500.000000	0.000000
15	0.000000	0.000000	0.000000	500.000000	0.000000
16	0.000000	0.000000	0.000000	500.000000	0.000000
17	0.000000	0.000000	0.000000	500.000000	0.000000
18	0.000000	0.000000	0.000000	500.000000	0.000000
19	0.000000	0.000000	0.000000	500.000000	0.000000
20	0.000000	0.000000	0.000000	500.000000	0.000000
21	0.000000	0.000000	0.000000	500.000000	0.000000
22	0.000000	0.000000	0.000000	500.000000	0.000000
23	0.000000	0.000000	0.000000	500.000000	0.000000
24	0.000000	0.000000	0.000000	500.000000	0.000000
25	0.000000	0.000000	0.000000	500.000000	0.000000
26	0.000000	0.000000	0.000000	500.000000	0.000000
27	0.000000	0.000000	0.000000	500.000000	0.000000
28	0.000000	0.000000	0.000000	500.000000	0.000000
29	0.000000	0.000000	0.000000	500.000000	0.000000
30	0.000000	0.000000	0.000000	500.000000	0.000000
31	0.000000	0.000000	0.000000	500.000000	0.000000
32	0.000000	0.000000	0.000000	500.000000	0.000000
33	0.000000	0.000000	0.000000	500.000000	0.000000
34	0.000000	0.000000	0.000000	500.000000	0.000000
35	0.000000	0.000000	0.000000	500.000000	0.000000
36	0.000000	0.000000	0.000000	500.000000	0.000000
37	0.000000	0.000000	0.000000	500.000000	0.000000
38	0.000000	0.000000	0.000000	500.000000	0.000000
39	0.000000	0.000000	0.000000	500.000000	0.000000
40	0.000000	0.000000	0.000000	500.000000	0.000000
41	0.000000	0.000000	0.000000	500.000000	0.000000
42	0.000000	0.000000	0.000000	500.000000	0.000000
43	0.000000	0.000000	0.000000	500.000000	0.000000
44	0.000000	0.000000	0.000000	500.000000	0.000000
45	0.000000	0.000000	0.000000	500.000000	0.000000
46	0.000000	0.000000	0.000000	500.000000	0.000000
47	0.000000	0.000000	0.000000	500.000000	0.000000
48	0.000000	0.000000	0.000000	500.000000	0.000000
49	0.000000	0.000000	0.000000	500.000000	0.000000
50	0.000000	0.000000	0.000000	500.000000	0.000000
51	0.000000	0.000000	0.000000	500.000000	0.000000
52	0.000000	0.000000	0.000000	500.000000	0.000000
53	0.000000	0.000000	0.000000	500.000000	0.000000
54	0.000000	0.000000	0.000000	500.000000	0.000000
55	0.000000	0.000000	0.000000	500.000000	0.000000
56	0.000000	0.000000	0.000000	500.000000	0.000000
57	0.000000	0.000000	0.000000	500.000000	0.000000
58	0.000000	0.000000	0.000000	500.000000	0.000000
59	0.000000	0.000000	0.000000	500.000000	0.000000
60	0.000000	0.000000	0.000000	500.000000	0.000000
61	0.000000	0.000000	0.000000	500.000000	0.000000
62	0.000000	0.000000	0.000000	500.000000	0.000000
63	0.000000	0.000000	0.000000	500.000000	0.000000
64	0.000000	0.000000	0.000000	500.000000	0.000000
65	0.000000	0.000000	0.000000	500.000000	0.000000
66	0.000000	0.000000	0.000000	500.000000	0.000000
67	0.000000	0.000000	0.000000	500.000000	0.000000
68	0.000000	0.000000	0.000000	500.000000	0.000000
69	0.000000	0.000000	0.000000	500.000000	0.000000
70	0.000000	0.000000	0.000000	500.000000	0.000000
71	0.000000	0.000000	0.000000	500.000000	0.000000
72	0.000000	0.000000	0.000000	500.000000	0.000000
73	0.000000	0.000000	0.000000	500.000000	0.000000
74	0.000000	0.000000	0.000000	500.000000	0.000000
75	0.000000	0.000000	0.000000	500.000000	0.000000
76	0.000000	0.000000	0.000000	500.000000	0.000000
77	0.000000	0.000000	0.000000	500.000000	0.000000
78	0.000000	0.000000	0.000000	500.000000	0.000000
79	0.000000	0.000000	0.000000	500.000000	0.000000
80	0.000000	0.000000	0.000000	500.000000	0.000000
81	0.000000	0.000000	0.000000	500.000000	0.000000
82	0.000000	0.000000	0.000000	500.000000	0.000000
83	0.000000	0.000000	0.000000	500.000000	0.000000
84	0.000000	0.000000	0.000000	500.000000	0.000000
85	0.000000	0.000000	0.000000	500.000000	0.000000
86	0.000000	0.000000	0.000000	500.000000	0.000000
87	0.000000	0.000000	0.000000	500.000000	0.000000
88	0.000000	0.000000	0.000000	500.000000	0.000000
89	0.000000	0.000000	0.000000	500.000000	0.000000
90	0.000000	0.000000	0.000000	500.000000	0.000000
91	0.000000	0.000000	0.000000	500.000000	0.000000
92	0.000000	0.000000	0.000000	500.000000	0.000000
93	0.000000	0.000000	0.000000	500.000000	0.000000
94	0.000000	0.000000	0.000000	500.000000	0.000000
95	0.000000	0.000000	0.000000	500.000000	0.000000
96	0.000000	0.000000	0.000000	500.000000	0.000000
97	0.000000	0.000000	0.000000	500.000000	0.000000
98	0.000000	0.000000	0.000000	500.000000	0.000000
99	0.000000	0.000000	0.000000	500.000000	0.000000
100	0.000000	0.000000	0.000000	500.000000	0.000000
101	0.000000	0.000000	0.000000	500.000000	0.000000
102	0.000000	0.000000	0.000000	500.000000	0.000000
103	0.000000	0.000000	0.000000	500.000000	0.000000
104	0.000000	0.000000	0.000000	500.000000	0.000000
105	0.000000	0.000000	0.000000	500.000000	0.000000
106	0.000000	0.000000	0.000000	500.000000	0.000000
107	0.000000	0.000000	0.000000	500.000000	0.000000
108	0.000000	0.000000	0.000000	500.000000	0.000000
109	0.000000	0.000000	0.000000	500.000000	0.000000
110	0.000000	0.000000	0.000000	500.000000	0.000000
111	0.000000	0.000000	0.000000	500.000000	0.000000
112	0.000000	0.000000	0.000000	500.000000	0.000000
113	0.000000	0.000000	0.000000	500.000000	0.000000
114	0.000000	0.000000	0.000000	500.000000	0.000000
115	0.000000	0.000000	0.000000	500.000000	0.000000
116	0.000000	0.000000	0.000000	500.000000	0.000000
117	0.000000	0.000000	0.000000	500.000000	0.000000
118	0.000000	0.000000	0.000000	500.000000	0.000000
119	0.000000	0.000000	0.000000	500.000000	0.000000
120	0.000000	0.000000	0.000000	500.000000	0.000000
121	0.000000	0.000000	0.000000	500.000000	0.000000
122	0.000000	0.000000	0.000000	500.000000	0.000000
123	0.000000	0.000000	0.000000	500.000000	0.000000
124	0.000000	0.000000	0.000000	500.000000	0.000000
125	0.000000	0.000000	0.000000	500.000000	0.000000
126	0.000000	0.000000	0.000000	500.000000	0.000000
127	0.000000	0.000000	0.000000	500.000000	0.000000
128	0.000000	0.000000	0.000000	500.000000	0.000000
129	0.000000	0.000000	0.000000	500.000000	0.000000
130	0.000000	0.000000	0.000000	500.000000	0.000000
131	0.000000	0.000000	0.000000	500.000000	0.000000
132	0.000000	0.000000	0.000000	500.000000	0.000000
133	0.000000	0.000000	0.000000	500.000000	0.000000
134	0.000000	0.000000	0.000000	500.000000	0.000000
135	0.000000	0.000000	0.000000	500.000000	0.000000
136	0.000000	0.000000	0.000000	500.000000	0.000000
137	0.000000	0.000000	0.000000	500.000000	0.000000
138	0.000000	0.000000	0.000000	500.000000	0.000000
139	0.000000	0.000000	0.000000	500.000000	0.000000
140	0.000000	0.000000	0.000000	500.000000	0.000000
141	0.000000	0.000000	0.000000	500.000000	0.000000
142	0.000000	0.000000	0.000000	500.000000	0.000000
143	0.000000	0.000000	0.000000	500.000000	0.000000
144	0.000000	0.000000	0.000000	500.000000	0.000000
145	0.000000	0.000000	0.000000	500.000000	0.000000
146	0.000000	0.000000	0.000000	500.000000	0.000000
147	0.000000	0.000000	0.000000	500.000000	0.000000
148	0.000000	0.000000	0.000000	500.000000	0.000000
149	0.000000	0.000000	0.000000	500.000000	0.000000
150	0.000000	0.000000	0.000000	500.000000	0.000000
151	0.000000	0.000000	0.000000	500.000000	0.000000
152	0.000000	0.000000	0.000000	500.000000	0.000000
153	0.000000	0.000000	0.000000	500.000000	0.000000
154	0.000000	0.000000	0.000000	500.000000	0.000000
155	0.000000	0.000000	0.000000	500.000000	0.000000
156	0.000000	0.000000	0.000000	500.000000	0.000000
157	0.000000	0.000000	0.000000	500.000000	0.000000
158	0.000000	0.000000	0.000000	500.000000	0.000000
159	0.000000	0.000000	0.000000	500.000000	0.000000
160	0.000000	0.000000	0.000000	500.000000	0.000000
161	0.000000	0.000000	0.000000	500.000000	0.000000
162	0.000000	0.000000	0.000000	500.000000	0.000000
163	0.000000	0.000000	0.000000	500.000000	0.000000
164	0.000000	0.000000	0.000000	500.000000	0.000000
165	0.000000	0.000000	0.000000	500.000000	0.000000
166	0.000000	0.000000	0.000000	500.000000	0.000000
167	0.000000	0.000000	0.000000	500.000000	0.000000
168	0.000000	0.000000	0.000000	500.000000	0.000000
169	0.000000	0.000000	0.000000	500.000000	0.000000
170	0.000000	0.000000	0.000000	500.000000	0.000000
171	0.000000	0.000000	0.000000	500.000000	0.000000
172	0.000000	0.000000	0.000000	500.000000	0.000000
173	0.000000	0.000000	0.000000	500.000000	0.000000
174	0.000000	0.000000	0.000000	500.000000	0.000000
175	0.000000	0.000000	0.000000	500.000000	0.000000
176	0.000000	0.000000	0.000000	500.000000	0.000000
177	0.000000	0.000000	0.000000	500.000000	0.000000
178	0.000000	0.000000	0.000000	500.000000	0.000000
179	0.000000	0.000000	0.000000	500.000000	0.000000
180	0.000000	0.000000	0.000000	500.000000	0.000000
181	0.000000	0.000000	0.000000	500.000000	0.000000
182	0.000000	0.000000	0.000000	500.000000	0.000000
183	0.000000	0.000000	0.000000	500.000000	0.000000
184	0.000000	0.000000	0.000000	500.000000	0.000000
185	0.000000	0.000000	0.000000	500.000000	0.000000
186	0.000000	0.000000	0.000000	500.000000	0.000000
187	0.000000	0.000000	0.000000	500.000000	0.000000
188	0.000000	0.000000	0.000000	500.000000	0.000000
189	0.000000	0.000000	0.000000	500.000000	0.000000
190	0.000000	0.000000	0.000000	500.000000	0.000000
191	0.000000	0.000000	0.000000	500.000000	0.000000
192	0.000000	0.000000	0.000000	500.000000	0.000000
193	0.000000	0.000000	0.000000	500.000000	0.000000
194	0.000000	0.000000	0.000000	500.000000	0.000000
195	0.000000	0.000000	0.000000	500.000000	0.000000
196	0.000000	0.000000	0.000000	500.000000	0.000000
197	0.000000	0.000000	0.000000	500.000000	0.000000
198	0.000000	0.000000	0.000000	500.000000	0.000000
199	0.000000	0.000000	0.000000	500.000000	0.000000
200	0.000000	0.000000	0.000000	500.000000	0.000000
201	0.000000	0.000000	0.000000	500.000000	0.000000
202	0.000000	0.000000	0.000000	500.000000	0.000000
203	0.000000	0.000000	0.000000	500.000000	0.000000
204	0.000000	0.000000	0.000000	500.000000	0.000000
205	0.000000	0.000000	0.000000	500.000000	0.000000
206	0.000000	0.000000	0.000000	500.000000	0.000000
207	0.000000	0.000000	0.000000	500.000000	0.000000
208	0.000000	0.000000	0.000000	500.000000	0.000000
209	0.000000	0.000000	0.000000	500.000000	0.000000
210	0.000000	0.000000	0.000000	500.000000	0.000000
211	0.000000	0.000000	0.000000	500.000000	0.000000
212	0.000000	0.000000	0.000000	500.000000	0.000000
213	0.000000	0.000000	0.000000	500.000000	0.000000
214	0.000000	0.000000	0.000000	500.000000	0.000000
215	0.000000	0.000000	0.000000	500.000000	0.000000
216	0.000000	0.000000	0.000000	500.000000	0.000000
217	0.000000	0.000000	0.000000	500.000000	0.000000
218	0.000000	0.000000	0.000000	500.000000	0.000000
219	0.000000	0.000000	0.000000	500.000000	0.000000
220	0.000000	0.000000	0.000000	500.000000	0.000000
221	0.000000	0.000000	0.000000	500.000000	0.000000
222	0.000000	0.000000	0.000000	500.000000	0.000000
223	0.000000	0.000000	0.000000	500.000000	0.000000
224	0.000000	0.000000	0.000000	500.000000	0.000000
225	0.000000	0.000000	0.000000	500.000000	0.000000
226	0.000000	0.000000	0.000000	500.000000	0.000000
227	0.000000	0.000000	0.000000	500.000000	0.000000
228	0.000000	0.000000	0.000000	500.000000	0.000000
229	0.000000	0.000000	0.000000	500.000000	0.000000
230	0.000000	0.000000	0.000000	500.000000	0.000000
231	0.000000	0.000000	0.000000	500.000000	0.000000
232	0.000000	0.000000	0.000000	500.000000	0.000000
233	0.000000	0.000000	0.000000	500.000000	0.000000
234	0.000000	0.000000	0.000000	500.000000	0.000000
235	0.000000	0.000000	0.000000	500.000000	0.000000
236	0.000000	0.000000	0.000000	500.000000	0.000000
237	0.000000	0.000000	0.000000	500.000000	0.000000
238	0.000000	0.000000	0.000000	500.000000	0.000000
239	0.000000	0.000000	0.000000	500.000000	0.000000
240	0.000000	0.000000	0.000000	500.000000	0.000000
241	0.000000	0.000000	0.000000	500.000000	0.000000
242	0.000000	0.000000	0.000000	500.000000	0.000000
243	0.000000	0.000000	0.000000	500.000000	0.000000
244	0.000000	0.000000	0.000000	500.000000	0.000000
245	0.000000	0.000000	0.000000	500.000000	0.000000
246	0.000000	0.000000	0.000000	500.000000	0.000000
247	0.000000	0.000000	0.000000	500.000000	0.000000
248	0.000000	0.000000	0.000000	500.000000	0.000000
249	0.000000	0.000000	0.000000	500.000000	0.000000
250	0.000000	0.000000	0.000000	500.000000	0.000000
251	0.000000	0.000000	0.000000	500.000000	0.000000
252	0.000000	0.000000	0.000000	500.000000	0.000000
253	0.000000	0.000000	0.000000	500.000000	0.000000
254	0.000000	0.000000	0.000000	500.000000	0.000000
255	0.000000	0.000000	0.000000	500.000000	0.000000
256	0.000000	0.000000	0.000000	500.000000	0.000000
257	0.000000	0.000000	0.000000	500.000000	0.000000
258	0.000000	0.000000	0.000000	500.000000	0.000000
259	0.000000	0.000000	0.000000	500.000000	0.000000
260	0.000000	0.000000	0.000000	500.000000	0.000000
261	0.000000	0.000000	0.000000	500.000000	0.000000
262	0.000000	0.000000	0.000000	500.000000	0.000000
263	0.000000	0.000000	0.000000	500.000000	0.000000
264	0.000000	0.000000	0.000000	500.000000	0.000000
265	0.000000	0.000000	0.000000	500.000000	0.000000
266	0.000000	0.000000	0.000000	500.000000	0.000000
267	0.000000	0.000000	0.000000	500.000000	0.000000
268	0.000000	0.000000	0.000000	500.000000	0.000000
269	0.000000	0.000000	0.000000	500.000000	0.000000
270	0.000000	0.000000	0.000000	500.000000	0.000000
271	0.000000	0.000000	0.000000	500.000000	0.000000
272	0.000000	0.000000	0.000000	500.000000	0.000000
273	0.000000	0.000000	0.000000	500.000000	0.000000
274	0.000000	0.000000	0.000000	500.000000	0.000000
275	0.000000	0.000000	0.000000	500.000000	0.000000
276	0.000000	0.000000	0.000000	500.000000	0.000000
277	0.000000	0.000000	0.000000	500.000000	0.000000
278	0.000000	0.000000	0.000000	500.000000	0.000000
279	0.000000	0.000000	0.000000	500.000000	0.000000
280	0.000000	0.000000	0.000000	500.000000	0.000000
281	0.000000	0.000000	0.000000	500.000000	0.000000
282	0.000000	0.000000	0.000000	500.000000	0.000000
283	0.000000	0.000000	0.000000	500.000000	0.000000
284	0.000000	0.000000	0.000000	500.000000	0.000000
285	0.000000	0.000000	0.000000	500.000000	0.000000
286	0.000000	0.000000	0.000000	500.000000	0.000000
287	0.000000	0.000000	0.000000	500.000000	0.000000
288	0.000000	0.000000	0.000000	500.000000	0.000000
289	0.000000	0.000000	0.000000	500.000000	0.000000
290	0.000000	0.000000	0.000000	500.000000	0.000000
291	0.000000	0.000000	0.000000	500.000000	0.000000
292	0.000000	0.000000	0.000000	500.000000	0.000000
293	0.000000	0.000000	0.000000	500.000000	0.000000
294	0.000000	0.000000	0.000000	500.000000	0.000000
295	0.000000	0.000000	0.000000	500.000000	0.000000
296	0.000000	0.000000	0.000000	500.000000	0.000000
297	0.000000	0.000000	0.000000	500.000000	0.000000
298	0.000000	0.000000	0.000000	500.000000	0.000000
299	0.000000	0.000000	0.000000	500.000000	0.000000
300	0.000000	0.000000	0.000000	500.000000	0.000000
301	0.000000	0.000000	0.000000	500.000000	0.000000
302	0.000000	0.000000	0.000000	500.000000	0.000000
303	0.000000	0.000000	0.000000	500.000000	0.000000
304	0.000000	0.000000	0.000000	500.000000	0.000000
305	0.000000	0.000000	0.000000	500.000000	0.000000
306	0.000000	0.000000	0.000000	500.000000	0.000000
307	0.000000	0.000000	0.000000	500.000000	0.000000
308	0.000000	0.000000	0.000000	500.000000	0.000000
309	0.000000	0.000000	0.000000	500.000000	0.000000
310	0.000000	0.000000	0.000000	500.000000	0.000000
311	0.000000	0.000000	0.000000	500.000000	0.000000
312	0.000000	0.000000	0.000000	500.000000	0.000000
313	0.000000	0.000000	0.000000	500.000000	0.000000
314	0.000000	0.000000	0.000000	500.000000	0.000000
315	0.000000	0.000000	0.000000	500.000000	0.000000
316	0.000000	0.000000	0.000000	500.000000	0.000000
317	0.000000	0.000000	0.000000	500.000000	0.000000
318	0.000000	0.000000	0.000000	500.000000	0.000000
319	0.000000	0.000000	0.000000	500.000000	0.000000
320	0.000000	0.000000	0.000000	500.000000	0.000000
321	0.000000	0.000000	0.000000	500.000000	0.000000
322	0.000000	0.000000	0.000000	500.000000	0.000000
323	0.000000	0.000000	0.000000	500.000000	0.000000
324	0.000000	0.000000	0.000000	500.000000	0.000000
325	0.000000	0.000000	0.000000	500.000000	0.000000
326	0.000000	0.000000	0.000000	500.000000	0.000000
327	0.000000	0.000000	0.000000	500.000000	0.000000
328	0.000000	0.000000	0.000000	500.000000	0.000000
329	0.000000	0.000000	0.000000	500.000000	0.000000
330	0.000000	0.000000	0.000000	500.000000	0.000000
331	0.000000	0.000000	0.000000	500.000000	0.000000
332	0.000000	0.000000	0.000000	500.000000	0.000000
333	0.000000	0.000000	0.000000	500.000000	0.000000
334	0.000000	0.000000	0.000000	500.000000	0.000000
335	0.000000	0.000000	0.000000	500.000000	0.000000
336	0.000000	0.000000	0.000000	500.000000	0.000000
337	0.000000	0.000000	0.000000	500.000000	0.000000
338	0.000000	0.000000	0.000000	500.000000	0.000000
339	0.000000	0.000000	0.000000	500.000000	0.000000
340	0.000000	0.000000	0.000000	500.000000	0.000000
341	0.000000	0.000000	0.000000	500.000000	0.000000
342	0.000000	0.000000	0.000000	500.000000	0.000000
343	0.000000	0.000000	0.000000	500.000000	0.000000
344	0.000000	0.000000	0.000000	500.000000	0.000000
345	0.000000	0.000000	0.000000	500.000000	0.000000
346	0.000000	0.000000	0.000000	500.000000	0.000000
347	0.000000	0.000000	0.000000	500.000000	0.000000
348	0.000000	0.000000	0.000000	500.000000	0.000000
349	0.000000	0.000000	0.000000	500.000000	0.000000
350	0.000000	0.000000	0.000000	500.000000	0.000000
351	0.000000	0.000000	0.000000	500.000000	0.000000
352	0.000000	0.000000	0.000000	500.000000	0.000000
353	0.000000	0.000000	0.000000	500.000000	0.000000
354	0.000000	0.000000	0.000000	500.000000	0.000000
355	0.000000	0.000000	0.000000	500.000000	0.000000
356	0.000000	0.000000	0.000000	500.000000	0.000000
357	0.000000	0.000000	0.000000	500.000000	0.000000
358	0.000000	0.000000	0.000000	500.000000	0.000000
359	0.000000	0.000000	0.000000	500.000000	0.000000
360	0.000000	0.000000	0.000000	500.000000	0.000000
361	0.000000	0.000000	0.000000	500.000000	0.000000
362	0.000000	0.000000	0.000000	500.000000	0.000000
363	0.000000	0.000000	0.000000	500.000000	0.000000
364	0.000000	0.000000	0.000000	500.000000	0.000000
365	0.000000	0.000000	0.000000	500.000000	0.000000
366	0.000000	0.000000	0.000000	500.000000	0.000000
367	0.000000	0.000000	0.000000	500.000000	0.000000
368	0.000000	0.000000	0.000000	500.000000	0.000000
369	0.000000	0.000000	0.000000	500.000000	0.000000
370	0.000000	0.000000	0.000000	500.000000	0.000000
371	0.000000	0.000000	0.000000	500.000000	0.000000
372	0.000000	0.000000	0.000000	500.000000	0.000000
373	0.000000	0.000000	0.000000	500.000000	0.000000
374	0.000000	0.000000	0.000000	500.000000	0.000000
375	0.000000	0.000000	0.000000	500.000000	0.000000
376	0.000000	0.000000	0.000000	500.000000	0.000000
377	0.000000	0.000000	0.000000	500.000000	0.000000
378	0.000000	0.000000	0.000000	500.000000	0.000000
379	0.000000	0.000000	0.000000	500.000000	0.000000
380	0.000000	0.000000	0.000000	500.000000	0.000000
381	0.000000	0.000000	0.000000	500.000000	0.000000
382	0.000000	0.000000	0.000000	500.000000	0.000000
383	0.000000	0.000000	0.000000	500.000000	0.000000
384	0.000000	0.000000	0.000000	500.000000	0.000000
385	0.000000	0.000000	0.000000	500.000000	0.000000
386	0.000000	0.000000	0.000000	500.000000	0.000000
387	0.000000	0.000000	0.000000	500.000000	0.000000
388	0.000000	0.000000	0.000000	500.000000	0.000000
389	0.000000	0.000000	0.000000	500.000000	0.000000
390	0.000000	0.000000	0.000000	500.000000	0.000000
391	0.000000	0.000000	0.000000	500.000000	0.000000
392	0.000000	0.000000	0.000000	500.000000	0.000000
393	0.000000	0.000000	0.000000	500.000000	0.000000
394	0.000000	0.000000	0.000000	500.000000	0.000000
395	0.000000	0.000000	0.000000	500.000000	0.000000
396	0.000000	0.000000	0.000000	500.000000	0.000000
397	0.000000	0.000000	0.000000	500.000000	0.000000
398	0.000000	0.000000	0.000000	500.000000	0.000000
399	0.000000	0.000000	0.000000	500.000000	0.000000
400	0.000000	0.000000	0.000000	500.000000	0.000000
401	0.000000	0.000000	0.000000	500.000000	0.000000
402	0.000000	0.000000	0.000000	500.000000	0.000000
403	0.000000	0.000000	0.000000	500.000000	0.000000
404	0.000000	0.000000	0.000000	500.000000	0.000000
405	0.000000	0.000000	0.000000	500.000000	0.000000
406	0.000000	0.000000	0.000000	500.000000	0.000000
407	0.000000	0.000000	0.000000	500.000000	0.000000
408	0.000000	0.000000	0.000000	500.000000	0.000000
409	0.000000	0.000000	0.000000	500.000000	0.000000
410	0.000000	0.000000	0.000000	500.000000	0.000000
411	0.000000	0.000000	0.000000	500.000000	0.000000
412	0.000000	0.000000	0.000000	500.000000	0.000000
413	0.000000	0.000000	0.000000	500.000000	0.000000
414	0.000000	0.000000	0.000000	500.000000	0.000000
415	0.000000	0.000000	0.000000	500.000000	0.000000
416	0.000000	0.000000	0.000000	500.000000	0.000000
417	0.000000	0.000000	0.000000	500.000000	0.000000
418	0.000000	0.000000	0.000000	500.000000	0.000000
419	0.000000	0.000000	0.000000	500.000000	0.000000
420	0.000000	0.000000	0.000000	500.000000	0.000000
421	0.000000	0.000000	0.000000	500.000000	0.000000
422	0.000000	0.000000	0.000000	500.000000	0.000000
423	0.000000	0.000000	0.000000	500.000000	0.000000
424	0.000000	0.000000	0.000000	500.000000	0.000000
425	0.000000	0.000000	0.000000	500.000000	0.000000
426	0.000000	0.000000	0.000000	500.000000	0.000000
427	0.000000	0.000000	0.000000	500.000000	0.000000
428	0.000000	0.000000	0.000000	500.000000	0.000000
429	0.000000	0.000000	0.000000	500.000000	0.000000
430	0.000000	0.000000	0.000000	500.000000	0.000000
431	0.000000	0.000000	0.000000	500.000000	0.000000
432	0.000000	0.000000	0.000000	500.000000	0.000000
433	0.000000	0.000000	0.000000	500.000000	0.000000
434	0.000000	0.000000	0.000000	500.000000	0.000000
435	0.000000	0.000000	0.000000	500.000000	0.000000
436	0.000000	0.000000	0.000000	500.000000	0.000000
437	0.000000	0.000000	0.000000	500.000000	0.000000
438	0.000000	0.000000	0.000000	500.000000	0.000000
439	0.000000	0.000000	16.000000	500.000000	0.000000
440	0.000000	0.000000	16.000000	500.000000	0.000000
441	0.000000	0.000000	16.000000	500.000000	0.000000
442	0.000000	0.000000	50.000000	500.000000	0.000000
443	0.000000	0.000000	73.000000	500.000000	0.000000
444	0.000000	0.000000	73.000000	500.000000	0.000000
445	0.000000	0.000000	75.000000	500.000000	0.000000
446	0.000000	0.000000	75.000000	500.000000	0.000000
447	0.000000	0.000000	111.000000	500.000000	0.000000
448	0.000000	0.000000	111.000000	500.000000	0.000000
449	0.000000	0.000000	146.000000	500.000000	0.000000
450	0.000000	0.000000	146.000000	500.000000	0.000000
451	0.000000	0.000000	198.000000	500.000000	0.000000
452	0.000000	0.000000	198.000000	500.000000	0.000000
453	0.000000	0.000000	209.000000	500.000000	0.000000
454	0.000000	0.000000	209.000000	500.000000	0.000000
455	0.000000	0.000000	240.000000	500.000000	0.000000
456	0.000000	0.000000	240.000000	500.000000	0.000000
457	0.000000	0.000000	273.000000	500.000000	0.000000
458	0.000000	0.000000	273.000000	500.000000	0.000000
459	0.000000	0.000000	308.000000	500.000000	0.000000
460	0.000000	0.000000	308.000000	500.000000	0.000000
461	0.000000	0.000000	345.000000	500.000000	0.000000
462	0.000000	0.000000	345.000000	500.000000	0.000000
463	0.000000	0.000000	619.000000	500.000000	0.000000
464	0.000000	0.000000	619.000000	500.000000	0.000000
465	0.000000	0.000000	619.000000	500.000000	0.000000
466	0.000000	0.000000	603.000000	500.000000	0.000000
467	0.000000	0.000000	603.000000	500.000000	0.000000
468	0.000000	0.000000	574.000000	500.000000	0.000000
469	0.000000	0.000000	574.000000	500.000000	0.000000
470	0.000000	0.000000	593.000000	500.000000	0.000000
471	0.000000	0.000000	593.000000	500.000000	0.000000
472	0.000000	0.000000	538.000000	500.000000	0.000000
473	0.000000	0.000000	538.000000	500.000000	0.000000
474	0.000000	0.000000	520.000000	500.000000	0.000000
475	0.000000	0.000000	520.000000	500.000000	0.000000
476	0.000000	0.000000	476.000000	500.000000	0.000000
477	0.000000	0.000000	476.000000	500.000000	0.000000
478	0.000000	0.000000	457.000000	500.000000	0.000000
479	0.000000	0.000000	457.000000	500.000000	0.000000
480	0.000000	0.000000	408.000000	500.000000	0.000000
481	0.000000	0.000000	408.000000	500.000000	0.000000
482	0.000000	0.000000	377.000000	500.000000	0.000000
483	0.000000	0.000000	377.000000	500.000000	0.000000
484	0.000000	0.000000	310.000000	500.000000	0.000000
485	0.000000	0.000000	310.000000	500.000000	0.000000
486	0.000000	0.000000	281.000000	500.000000	0.000000
487	0.000000	0.000000	281.000000	500.000000	0.000000
488	0.000000	0.000000	250.000000	500.000000	0.000000
489	0.000000	0.000000	250.000000	500.000000	0.000000
490	0.000000	0.000000	230.000000	500.000000	0.000000
491	0.000000	0.000000	230.000000	500.000000	0.000000
492	0.000000	0.000000	203.000000	500.000000	0.000000
493	0.000000	0.000000	203.000000	500.000000	0.000000
494	0.000000	0.000000	102.000000	500.000000	0.000000
495	0.000000	0.000000	103.000000	500.000000	0.000000
496	0.000000	0.000000	99.000000	500.000000	0.000000
497	0.000000	0.000000	99.000000	500.000000	0.000000
498	0.000000	0.000000	98.000000	500.000000	0.000000
499	0.000000	0.000000	98.000000	500.000000	0.000000
500	0.000000	0.000000	100.000000	500.000000	0.000000
501	0.000000	0.000000	100.000000	500.000000	0.000000
502	0.000000	0.000000	99.000000	500.000000	0.000000
503	0.000000	0.000000	99.000000	500.000000	0.000000
504	0.000000	0.000000	97.000000	500.000000	0.000000
505	0.000000	0.000000	97.000000	500.000000	0.000000
506	0.000000	0.000000	96.000000	500.000000	0.000000
507	0.000000	0.000000	96.000000	500.000000	0.000000
508	0.000000	0.000000	98.000000	500.000000	0.000000
509	0.000000	0.000000	98.000000	500.000000	0.000000
510	0.000000	0.000000	101.000000	500.000000	0.000000
511	0.000000	0.000000	101.000000	500.000000	0.000000
512	0.000000	0.000000	102.000000	500.000000	0.000000
513	0.000000	0.000000	102.000000	500.000000	0.000000
514	0.000000	0.000000	150.000000	500.000000	0.000000
515	0.000000	0.000000	150.000000	500.000000	0.000000
516	0.000000	0.000000	168.000000	500.000000	0.000000
517	0.000000	0.000000	168.000000	500.000000	0.000000
518	0.000000	0.000000	163.000000	500.000000	0.000000
519	0.000000	0.000000	186.000000	500.000000	0.000000
520	0.000000	0.000000	186.000000	500.000000	0.000000
521	0.000000	0.000000	186.000000	500.000000	0.000000
522	0.000000	0.000000	174.000000	500.000000	0.000000
523	0.000000	0.000000	174.000000	500.000000	0.000000
524	0.000000	0.000000	162.000000	500.000000	0.000000
525	0.000000	0.000000	162.000000	500.000000	0.000000
526	0.000000	0.000000	160.000000	500.000000	0.000000
527	0.000000	0.000000	160.000000	500.000000	0.000000
528	0.000000	0.000000	160.000000	500.000000	0.000000
529	0.000000	0.000000	160.000000	500.000000	0.000000
530	0.000000	0.000000	160.000000	500.000000	0.000000
531	0.000000	0.000000	166.000000	500.000000	0.000000
532	0.000000	0.000000	166.000000	500.000000	0.000000
533	0.000000	0.000000	183.000000	500.000000	0.000000
534	-22.000000	54.000000	183.000000	500.000000	-54.462322
535	-22.000000	54.000000	183.000000	500.000000	-54.462322
536	-22.000000	54.000000	194.000000	500.000000	-54.462322
537	-22.000000	54.000000	194.000000	500.000000	-54.462322
538	-22.000000	54.000000	185.000000	500.000000	-54.462322
539	-16.000000	11.000000	185.000000	500.000000	-50.194437
540	-16.000000	11.000000	188.000000	500.000000	-50.194437
541	-16.000000	11.000000	210.000000	500.000000	-50.194437
542	-16.000000	11.000000	210.000000	500.000000	-50.194437
543	-16.000000	11.000000	216.000000	500.000000	-50.194437
544	-16.000000	11.000000	216.000000	500.000000	-50.194437
545	-16.000000	11.000000	216.000000	500.000000	-50.194437
546	-16.000000	11.000000	228.000000	500.000000	-50.194437
547	-16.000000	11.000000	249.000000	500.000000	-50.194437
548	-1.000000	-44.000000	249.000000	500.000000	-90.000000
549	-1.000000	-44.000000	266.000000	500.000000	-90.000000
550	-1.000000	-44.000000	266.000000	500.000000	-90.000000
551	-1.000000	-44.000000	327.000000	500.000000	-90.000000
552	-1.000000	-44.000000	327.000000	500.000000	-90.000000
553	-1.000000	-44.000000	324.000000	500.000000	-90.000000
554	-1.000000	-44.000000	324.000000	500.000000	-90.000000
555	-1.000000	-44.000000	347.000000	500.000000	-90.000000
556	-1.000000	-44.000000	347.000000	500.000000	-90.000000
557	-1.000000	-44.000000	412.000000	500.000000	-90.000000
558	-1.000000	-44.000000	412.000000	500.000000	-90.000000
559	-1.000000	-44.000000	363.000000	500.000000	-90.000000
560	-1.000000	-44.000000	363.000000	500.000000	-90.000000
561	-1.000000	-44.000000	383.000000	500.000000	-90.000000
562	-1.000000	-44.000000	383.000000	500.000000	-90.000000
563	-1.000000	-44.000000	383.000000	500.000000	-90.000000
564	-1.000000	-44.000000	414.000000	500.000000	-90.000000
565	-1.000000	-44.000000	520.000000	500.000000	-90.000000
566	28.000000	-47.000000	520.000000	500.000000	-90.000000
567	28.000000	-47.000000	520.000000	500.000000	-90.000000
568	28.000000	-47.000000	520.000000	500.000000	-90.000000
569	28.000000	-47.000000	520.000000	500.000000	-90.000000
570	28.000000	-47.000000	484.000000	500.000000	-90.000000
571	28.000000	-47.000000	499.000000	500.000000	-90.000000
572	28.000000	-47.000000	499.000000	500.000000	-90.000000
573	28.000000	-47.000000	545.000000	500.000000	-90.000000
574	28.000000	-47.000000	545.000000	500.000000	-90.000000
575	28.000000	-47.000000	529.000000	500.000000	-90.000000
576	28.000000	-47.000000	529.000000	500.000000	-90.000000
577	28.000000	-47.000000	556.000000	500.000000	-90.000000
578	28.000000	-47.000000	556.000000	500.000000	-90.000000
579	28.000000	-47.000000	555.000000	500.000000	-90.000000
580	28.000000	-47.000000	555.000000	500.000000	-90.000000
581	28.000000	-47.000000	574.000000	500.000000	-90.000000
582	28.000000	-47.000000	574.000000	500.000000	-90.000000
583	28.000000	-47.000000	602.000000	500.000000	-90.000000
584	28.000000	-47.000000	602.000000	500.000000	-90.000000
585	28.000000	-47.000000	591.000000	500.000000	-90.000000
586	28.000000	-47.000000	591.000000	500.000000	-90.000000
587	28.000000	-47.000000	646.000000	500.000000	-90.000000
588	28.000000	-47.000000	646.000000	500.000000	-90.000000
589	28.000000	-47.000000	604.000000	500.000000	-90.000000
590	28.000000	-47.000000	604.000000	500.000000	-90.000000
591	28.000000	-47.000000	579.000000	500.000000	-90.000000
592	28.000000	-47.000000	579.000000	500.000000	-90.000000
593	28.000000	-47.000000	572.000000	500.000000	-90.000000
594	28.000000	-47.000000	572.000000	500.000000	-90.000000
595	28.000000	-47.000000	561.000000	500.000000	-90.000000
596	28.000000	-47.000000	561.000000	500.000000	-90.000000
597	28.000000	-47.000000	546.000000	500.000000	-90.000000
598	28.000000	-47.000000	546.000000	500.000000	-90.000000
599	28.000000	-47.000000	526.000000	500.000000	-90.000000
600	28.000000	-47.000000	526.000000	500.000000	-90.000000
601	28.000000	-47.000000	519.000000	500.000000	-90.000000
602	28.000000	-47.000000	519.000000	500.000000	-90.000000
603	-6.000000	-45.000000	494.000000	500.000000	-90.000000
604	-6.000000	-45.000000	494.000000	500.000000	-90.000000
605	-6.000000	-45.000000	471.000000	500.000000	-90.000000
606	-7.000000	-45.000000	471.000000	500.000000	90.000000
607	-7.000000	-45.000000	449.000000	500.000000	90.000000
608	-7.000000	-45.000000	449.000000	500.000000	90.000000
609	-4.000000	-43.000000	429.000000	500.000000	-90.000000
610	-4.000000	-43.000000	429.000000	500.000000	-90.000000
611	-4.000000	-43.000000	405.000000	500.000000	-90.000000
612	-1.000000	-41.000000	405.000000	500.000000	90.000000
613	-1.000000	-41.000000	385.000000	500.000000	90.000000
614	1.000000	-38.000000	385.000000	500.000000	90.000000
615	1.000000	-38.000000	357.000000	500.000000	90.000000
616	1.000000	-38.000000	357.000000	500.000000	90.000000
617	1.000000	-36.000000	331.000000	500.000000	-90.000000
618	1.000000	-36.000000	331.000000	500.000000	-90.000000
619	0.000000	-33.000000	357.000000	500.000000	90.000000
620	0.000000	-33.000000	357.000000	500.000000	90.000000
621	0.000000	-33.000000	295.000000	500.000000	90.000000
622	0.000000	-33.000000	295.000000	500.000000	90.000000
623	0.000000	-33.000000	279.000000	500.000000	90.000000
624	0.000000	-33.000000	279.000000	500.000000	90.000000
625	1.000000	-53.000000	269.000000	500.000000	-50.599345
626	1.000000	-53.000000	269.000000	500.000000	-50.599345
627	1.000000	-53.000000	273.000000	500.000000	-50.599345
628	1.000000	-53.000000	273.000000	500.000000	-50.599345
629	1.000000	-53.000000	254.000000	500.000000	-50.599345
630	11.000000	-37.000000	254.000000	500.000000	-50.906143
631	11.000000	-37.000000	252.000000	500.000000	-50.906143
632	11.000000	-37.000000	252.000000	500.000000	-50.906143
633	23.000000	-22.000000	240.000000	500.000000	-51.709838
634	23.000000	-22.000000	240.000000	500.000000	-51.709838
635	23.000000	-22.000000	239.000000	500.000000	-51.709838
636	36.000000	-8.000000	239.000000	500.000000	-53.130093
637	36.000000	-8.000000	237.000000	500.000000	-53.130093
638	44.000000	2.000000	237.000000	500.000000	-55.491467
639	44.000000	2.000000	230.000000	500.000000	-55.491467
640	44.000000	2.000000	230.000000	500.000000	-55.491467
641	56.000000	6.000000	230.000000	500.000000	27.474435
642	56.000000	6.000000	230.000000	500.000000	27.474435
643	47.000000	6.000000	242.000000	500.000000	0.000000
644	47.000000	6.000000	242.000000	500.000000	0.000000
645	47.000000	6.000000	247.000000	500.000000	0.000000
646	47.000000	6.000000	247.000000	500.000000	0.000000
647	47.000000	6.000000	257.000000	500.000000	0.000000
648	47.000000	6.000000	257.000000	500.000000	0.000000
649	47.000000	6.000000	259.000000	500.000000	0.000000
650	47.000000	6.000000	259.000000	500.000000	0.000000
651	47.000000	6.000000	290.000000	500.000000	0.000000
652	47.000000	6.000000	290.000000	500.000000	0.000000
653	47.000000	6.000000	270.000000	500.000000	0.000000
654	47.000000	6.000000	270.000000	500.000000	0.000000
655	47.000000	6.000000	268.000000	500.000000	0.000000
656	47.000000	6.000000	268.000000	500.000000	0.000000
657	47.000000	6.000000	258.000000	500.000000	0.000000
658	47.000000	6.000000	258.000000	500.000000	0.000000
659	47.000000	6.000000	258.000000	500.000000	0.000000
660	47.000000	6.000000	258.000000	500.000000	0.000000
661	47.000000	6.000000	257.000000	500.000000	0.000000
662	59.000000	12.000000	257.000000	500.000000	0.000000
663	59.000000	12.000000	277.000000	500.000000	0.000000
664	59.000000	12.000000	277.000000	500.000000	0.000000
665	67.000000	7.000000	277.000000	500.000000	19.983111
666	67.000000	7.000000	277.000000	500.000000	19.983111
667	67.000000	7.000000	265.000000	500.000000	19.983111
668	51.000000	6.000000	265.000000	500.000000	18.208478
669	51.000000	6.000000	265.000000	500.000000	18.208478
670	51.000000	6.000000	265.000000	500.000000	18.208478
671	38.000000	4.000000	267.000000	500.000000	-73.539982
672	38.000000	4.000000	267.000000	500.000000	-73.539982
673	38.000000	4.000000	269.000000	500.000000	-73.539982
674	38.000000	4.000000	269.000000	500.000000	-73.539982
675	38.000000	4.000000	276.000000	500.000000	-73.539982
676	38.000000	4.000000	276.000000	500.000000	-73.539982
677	38.000000	4.000000	282.000000	500.000000	-73.539982
678	38.000000	4.000000	282.000000	500.000000	-73.539982
679	38.000000	4.000000	286.000000	500.000000	-73.539982
680	38.000000	4.000000	286.000000	500.000000	-73.539982
681	-31.000000	-4.000000	290.000000	500.000000	-81.702850
682	-31.000000	-4.000000	290.000000	500.000000	-81.702850
683	-31.000000	-4.000000	303.000000	500.000000	-81.702850
684	-31.000000	-4.000000	303.000000	500.000000	-81.702850
685	-31.000000	-4.000000	300.000000	500.000000	-81.702850
686	-31.000000	-4.000000	300.000000	500.000000	-81.702850
687	-31.000000	-4.000000	308.000000	500.000000	-81.702850
688	-31.000000	-4.000000	308.000000	500.000000	-81.702850
689	-31.000000	-4.000000	304.000000	500.000000	-81.702850
690	-31.000000	-4.000000	304.000000	500.000000	-81.702850
691	-31.000000	-4.000000	317.000000	500.000000	-81.702850
692	-31.000000	-4.000000	317.000000	500.000000	-81.702850
693	-31.000000	-4.000000	322.000000	500.000000	-81.702850
694	-31.000000	-4.000000	322.000000	500.000000	-81.702850
695	37.000000	27.000000	331.000000	500.000000	90.000000
696	37.000000	27.000000	331.000000	500.000000	90.000000
697	49.000000	29.000000	350.000000	500.000000	0.000000
698	49.000000	29.000000	350.000000	500.000000	0.000000
699	60.000000	31.000000	371.000000	500.000000	0.000000
700	60.000000	31.000000	371.000000	500.000000	0.000000
701	60.000000	31.000000	435.000000	500.000000	0.000000
702	60.000000	31.000000	435.000000	500.000000	0.000000
703	71.000000	31.000000	407.000000	500.000000	0.000000
704	71.000000	31.000000	407.000000	500.000000	0.000000
705	71.000000	31.000000	405.000000	500.000000	0.000000
706	71.000000	31.000000	405.000000	500.000000	0.000000
707	71.000000	31.000000	415.000000	500.000000	0.000000
708	71.000000	31.000000	415.000000	500.000000	0.000000
709	71.000000	31.000000	423.000000	500.000000	0.000000
710	71.000000	31.000000	423.000000	500.000000	0.000000
711	71.000000	31.000000	442.000000	500.000000	0.000000
712	71.000000	31.000000	442.000000	500.000000	0.000000
713	71.000000	31.000000	448.000000	500.000000	0.000000
714	71.000000	31.000000	448.000000	500.000000	0.000000
715	71.000000	31.000000	428.000000	500.000000	0.000000
716	60.000000	-2.000000	428.000000	500.000000	0.000000
717	60.000000	-2.000000	432.000000	500.000000	0.000000
718	60.000000	-2.000000	432.000000	500.000000	0.000000
719	60.000000	-2.000000	425.000000	500.000000	0.000000
720	60.000000	-2.000000	425.000000	500.000000	0.000000
721	54.000000	-13.000000	436.000000	500.000000	53.130104
722	54.000000	-13.000000	436.000000	500.000000	53.130104
723	54.000000	-13.000000	484.000000	500.000000	53.130104
724	54.000000	-13.000000	484.000000	500.000000	53.130104
725	54.000000	-13.000000	445.000000	500.000000	53.130104
726	54.000000	-13.000000	445.000000	500.000000	53.130104
727	54.000000	-13.000000	442.000000	500.000000	53.130104
728	54.000000	-13.000000	442.000000	500.000000	53.130104
729	54.000000	-13.000000	459.000000	500.000000	53.130104
730	54.000000	-13.000000	459.000000	500.000000	53.130104
731	54.000000	-13.000000	460.000000	500.000000	53.130104
732	54.000000	-13.000000	460.000000	500.000000	53.130104
733	54.000000	-13.000000	456.000000	500.000000	53.130104
734	54.000000	-13.000000	456.000000	500.000000	53.130104
735	-55.000000	26.000000	465.000000	500.000000	40.601297
736	-55.000000	26.000000	465.000000	500.000000	40.601297
737	-55.000000	26.000000	484.000000	500.000000	40.601297
738	-59.000000	37.000000	484.000000	500.000000	40.601300
739	-59.000000	37.000000	518.000000	500.000000	40.601300
740	-46.000000	36.000000	518.000000	500.000000	-55.491467
741	-46.000000	36.000000	526.000000	500.000000	-55.491467
742	-46.000000	36.000000	526.000000	500.000000	-55.491467
743	-46.000000	36.000000	546.000000	500.000000	-55.491467
744	-46.000000	36.000000	546.000000	500.000000	-55.491467
745	-46.000000	36.000000	536.000000	500.000000	-55.491467
746	-46.000000	36.000000	536.000000	500.000000	-55.491467
747	-46.000000	36.000000	540.000000	500.000000	-55.491467
748	-46.000000	36.000000	540.000000	500.000000	-55.491467
749	-46.000000	36.000000	537.000000	500.000000	-55.491467
750	-46.000000	36.000000	537.000000	500.000000	-55.491467
751	-46.000000	36.000000	546.000000	500.000000	-55.491467
752	-46.000000	36.000000	546.000000	500.000000	-55.491467
753	-46.000000	36.000000	558.000000	500.000000	-55.491467
754	-46.000000	36.000000	558.000000	500.000000	-55.491467
755	-46.000000	36.000000	565.000000	500.000000	-55.491467
756	-46.000000	36.000000	565.000000	500.000000	-55.491467
757	-46.000000	36.000000	555.000000	500.000000	-55.491467
758	-46.000000	36.000000	555.000000	500.000000	-55.491467
759	-46.000000	36.000000	555.000000	500.000000	-55.491467
760	-46.000000	36.000000	555.000000	500.000000	-55.491467
761	-46.000000	36.000000	599.000000	500.000000	-55.491467
762	-46.000000	36.000000	599.000000	500.000000	-55.491467
763	-46.000000	36.000000	577.000000	500.000000	-55.491467
764	-46.000000	36.000000	577.000000	500.000000	-55.491467
765	-46.000000	36.000000	555.000000	500.000000	-55.491467
766	-46.000000	36.000000	555.000000	500.000000	-55.491467
767	-46.000000	36.000000	522.000000	500.000000	-55.491467
768	-46.000000	36.000000	522.000000	500.000000	-55.491467
769	-46.000000	36.000000	502.000000	500.000000	-55.491467
770	-46.000000	36.000000	502.000000	500.000000	-55.491467
771	-46.000000	36.000000	507.000000	500.000000	-55.491467
772	-46.000000	36.000000	507.000000	500.000000	-55.491467
773	-46.000000	36.000000	469.000000	500.000000	-55.491467
774	-46.000000	36.000000	469.000000	500.000000	-55.491467
775	-46.000000	36.000000	457.000000	500.000000	-55.491467
776	-46.000000	36.000000	457.000000	500.000000	-55.491467
777	-46.000000	36.000000	427.000000	500.000000	-55.491467
778	-46.000000	36.000000	427.000000	500.000000	-55.491467
779	-46.000000	36.000000	406.000000	500.000000	-55.491467
780	-46.000000	36.000000	406.000000	500.000000	-55.491467
781	-46.000000	36.000000	386.000000	500.000000	-55.491467
782	-46.000000	36.000000	386.000000	500.000000	-55.491467
783	-46.000000	36.000000	376.000000	500.000000	-55.491467
784	-46.000000	36.000000	376.000000	500.000000	-55.491467
785	-46.000000	36.000000	405.000000	500.000000	-55.491467
786	-46.000000	36.000000	405.000000	500.000000	-55.491467
787	-46.000000	36.000000	340.000000	500.000000	-55.491467
788	-46.000000	36.000000	340.000000	500.000000	-55.491467
789	-46.000000	36.000000	327.000000	500.000000	-55.491467
790	-46.000000	36.000000	327.000000	500.000000	-55.491467
791	-46.000000	36.000000	320.000000	500.000000	-55.491467
792	-46.000000	36.000000	320.000000	500.000000	-55.491467
793	-46.000000	36.000000	304.000000	500.000000	-55.491467
794	66.000000	37.000000	304.000000	500.000000	33.690068
795	66.000000	37.000000	292.000000	500.000000	33.690068
796	69.000000	40.000000	292.000000	500.000000	36.384355
797	69.000000	40.000000	289.000000	500.000000	36.384355
798	69.000000	40.000000	289.000000	500.000000	36.384355
799	69.000000	40.000000	285.000000	500.000000	36.384355
800	69.000000	40.000000	285.000000	500.000000	36.384355
801	69.000000	40.000000	281.000000	500.000000	36.384355
802	69.000000	40.000000	281.000000	500.000000	36.384355
803	69.000000	40.000000	284.000000	500.000000	36.384355
804	69.000000	40.000000	284.000000	500.000000	36.384355
805	69.000000	40.000000	276.000000	500.000000	36.384355
806	69.000000	40.000000	276.000000	500.000000	36.384355
807	69.000000	40.000000	278.000000	500.000000	36.384355
808	69.000000	40.000000	278.000000	500.000000	36.384355
809	69.000000	40.000000	285.000000	500.000000	36.384355
810	69.000000	40.000000	285.000000	500.000000	36.384355
811	69.000000	40.000000	273.000000	500.000000	36.384355
812	41.000000	28.000000	273.000000	500.000000	23.198593
813	41.000000	28.000000	267.000000	500.000000	23.198593
814	41.000000	28.000000	267.000000	500.000000	23.198593
815	20.000000	27.000000	269.000000	500.000000	20.629882
816	20.000000	27.000000	269.000000	500.000000	20.629882
817	20.000000	27.000000	279.000000	500.000000	20.629882
818	5.000000	26.000000	279.000000	500.000000	17.102732
819	5.000000	26.000000	279.000000	500.000000	17.102732
820	5.000000	26.000000	279.000000	500.000000	17.102732
821	-9.000000	26.000000	291.000000	500.000000	14.620873
822	-9.000000	26.000000	291.000000	500.000000	14.620873
823	-21.000000	26.000000	304.000000	500.000000	10.619660
824	-21.000000	26.000000	304.000000	500.000000	10.619660
825	-21.000000	26.000000	311.000000	500.000000	10.619660
826	-31.000000	27.000000	311.000000	500.000000	6.519805
827	-31.000000	27.000000	321.000000	500.000000	6.519805
828	-31.000000	27.000000	321.000000	500.000000	6.519805
829	-36.000000	28.000000	332.000000	500.000000	-86.185927
830	-36.000000	28.000000	332.000000	500.000000	-86.185927
831	-40.000000	28.000000	356.000000	500.000000	90.000000
832	-40.000000	28.000000	356.000000	500.000000	90.000000
833	-40.000000	28.000000	367.000000	500.000000	90.000000
834	-41.000000	30.000000	367.000000	500.000000	88.210089
835	-41.000000	30.000000	377.000000	500.000000	88.210089
836	-41.000000	30.000000	377.000000	500.000000	88.210089
837	-44.000000	30.000000	390.000000	500.000000	-4.763640
838	-44.000000	30.000000	390.000000	500.000000	-4.763640
839	-44.000000	30.000000	412.000000	500.000000	-4.763640
840	-45.000000	30.000000	412.000000	500.000000	-7.275005
841	-45.000000	30.000000	451.000000	500.000000	-7.275005
842	-46.000000	30.000000	462.000000	500.000000	-9.211029
843	-46.000000	30.000000	462.000000	500.000000	-9.211029
844	-49.000000	34.000000	450.000000	500.000000	-11.309932
845	-49.000000	34.000000	450.000000	500.000000	-11.309932
846	-49.000000	34.000000	458.000000	500.000000	-11.309932
847	-49.000000	34.000000	458.000000	500.000000	-11.309932
848	-52.000000	21.000000	460.000000	500.000000	-13.240519
849	-52.000000	21.000000	460.000000	500.000000	-13.240519
850	-54.000000	12.000000	465.000000	500.000000	-14.743564
851	-54.000000	12.000000	465.000000	500.000000	-14.743564
852	-54.000000	12.000000	482.000000	500.000000	-14.743564
853	-55.000000	2.000000	482.000000	500.000000	-17.354021
854	-55.000000	2.000000	486.000000	500.000000	-17.354021
855	-57.000000	-8.000000	486.000000	500.000000	-19.653821
856	-57.000000	-8.000000	490.000000	500.000000	-19.653821
857	-59.000000	-16.000000	490.000000	500.000000	-21.037515
858	-59.000000	-16.000000	538.000000	500.000000	-21.037515
859	-59.000000	-16.000000	538.000000	500.000000	-21.037515
860	-59.000000	-16.000000	513.000000	500.000000	-21.037515
861	-63.000000	-22.000000	513.000000	500.000000	-23.198587
862	-63.000000	-22.000000	518.000000	500.000000	-23.198587
863	-63.000000	-22.000000	518.000000	500.000000	-23.198587
864	-63.000000	-22.000000	509.000000	500.000000	-23.198587
865	-63.000000	-22.000000	509.000000	500.000000	-23.198587
866	-63.000000	-22.000000	513.000000	500.000000	-23.198587
867	-63.000000	-22.000000	513.000000	500.000000	-23.198587
868	-63.000000	-22.000000	518.000000	500.000000	-23.198587
869	-63.000000	-22.000000	518.000000	500.000000	-23.198587
870	-63.000000	-22.000000	541.000000	500.000000	-23.198587
871	-63.000000	-22.000000	541.000000	500.000000	-23.198587
872	-63.000000	-22.000000	511.000000	500.000000	-23.198587
873	-63.000000	-22.000000	511.000000	500.000000	-23.198587
874	-63.000000	-22.000000	494.000000	500.000000	-23.198587
875	-63.000000	-22.000000	494.000000	500.000000	-23.198587
876	-63.000000	-22.000000	494.000000	500.000000	-23.198587
877	-63.000000	-22.000000	494.000000	500.000000	-23.198587
878	-63.000000	-22.000000	475.000000	500.000000	-23.198587
879	-63.000000	-22.000000	475.000000	500.000000	-23.198587
880	-63.000000	-22.000000	475.000000	500.000000	-23.198587
881	-63.000000	-22.000000	475.000000	500.000000	-23.198587
882	-79.000000	-16.000000	460.000000	500.000000	-30.256446
883	-79.000000	-16.000000	460.000000	500.000000	-30.256446
884	-79.000000	-16.000000	450.000000	500.000000	-30.256446
885	-59.000000	-16.000000	450.000000	500.000000	0.000000
886	-59.000000	-16.000000	426.000000	500.000000	0.000000
887	-59.000000	-17.000000	426.000000	500.000000	0.000000
888	-59.000000	-17.000000	409.000000	500.000000	0.000000
889	-59.000000	-17.000000	409.000000	500.000000	0.000000
890	-59.000000	-15.000000	400.000000	500.000000	0.000000
891	-59.000000	-15.000000	400.000000	500.000000	0.000000
892	-59.000000	-15.000000	384.000000	500.000000	0.000000
893	-60.000000	-9.000000	384.000000	500.000000	0.000000
894	-60.000000	-9.000000	388.000000	500.000000	0.000000
895	-60.000000	-9.000000	388.000000	500.000000	0.000000
896	-60.000000	-9.000000	351.000000	500.000000	0.000000
897	-60.000000	-9.000000	351.000000	500.000000	0.000000
898	-60.000000	-9.000000	351.000000	500.000000	0.000000
899	-60.000000	-9.000000	339.000000	500.000000	0.000000
900	-60.000000	-9.000000	328.000000	500.000000	0.000000
901	-60.000000	-9.000000	328.000000	500.000000	0.000000
902	-60.000000	-9.000000	315.000000	500.000000	0.000000
903	-60.000000	-9.000000	315.000000	500.000000	0.000000
904	-68.000000	-12.000000	316.000000	500.000000	0.000000
905	-68.000000	-12.000000	316.000000	500.000000	0.000000
906	-68.000000	-12.000000	303.000000	500.000000	0.000000
907	-68.000000	-12.000000	303.000000	500.000000	0.000000
908	-68.000000	-12.000000	294.000000	500.000000	0.000000
909	-68.000000	-12.000000	294.000000	500.000000	0.000000
910	-68.000000	-12.000000	276.000000	500.000000	0.000000
911	-68.000000	-12.000000	276.000000	500.000000	0.000000
912	-68.000000	-12.000000	270.000000	500.000000	0.000000
913	-68.000000	-12.000000	270.000000	500.000000	0.000000
914	-68.000000	-12.000000	263.000000	500.000000	0.000000
915	-68.000000	-12.000000	263.000000	500.000000	0.000000
916	-68.000000	-12.000000	262.000000	500.000000	0.000000
917	-68.000000	-12.000000	262.000000	500.000000	0.000000
918	-68.000000	-12.000000	270.000000	500.000000	0.000000
919	-68.000000	-12.000000	270.000000	500.000000	0.000000
920	-68.000000	-12.000000	265.000000	500.000000	0.000000
921	-68.000000	-12.000000	265.000000	500.000000	0.000000
922	-68.000000	-12.000000	270.000000	500.000000	0.000000
923	-68.000000	-12.000000	270.000000	500.000000	0.000000
924	-68.000000	-12.000000	298.000000	500.000000	0.000000
925	-68.000000	-12.000000	298.000000	500.000000	0.000000
926	-68.000000	-12.000000	318.000000	500.000000	0.000000
927	-68.000000	-12.000000	318.000000	500.000000	0.000000
928	-68.000000	-12.000000	289.000000	500.000000	0.000000
929	-68.000000	-12.000000	289.000000	500.000000	0.000000
930	-68.000000	-12.000000	288.000000	500.000000	0.000000
931	-68.000000	-12.000000	288.000000	500.000000	0.000000
932	-68.000000	-12.000000	300.000000	500.000000	0.000000
933	-41.000000	29.000000	300.000000	500.000000	90.000000
934	-41.000000	29.000000	305.000000	500.000000	90.000000
935	-26.000000	28.000000	305.000000	500.000000	90.000000
936	-26.000000	28.000000	341.000000	500.000000	90.000000
937	-26.000000	28.000000	341.000000	500.000000	90.000000
938	-26.000000	28.000000	378.000000	500.000000	90.000000
939	11.000000	52.000000	378.000000	500.000000	39.093857
940	11.000000	52.000000	378.000000	500.000000	39.093857
941	45.000000	40.000000	378.000000	500.000000	31.328697
942	45.000000	40.000000	378.000000	500.000000	31.328697
943	45.000000	40.000000	378.000000	500.000000	31.328697
944	45.000000	40.000000	378.000000	500.000000	31.328697
945	45.000000	40.000000	378.000000	500.000000	31.328697
946	45.000000	40.000000	400.000000	500.000000	31.328697
947	45.000000	40.000000	400.000000	500.000000	31.328697
948	45.000000	40.000000	409.000000	500.000000	31.328697
949	45.000000	40.000000	409.000000	500.000000	31.328697
950	45.000000	40.000000	416.000000	500.000000	31.328697
951	45.000000	40.000000	416.000000	500.000000	31.328697
952	45.000000	40.000000	419.000000	500.000000	31.328697
953	45.000000	40.000000	419.000000	500.000000	31.328697
954	45.000000	40.000000	441.000000	500.000000	31.328697
955	45.000000	40.000000	441.000000	500.000000	31.328697
956	45.000000	40.000000	449.000000	500.000000	31.328697
957	45.000000	40.000000	449.000000	500.000000	31.328697
958	45.000000	40.000000	449.000000	500.000000	31.328697
959	45.000000	40.000000	449.000000	500.000000	31.328697
960	45.000000	40.000000	449.000000	500.000000	31.328697
961	45.000000	40.000000	449.000000	500.000000	31.328697
962	45.000000	40.000000	467.000000	500.000000	31.328697
963	45.000000	40.000000	467.000000	500.000000	31.328697
964	45.000000	40.000000	504.000000	500.000000	31.328697
965	45.000000	40.000000	504.000000	500.000000	31.328697
966	45.000000	40.000000	504.000000	500.000000	31.328697
967	45.000000	40.000000	497.000000	500.000000	31.328697
968	45.000000	40.000000	497.000000	500.000000	31.328697
969	45.000000	40.000000	497.000000	500.000000	31.328697
970	45.000000	40.000000	518.000000	500.000000	31.328697
971	45.000000	40.000000	518.000000	500.000000	31.328697
972	45.000000	40.000000	556.000000	500.000000	31.328697
973	45.000000	40.000000	556.000000	500.000000	31.328697
974	45.000000	40.000000	529.000000	500.000000	31.328697
975	45.000000	40.000000	529.000000	500.000000	31.328697
976	45.000000	40.000000	593.000000	500.000000	31.328697
977	45.000000	40.000000	593.000000	500.000000	31.328697
978	45.000000	40.000000	537.000000	500.000000	31.328697
979	45.000000	40.000000	537.000000	500.000000	31.328697
980	45.000000	40.000000	529.000000	500.000000	31.328697
981	45.000000	40.000000	529.000000	500.000000	31.328697
982	45.000000	40.000000	506.000000	500.000000	31.328697
983	45.000000	40.000000	506.000000	500.000000	31.328697
984	45.000000	40.000000	508.000000	500.000000	31.328697
985	45.000000	40.000000	508.000000	500.000000	31.328697
986	45.000000	40.000000	466.000000	500.000000	31.328697
987	45.000000	40.000000	466.000000	500.000000	31.328697
988	45.000000	40.000000	465.000000	500.000000	31.328697
989	45.000000	40.000000	465.000000	500.000000	31.328697
990	45.000000	40.000000	488.000000	500.000000	31.328697
991	45.000000	40.000000	488.000000	500.000000	31.328697
992	45.000000	40.000000	419.000000	500.000000	31.328697
993	45.000000	40.000000	419.000000	500.000000	31.328697
994	45.000000	40.000000	402.000000	500.000000	31.328697
995	45.000000	40.000000	402.000000	500.000000	31.328697
996	45.000000	40.000000	418.000000	500.000000	31.328697
997	45.000000	40.000000	418.000000	500.000000	31.328697
998	45.000000	40.000000	374.000000	500.000000	31.328697
999	45.000000	40.000000	374.000000	500.000000	31.328697
1000	45.000000	40.000000	361.000000	500.000000	31.328697
1001	45.000000	40.000000	361.000000	500.000000	31.328697
1002	45.000000	40.000000	339.000000	500.000000	31.328697
1003	45.000000	40.000000	339.000000	500.000000	31.328697
1004	45.000000	40.000000	343.000000	500.000000	31.328697
1005	45.000000	40.000000	343.000000	500.000000	31.328697
1006	45.000000	40.000000	290.000000	500.000000	31.328697
1007	45.000000	40.000000	290.000000	500.000000	31.328697
1008	45.000000	40.000000	274.000000	500.000000	31.328697
1009	45.000000	40.000000	274.000000	500.000000	31.328697
1010	45.000000	40.000000	273.000000	500.000000	31.328697
1011	45.000000	40.000000	273.000000	500.000000	31.328697
1012	45.000000	40.000000	250.000000	500.000000	31.328697
1013	45.000000	40.000000	250.000000	500.000000	31.328697
1014	45.000000	40.000000	247.000000	500.000000	31.328697
1015	45.000000	40.000000	247.000000	500.000000	31.328697
1016	45.000000	40.000000	267.000000	500.000000	31.328697
1017	45.000000	40.000000	267.000000	500.000000	31.328697
1018	45.000000	40.000000	267.000000	500.000000	31.328697
1019	45.000000	40.000000	267.000000	500.000000	31.328697
1020	45.000000	40.000000	267.000000	500.000000	31.328697
1021	45.000000	40.000000	267.000000	500.000000	31.328697
1022	45.000000	40.000000	281.000000	500.000000	31.328697
1023	45.000000	40.000000	281.000000	500.000000	31.328697
1024	45.000000	40.000000	274.000000	500.000000	31.328697
1025	45.000000	40.000000	274.000000	500.000000	31.328697
1026	45.000000	40.000000	297.000000	500.000000	31.328697
1027	45.000000	40.000000	297.000000	500.000000	31.328697
1028	45.000000	40.000000	284.000000	500.000000	31.328697
1029	45.000000	40.000000	284.000000	500.000000	31.328697
1030	45.000000	40.000000	290.000000	500.000000	31.328697
1031	45.000000	40.000000	290.000000	500.000000	31.328697
1032	45.000000	40.000000	289.000000	500.000000	31.328697
1033	45.000000	40.000000	289.000000	500.000000	31.328697
1034	45.000000	40.000000	286.000000	500.000000	31.328697
1035	45.000000	40.000000	286.000000	500.000000	31.328697
1036	45.000000	40.000000	311.000000	500.000000	31.328697
1037	45.000000	40.000000	311.000000	500.000000	31.328697
1038	45.000000	40.000000	311.000000	500.000000	31.328697
1039	45.000000	40.000000	311.000000	500.000000	31.328697
1040	45.000000	40.000000	337.000000	500.000000	31.328697
1041	45.000000	40.000000	337.000000	500.000000	31.328697
1042	45.000000	40.000000	371.000000	500.000000	31.328697
1043	45.000000	40.000000	371.000000	500.000000	31.328697
1044	45.000000	40.000000	414.000000	500.000000	31.328697
1045	45.000000	40.000000	414.000000	500.000000	31.328697
1046	45.000000	40.000000	429.000000	500.000000	31.328697
1047	45.000000	40.000000	429.000000	500.000000	31.328697
1048	45.000000	40.000000	403.000000	500.000000	31.328697
1049	45.000000	40.000000	403.000000	500.000000	31.328697
1050	45.000000	40.000000	436.000000	500.000000	31.328697
1051	45.000000	40.000000	436.000000	500.000000	31.328697
1052	45.000000	40.000000	387.000000	500.000000	31.328697
1053	45.000000	40.000000	387.000000	500.000000	31.328697
1054	45.000000	40.000000	427.000000	500.000000	31.328697
1055	45.000000	40.000000	427.000000	500.000000	31.328697
1056	45.000000	40.000000	382.000000	500.000000	31.328697
1057	45.000000	40.000000	382.000000	500.000000	31.328697
1058	45.000000	40.000000	340.000000	500.000000	31.328697
1059	45.000000	40.000000	340.000000	500.000000	31.328697
1060	45.000000	40.000000	312.000000	500.000000	31.328697
1061	45.000000	40.000000	312.000000	500.000000	31.328697
1062	45.000000	40.000000	289.000000	500.000000	31.328697
1063	45.000000	40.000000	289.000000	500.000000	31.328697
1064	45.000000	40.000000	243.000000	500.000000	31.328697
1065	45.000000	40.000000	243.000000	500.000000	31.328697
1066	45.000000	40.000000	198.000000	500.000000	31.328697
1067	45.000000	40.000000	198.000000	500.000000	31.328697
1068	45.000000	40.000000	157.000000	500.000000	31.328697
1069	45.000000	40.000000	157.000000	500.000000	31.328697
1070	45.000000	40.000000	125.000000	500.000000	31.328697
1071	45.000000	40.000000	125.000000	500.000000	31.328697
1072	45.000000	40.000000	105.000000	500.000000	31.328697
1073	45.000000	40.000000	105.000000	500.000000	31.328697
1074	45.000000	40.000000	98.000000	500.000000	31.328697
1075	45.000000	40.000000	98.000000	500.000000	31.328697
1076	45.000000	40.000000	101.000000	500.000000	31.328697
1077	45.000000	40.000000	101.000000	500.000000	31.328697
1078	45.000000	40.000000	0.000000	500.000000	31.328697
1079	45.000000	40.000000	0.000000	500.000000	31.328697
1080	45.000000	40.000000	0.000000	500.000000	31.328697
1081	45.000000	40.000000	0.000000	500.000000	31.328697
1082	45.000000	40.000000	0.000000	500.000000	31.328697
1083	45.000000	40.000000	0.000000	500.000000	31.328697
1084	45.000000	40.000000	0.000000	500.000000	31.328697
1085	45.000000	40.000000	0.000000	500.000000	31.328697
1086	45.000000	40.000000	0.000000	500.000000	31.328697
1087	45.000000	40.000000	0.000000	500.000000	31.328697
1088	45.000000	40.000000	0.000000	500.000000	31.328697
1089	45.000000	40.000000	0.000000	500.000000	31.328697
1090	45.000000	40.000000	0.000000	500.000000	31.328697
1091	45.000000	40.000000	0.000000	500.000000	31.328697
1092	45.000000	40.000000	0.000000	500.000000	31.328697
1093	45.000000	40.000000	0.000000	500.000000	31.328697
1094	45.000000	40.000000	0.000000	500.000000	31.328697
1095	45.000000	40.000000	0.000000	500.000000	31.328697
1096	45.000000	40.000000	0.000000	500.000000	31.328697
1097	45.000000	40.000000	0.000000	500.000000	31.328697
1098	45.000000	40.000000	0.000000	500.000000	31.328697
1099	45.000000	40.000000	0.000000	500.000000	31.328697
1100	45.000000	40.000000	0.000000	500.000000	31.328697
1101	45.000000	40.000000	0.000000	500.000000	31.328697
1102	45.000000	40.000000	0.000000	500.000000	31.328697
1103	45.000000	40.000000	0.000000	500.000000	31.328697
1104	45.000000	40.000000	0.000000	500.000000	31.328697
1105	45.000000	40.000000	0.000000	500.000000	31.328697
1106	45.000000	40.000000	0.000000	500.000000	31.328697
1107	45.000000	40.000000	0.000000	500.000000	31.328697
1108	45.000000	40.000000	0.000000	500.000000	31.328697
1109	45.000000	40.000000	0.000000	500.000000	31.328697
1110	45.000000	40.000000	0.000000	500.000000	31.328697
1111	45.000000	40.000000	0.000000	500.000000	31.328697
1112	45.000000	40.000000	0.000000	500.000000	31.328697
1113	45.000000	40.000000	0.000000	500.000000	31.328697
1114	45.000000	40.000000	0.000000	500.000000	31.328697
1115	45.000000	40.000000	0.000000	500.000000	31.328697
1116	45.000000	40.000000	0.000000	500.000000	31.328697
1117	45.000000	40.000000	0.000000	500.000000	31.328697
1118	45.000000	40.000000	0.000000	500.000000	31.328697
1119	45.000000	40.000000	0.000000	500.000000	31.328697
1120	45.000000	40.000000	0.000000	500.000000	31.328697
1121	45.000000	40.000000	0.000000	500.000000	31.328697
1122	45.000000	40.000000	0.000000	500.000000	31.328697
1123	45.000000	40.000000	0.000000	500.000000	31.328697
1124	45.000000	40.000000	0.000000	500.000000	31.328697
1125	45.000000	40.000000	0.000000	500.000000	31.328697
1126	45.000000	40.000000	0.000000	500.000000	31.328697
1127	45.000000	40.000000	0.000000	500.000000	31.328697
1128	45.000000	40.000000	0.000000	500.000000	31.328697
1129	45.000000	40.000000	0.000000	500.000000	31.328697
1130	45.000000	40.000000	0.000000	500.000000	31.328697
1131	45.000000	40.000000	0.000000	500.000000	31.328697
1132	45.000000	40.000000	0.000000	500.000000	31.328697
1133	45.000000	40.000000	0.000000	500.000000	31.328697
1134	45.000000	40.000000	0.000000	500.000000	31.328697
1135	45.000000	40.000000	0.000000	500.000000	31.328697
1136	45.000000	40.000000	0.000000	500.000000	31.328697
1137	45.000000	40.000000	0.000000	500.000000	31.328697
1138	45.000000	40.000000	0.000000	500.000000	31.328697
1139	45.000000	40.000000	0.000000	500.000000	31.328697
1140	45.000000	40.000000	0.000000	500.000000	31.328697
1141	45.000000	40.000000	0.000000	500.000000	31.328697
1142	45.000000	40.000000	0.000000	500.000000	31.328697
1143	45.000000	40.000000	0.000000	500.000000	31.328697
1144	45.000000	40.000000	0.000000	500.000000	31.328697
1145	45.000000	40.000000	0.000000	500.000000	31.328697
1146	45.000000	40.000000	0.000000	500.000000	31.328697
1147	45.000000	40.000000	0.000000	500.000000	31.328697
1148	45.000000	40.000000	0.000000	500.000000	31.328697
1149	45.000000	40.000000	0.000000	500.000000	31.328697
1150	45.000000	40.000000	0.000000	500.000000	31.328697
1151	45.000000	40.000000	0.000000	500.000000	31.328697
1152	45.000000	40.000000	0.000000	500.000000	31.328697
1153	45.000000	40.000000	0.000000	500.000000	31.328697
1154	45.000000	40.000000	0.000000	500.000000	31.328697
1155	45.000000	40.000000	0.000000	500.000000	31.328697
1156	45.000000	40.000000	0.000000	500.000000	31.328697
1157	45.000000	40.000000	0.000000	500.000000	31.328697
1158	45.000000	40.000000	0.000000	500.000000	31.328697
1159	45.000000	40.000000	0.000000	500.000000	31.328697
1160	45.000000	40.000000	0.000000	500.000000	31.328697
1161	45.000000	40.000000	0.000000	500.000000	31.328697
1162	45.000000	40.000000	0.000000	500.000000	31.328697
1163	45.000000	40.000000	0.000000	500.000000	31.328697
1164	45.000000	40.000000	0.000000	500.000000	31.328697
1165	45.000000	40.000000	0.000000	500.000000	31.328697
1166	45.000000	40.000000	0.000000	500.000000	31.328697
1167	45.000000	40.000000	0.000000	500.000000	31.328697
1168	45.000000	40.000000	0.000000	500.000000	31.328697
1169	45.000000	40.000000	0.000000	500.000000	31.328697
1170	45.000000	40.000000	0.000000	500.000000	31.328697
1171	45.000000	40.000000	0.000000	500.000000	31.328697
1172	45.000000	40.000000	0.000000	500.000000	31.328697
1173	45.000000	40.000000	0.000000	500.000000	31.328697
1174	45.000000	40.000000	0.000000	500.000000	31.328697
1175	45.000000	40.000000	0.000000	500.000000	31.328697
1176	45.000000	40.000000	0.000000	500.000000	31.328697
1177	45.000000	40.000000	0.000000	500.000000	31.328697
1178	45.000000	40.000000	0.000000	500.000000	31.328697
1179	45.000000	40.000000	0.000000	500.000000	31.328697
1180	45.000000	40.000000	0.000000	500.000000	31.328697
1181	45.000000	40.000000	0.000000	500.000000	31.328697
1182	45.000000	40.000000	0.000000	500.000000	31.328697
1183	45.000000	40.000000	0.000000	500.000000	31.328697
1184	45.000000	40.000000	0.000000	500.000000	31.328697
1185	45.000000	40.000000	0.000000	500.000000	31.328697
1186	45.000000	40.000000	0.000000	500.000000	31.328697
1187	45.000000	40.000000	0.000000	500.000000	31.328697
1188	45.000000	40.000000	0.000000	500.000000	31.328697
1189	45.000000	40.000000	0.000000	500.000000	31.328697
1190	45.000000	40.000000	0.000000	500.000000	31.328697
1191	45.000000	40.000000	0.000000	500.000000	31.328697
1192	45.000000	40.000000	0.000000	500.000000	31.328697
1193	45.000000	40.000000	0.000000	500.000000	31.328697
1194	45.000000	40.000000	0.000000	500.000000	31.328697
1195	45.000000	40.000000	0.000000	500.000000	31.328697
1196	45.000000	40.000000	0.000000	500.000000	31.328697
1197	45.000000	40.000000	0.000000	500.000000	31.328697
1198	45.000000	40.000000	0.000000	500.000000	31.328697
1199	45.000000	40.000000	0.000000	500.000000	31.328697
1200	45.000000	40.000000	0.000000	500.000000	31.328697
1201	45.000000	40.000000	0.000000	500.000000	31.328697
1202	45.000000	40.000000	0.000000	500.000000	31.328697
1203	45.000000	40.000000	0.000000	500.000000	31.328697
1204	45.000000	40.000000	0.000000	500.000000	31.328697
1205	45.000000	40.000000	0.000000	500.000000	31.328697
1206	45.000000	40.000000	0.000000	500.000000	31.328697
1207	45.000000	40.000000	0.000000	500.000000	31.328697
1208	45.000000	40.000000	0.000000	500.000000	31.328697
1209	45.000000	40.000000	0.000000	500.000000	31.328697
