#	Proyecto: Control de un Quadrotor por VA
#	Datos para la gráfica en GNUplot.

#	Error X	    	Error Y	 	Altura		Alt. Ref	Yaw
0	0.000000	0.000000	0.000000	700.000000	0.000000
1	0.000000	0.000000	0.000000	700.000000	0.000000
2	0.000000	0.000000	0.000000	700.000000	0.000000
3	0.000000	0.000000	0.000000	700.000000	0.000000
4	0.000000	0.000000	0.000000	700.000000	0.000000
5	0.000000	0.000000	0.000000	700.000000	0.000000
6	0.000000	0.000000	0.000000	700.000000	0.000000
7	0.000000	0.000000	0.000000	700.000000	0.000000
8	0.000000	0.000000	0.000000	700.000000	0.000000
9	0.000000	0.000000	0.000000	700.000000	0.000000
10	0.000000	0.000000	0.000000	700.000000	0.000000
11	0.000000	0.000000	0.000000	700.000000	0.000000
12	0.000000	0.000000	0.000000	700.000000	0.000000
13	0.000000	0.000000	0.000000	700.000000	0.000000
14	0.000000	0.000000	0.000000	700.000000	0.000000
15	0.000000	0.000000	0.000000	700.000000	0.000000
16	0.000000	0.000000	0.000000	700.000000	0.000000
17	0.000000	0.000000	0.000000	700.000000	0.000000
18	0.000000	0.000000	0.000000	700.000000	0.000000
19	0.000000	0.000000	0.000000	700.000000	0.000000
20	0.000000	0.000000	0.000000	700.000000	0.000000
21	0.000000	0.000000	0.000000	700.000000	0.000000
22	0.000000	0.000000	0.000000	700.000000	0.000000
23	0.000000	0.000000	0.000000	700.000000	0.000000
24	0.000000	0.000000	0.000000	700.000000	0.000000
25	0.000000	0.000000	0.000000	700.000000	0.000000
26	0.000000	0.000000	0.000000	700.000000	0.000000
27	0.000000	0.000000	0.000000	700.000000	0.000000
28	0.000000	0.000000	0.000000	700.000000	0.000000
29	0.000000	0.000000	0.000000	700.000000	0.000000
30	0.000000	0.000000	0.000000	700.000000	0.000000
31	0.000000	0.000000	0.000000	700.000000	0.000000
32	0.000000	0.000000	0.000000	700.000000	0.000000
33	0.000000	0.000000	0.000000	700.000000	0.000000
34	0.000000	0.000000	0.000000	700.000000	0.000000
35	0.000000	0.000000	0.000000	700.000000	0.000000
36	0.000000	0.000000	0.000000	700.000000	0.000000
37	0.000000	0.000000	0.000000	700.000000	0.000000
38	0.000000	0.000000	0.000000	700.000000	0.000000
39	0.000000	0.000000	0.000000	700.000000	0.000000
40	0.000000	0.000000	0.000000	700.000000	0.000000
41	0.000000	0.000000	0.000000	700.000000	0.000000
42	0.000000	0.000000	0.000000	700.000000	0.000000
43	0.000000	0.000000	0.000000	700.000000	0.000000
44	0.000000	0.000000	0.000000	700.000000	0.000000
45	0.000000	0.000000	0.000000	700.000000	0.000000
46	0.000000	0.000000	0.000000	700.000000	0.000000
47	0.000000	0.000000	0.000000	700.000000	0.000000
48	0.000000	0.000000	0.000000	700.000000	0.000000
49	0.000000	0.000000	0.000000	700.000000	0.000000
50	0.000000	0.000000	234.000000	700.000000	0.000000
51	0.000000	0.000000	234.000000	700.000000	0.000000
52	0.000000	0.000000	234.000000	700.000000	0.000000
53	0.000000	0.000000	234.000000	700.000000	0.000000
54	0.000000	0.000000	234.000000	700.000000	0.000000
55	0.000000	0.000000	234.000000	700.000000	0.000000
56	0.000000	0.000000	234.000000	700.000000	0.000000
57	0.000000	0.000000	234.000000	700.000000	0.000000
58	0.000000	0.000000	234.000000	700.000000	0.000000
59	0.000000	0.000000	235.000000	700.000000	0.000000
60	0.000000	0.000000	234.000000	700.000000	0.000000
61	0.000000	0.000000	234.000000	700.000000	0.000000
62	0.000000	0.000000	234.000000	700.000000	0.000000
63	0.000000	0.000000	234.000000	700.000000	0.000000
64	0.000000	0.000000	234.000000	700.000000	0.000000
65	0.000000	0.000000	234.000000	700.000000	0.000000
66	0.000000	0.000000	234.000000	700.000000	0.000000
67	0.000000	0.000000	234.000000	700.000000	0.000000
68	0.000000	0.000000	234.000000	700.000000	0.000000
69	0.000000	0.000000	234.000000	700.000000	0.000000
70	0.000000	0.000000	234.000000	700.000000	0.000000
71	0.000000	0.000000	234.000000	700.000000	0.000000
72	0.000000	0.000000	234.000000	700.000000	0.000000
73	0.000000	0.000000	234.000000	700.000000	0.000000
74	0.000000	0.000000	234.000000	700.000000	0.000000
75	0.000000	0.000000	234.000000	700.000000	0.000000
76	0.000000	0.000000	234.000000	700.000000	0.000000
77	0.000000	0.000000	234.000000	700.000000	0.000000
78	0.000000	0.000000	234.000000	700.000000	0.000000
79	0.000000	0.000000	234.000000	700.000000	0.000000
80	0.000000	0.000000	234.000000	700.000000	0.000000
81	0.000000	0.000000	234.000000	700.000000	0.000000
82	0.000000	0.000000	234.000000	700.000000	0.000000
83	0.000000	0.000000	234.000000	700.000000	0.000000
84	0.000000	0.000000	234.000000	700.000000	0.000000
85	0.000000	0.000000	234.000000	700.000000	0.000000
86	0.000000	0.000000	234.000000	700.000000	0.000000
87	0.000000	0.000000	234.000000	700.000000	0.000000
88	0.000000	0.000000	234.000000	700.000000	0.000000
89	0.000000	0.000000	234.000000	700.000000	0.000000
90	0.000000	0.000000	234.000000	700.000000	0.000000
91	0.000000	0.000000	234.000000	700.000000	0.000000
92	0.000000	0.000000	234.000000	700.000000	0.000000
93	0.000000	0.000000	234.000000	700.000000	0.000000
94	0.000000	0.000000	234.000000	700.000000	0.000000
95	0.000000	0.000000	234.000000	700.000000	0.000000
96	0.000000	0.000000	234.000000	700.000000	0.000000
97	0.000000	0.000000	234.000000	700.000000	0.000000
98	0.000000	0.000000	234.000000	700.000000	0.000000
99	0.000000	0.000000	234.000000	700.000000	0.000000
100	0.000000	0.000000	234.000000	700.000000	0.000000
101	0.000000	0.000000	234.000000	700.000000	0.000000
102	0.000000	0.000000	234.000000	700.000000	0.000000
103	0.000000	0.000000	234.000000	700.000000	0.000000
104	0.000000	0.000000	234.000000	700.000000	0.000000
105	0.000000	0.000000	234.000000	700.000000	0.000000
106	0.000000	0.000000	234.000000	700.000000	0.000000
107	0.000000	0.000000	234.000000	700.000000	0.000000
108	0.000000	0.000000	234.000000	700.000000	0.000000
109	0.000000	0.000000	234.000000	700.000000	0.000000
110	0.000000	0.000000	234.000000	700.000000	0.000000
111	0.000000	0.000000	234.000000	700.000000	0.000000
112	0.000000	0.000000	234.000000	700.000000	0.000000
113	0.000000	0.000000	234.000000	700.000000	0.000000
114	0.000000	0.000000	234.000000	700.000000	0.000000
115	0.000000	0.000000	234.000000	700.000000	0.000000
116	0.000000	0.000000	0.000000	700.000000	0.000000
117	0.000000	0.000000	0.000000	700.000000	0.000000
118	0.000000	0.000000	0.000000	700.000000	0.000000
119	0.000000	0.000000	0.000000	700.000000	0.000000
120	0.000000	0.000000	0.000000	700.000000	0.000000
121	0.000000	0.000000	0.000000	700.000000	0.000000
122	0.000000	0.000000	0.000000	700.000000	0.000000
123	0.000000	0.000000	0.000000	700.000000	0.000000
124	0.000000	0.000000	0.000000	700.000000	0.000000
125	0.000000	0.000000	0.000000	700.000000	0.000000
126	0.000000	0.000000	0.000000	700.000000	0.000000
127	0.000000	0.000000	0.000000	700.000000	0.000000
128	0.000000	0.000000	0.000000	700.000000	0.000000
129	0.000000	0.000000	0.000000	700.000000	0.000000
130	0.000000	0.000000	0.000000	700.000000	0.000000
131	0.000000	0.000000	0.000000	700.000000	0.000000
132	0.000000	0.000000	0.000000	700.000000	0.000000
133	0.000000	0.000000	0.000000	700.000000	0.000000
134	0.000000	0.000000	0.000000	700.000000	0.000000
135	0.000000	0.000000	0.000000	700.000000	0.000000
136	0.000000	0.000000	0.000000	700.000000	0.000000
137	0.000000	0.000000	0.000000	700.000000	0.000000
138	0.000000	0.000000	0.000000	700.000000	0.000000
139	0.000000	0.000000	0.000000	700.000000	0.000000
140	0.000000	0.000000	0.000000	700.000000	0.000000
141	0.000000	0.000000	0.000000	700.000000	0.000000
142	0.000000	0.000000	0.000000	700.000000	0.000000
143	0.000000	0.000000	0.000000	700.000000	0.000000
144	0.000000	0.000000	2.000000	700.000000	0.000000
145	0.000000	0.000000	2.000000	700.000000	0.000000
146	0.000000	0.000000	-6.000000	700.000000	0.000000
147	0.000000	0.000000	-6.000000	700.000000	0.000000
148	0.000000	0.000000	-8.000000	700.000000	0.000000
149	0.000000	0.000000	-8.000000	700.000000	0.000000
150	0.000000	0.000000	-7.000000	700.000000	0.000000
151	0.000000	0.000000	-7.000000	700.000000	0.000000
152	0.000000	0.000000	-13.000000	700.000000	0.000000
153	0.000000	0.000000	-13.000000	700.000000	0.000000
154	0.000000	0.000000	-5.000000	700.000000	0.000000
155	0.000000	0.000000	-5.000000	700.000000	0.000000
156	0.000000	0.000000	-7.000000	700.000000	0.000000
157	0.000000	0.000000	-7.000000	700.000000	0.000000
158	0.000000	0.000000	-10.000000	700.000000	0.000000
159	0.000000	0.000000	-10.000000	700.000000	0.000000
160	0.000000	0.000000	-15.000000	700.000000	0.000000
161	0.000000	0.000000	-15.000000	700.000000	0.000000
162	0.000000	0.000000	-2.000000	700.000000	0.000000
163	0.000000	0.000000	-2.000000	700.000000	0.000000
164	0.000000	0.000000	-11.000000	700.000000	0.000000
165	0.000000	0.000000	-11.000000	700.000000	0.000000
166	0.000000	0.000000	-13.000000	700.000000	0.000000
167	0.000000	0.000000	-13.000000	700.000000	0.000000
168	0.000000	0.000000	-13.000000	700.000000	0.000000
169	0.000000	0.000000	-13.000000	700.000000	0.000000
170	0.000000	0.000000	-11.000000	700.000000	0.000000
171	0.000000	0.000000	-11.000000	700.000000	0.000000
172	0.000000	0.000000	-12.000000	700.000000	0.000000
173	0.000000	0.000000	-12.000000	700.000000	0.000000
174	0.000000	0.000000	-11.000000	700.000000	0.000000
175	0.000000	0.000000	-11.000000	700.000000	0.000000
176	0.000000	0.000000	-13.000000	700.000000	0.000000
177	0.000000	0.000000	-13.000000	700.000000	0.000000
178	0.000000	0.000000	-12.000000	700.000000	0.000000
179	0.000000	0.000000	-12.000000	700.000000	0.000000
180	0.000000	0.000000	-14.000000	700.000000	0.000000
181	0.000000	0.000000	-14.000000	700.000000	0.000000
182	0.000000	0.000000	-11.000000	700.000000	0.000000
183	0.000000	0.000000	-11.000000	700.000000	0.000000
184	0.000000	0.000000	-2.000000	700.000000	0.000000
185	0.000000	0.000000	-2.000000	700.000000	0.000000
186	0.000000	0.000000	4.000000	700.000000	0.000000
187	0.000000	0.000000	4.000000	700.000000	0.000000
188	0.000000	0.000000	15.000000	700.000000	0.000000
189	0.000000	0.000000	15.000000	700.000000	0.000000
190	0.000000	0.000000	-16.000000	700.000000	0.000000
191	0.000000	0.000000	-16.000000	700.000000	0.000000
192	0.000000	0.000000	-16.000000	700.000000	0.000000
193	0.000000	0.000000	-16.000000	700.000000	0.000000
194	0.000000	0.000000	-16.000000	700.000000	0.000000
195	0.000000	0.000000	-16.000000	700.000000	0.000000
196	0.000000	0.000000	-16.000000	700.000000	0.000000
197	0.000000	0.000000	-16.000000	700.000000	0.000000
198	0.000000	0.000000	-16.000000	700.000000	0.000000
199	0.000000	0.000000	-16.000000	700.000000	0.000000
200	0.000000	0.000000	-16.000000	700.000000	0.000000
201	0.000000	0.000000	-16.000000	700.000000	0.000000
202	0.000000	0.000000	-16.000000	700.000000	0.000000
203	0.000000	0.000000	-16.000000	700.000000	0.000000
204	0.000000	0.000000	-15.000000	700.000000	0.000000
205	0.000000	0.000000	-15.000000	700.000000	0.000000
206	0.000000	0.000000	-16.000000	700.000000	0.000000
207	0.000000	0.000000	-16.000000	700.000000	0.000000
208	0.000000	0.000000	-11.000000	700.000000	0.000000
209	0.000000	0.000000	-11.000000	700.000000	0.000000
210	0.000000	0.000000	-4.000000	700.000000	0.000000
211	0.000000	0.000000	-4.000000	700.000000	0.000000
212	0.000000	0.000000	0.000000	700.000000	0.000000
213	0.000000	0.000000	0.000000	700.000000	0.000000
214	0.000000	0.000000	-5.000000	700.000000	0.000000
215	0.000000	0.000000	-5.000000	700.000000	0.000000
216	0.000000	0.000000	-5.000000	700.000000	0.000000
217	0.000000	0.000000	-5.000000	700.000000	0.000000
218	0.000000	0.000000	-5.000000	700.000000	0.000000
219	0.000000	0.000000	-5.000000	700.000000	0.000000
220	0.000000	0.000000	1.000000	700.000000	0.000000
221	0.000000	0.000000	1.000000	700.000000	0.000000
222	0.000000	0.000000	-10.000000	700.000000	0.000000
223	0.000000	0.000000	-10.000000	700.000000	0.000000
224	0.000000	0.000000	1.000000	700.000000	0.000000
225	0.000000	0.000000	1.000000	700.000000	0.000000
226	0.000000	0.000000	-5.000000	700.000000	0.000000
227	0.000000	0.000000	-5.000000	700.000000	0.000000
228	0.000000	0.000000	-11.000000	700.000000	0.000000
229	0.000000	0.000000	-11.000000	700.000000	0.000000
230	0.000000	0.000000	21.000000	700.000000	0.000000
231	0.000000	0.000000	21.000000	700.000000	0.000000
232	0.000000	0.000000	-10.000000	700.000000	0.000000
233	0.000000	0.000000	-10.000000	700.000000	0.000000
234	0.000000	0.000000	-10.000000	700.000000	0.000000
235	0.000000	0.000000	-10.000000	700.000000	0.000000
236	0.000000	0.000000	-8.000000	700.000000	0.000000
237	0.000000	0.000000	-8.000000	700.000000	0.000000
238	0.000000	0.000000	-9.000000	700.000000	0.000000
239	0.000000	0.000000	-9.000000	700.000000	0.000000
240	0.000000	0.000000	-5.000000	700.000000	0.000000
241	0.000000	0.000000	-5.000000	700.000000	0.000000
242	0.000000	0.000000	47.000000	700.000000	0.000000
243	0.000000	0.000000	47.000000	700.000000	0.000000
244	0.000000	0.000000	23.000000	700.000000	0.000000
245	0.000000	0.000000	23.000000	700.000000	0.000000
246	0.000000	0.000000	26.000000	700.000000	0.000000
247	0.000000	0.000000	26.000000	700.000000	0.000000
248	0.000000	0.000000	26.000000	700.000000	0.000000
249	0.000000	0.000000	26.000000	700.000000	0.000000
250	0.000000	0.000000	26.000000	700.000000	0.000000
251	0.000000	0.000000	26.000000	700.000000	0.000000
252	0.000000	0.000000	-16.000000	700.000000	0.000000
253	0.000000	0.000000	-16.000000	700.000000	0.000000
254	0.000000	0.000000	-16.000000	700.000000	0.000000
255	0.000000	0.000000	-16.000000	700.000000	0.000000
256	0.000000	0.000000	-16.000000	700.000000	0.000000
257	0.000000	0.000000	-16.000000	700.000000	0.000000
258	0.000000	0.000000	-16.000000	700.000000	0.000000
259	0.000000	0.000000	-16.000000	700.000000	0.000000
260	0.000000	0.000000	-14.000000	700.000000	0.000000
261	0.000000	0.000000	-14.000000	700.000000	0.000000
262	0.000000	0.000000	-17.000000	700.000000	0.000000
263	0.000000	0.000000	-17.000000	700.000000	0.000000
264	0.000000	0.000000	-18.000000	700.000000	0.000000
265	0.000000	0.000000	-18.000000	700.000000	0.000000
266	0.000000	0.000000	-18.000000	700.000000	0.000000
267	0.000000	0.000000	-18.000000	700.000000	0.000000
268	0.000000	0.000000	-18.000000	700.000000	0.000000
269	0.000000	0.000000	-18.000000	700.000000	0.000000
270	0.000000	0.000000	-19.000000	700.000000	0.000000
271	0.000000	0.000000	-19.000000	700.000000	0.000000
272	0.000000	0.000000	-20.000000	700.000000	0.000000
273	0.000000	0.000000	-20.000000	700.000000	0.000000
274	0.000000	0.000000	-20.000000	700.000000	0.000000
275	0.000000	0.000000	-20.000000	700.000000	0.000000
276	0.000000	0.000000	-20.000000	700.000000	0.000000
277	0.000000	0.000000	-20.000000	700.000000	0.000000
278	0.000000	0.000000	-19.000000	700.000000	0.000000
279	0.000000	0.000000	-19.000000	700.000000	0.000000
280	0.000000	0.000000	-19.000000	700.000000	0.000000
281	0.000000	0.000000	-19.000000	700.000000	0.000000
282	0.000000	0.000000	-21.000000	700.000000	0.000000
283	0.000000	0.000000	-21.000000	700.000000	0.000000
284	0.000000	0.000000	-21.000000	700.000000	0.000000
285	0.000000	0.000000	-21.000000	700.000000	0.000000
286	0.000000	0.000000	-21.000000	700.000000	0.000000
287	0.000000	0.000000	-21.000000	700.000000	0.000000
288	0.000000	0.000000	-19.000000	700.000000	0.000000
289	0.000000	0.000000	-19.000000	700.000000	0.000000
290	0.000000	0.000000	-19.000000	700.000000	0.000000
291	0.000000	0.000000	-19.000000	700.000000	0.000000
292	0.000000	0.000000	-19.000000	700.000000	0.000000
293	0.000000	0.000000	-19.000000	700.000000	0.000000
294	0.000000	0.000000	-19.000000	700.000000	0.000000
295	0.000000	0.000000	-19.000000	700.000000	0.000000
296	0.000000	0.000000	-19.000000	700.000000	0.000000
297	0.000000	0.000000	-19.000000	700.000000	0.000000
298	0.000000	0.000000	-16.000000	700.000000	0.000000
299	-4.000000	-1.000000	-16.000000	700.000000	90.000000
300	-4.000000	-1.000000	-18.000000	700.000000	90.000000
301	-4.000000	-1.000000	-18.000000	700.000000	90.000000
302	-4.000000	-1.000000	-21.000000	700.000000	90.000000
303	-4.000000	-1.000000	-21.000000	700.000000	90.000000
304	-4.000000	-1.000000	-21.000000	700.000000	90.000000
305	-4.000000	-1.000000	-21.000000	700.000000	90.000000
306	-4.000000	-1.000000	-21.000000	700.000000	90.000000
307	-4.000000	-1.000000	-21.000000	700.000000	90.000000
308	-4.000000	-1.000000	-21.000000	700.000000	90.000000
309	-4.000000	-1.000000	-21.000000	700.000000	90.000000
310	-4.000000	-1.000000	-19.000000	700.000000	90.000000
311	-4.000000	-1.000000	-19.000000	700.000000	90.000000
312	-4.000000	-1.000000	-19.000000	700.000000	90.000000
313	-4.000000	-1.000000	-19.000000	700.000000	90.000000
314	-4.000000	-1.000000	-18.000000	700.000000	90.000000
315	-4.000000	-1.000000	-18.000000	700.000000	90.000000
316	-4.000000	-1.000000	-14.000000	700.000000	90.000000
317	-4.000000	-1.000000	-14.000000	700.000000	90.000000
318	-21.000000	38.000000	-9.000000	700.000000	-42.709383
319	-21.000000	38.000000	-9.000000	700.000000	-42.709383
320	-21.000000	38.000000	0.000000	700.000000	-42.709383
321	12.000000	-1.000000	0.000000	700.000000	90.000000
322	12.000000	-1.000000	12.000000	700.000000	90.000000
323	15.000000	-1.000000	12.000000	700.000000	90.000000
324	15.000000	-1.000000	32.000000	700.000000	90.000000
325	15.000000	-1.000000	32.000000	700.000000	90.000000
326	19.000000	-1.000000	44.000000	700.000000	0.000000
327	19.000000	-1.000000	44.000000	700.000000	0.000000
328	19.000000	-1.000000	69.000000	700.000000	0.000000
329	31.000000	-22.000000	69.000000	700.000000	-6.709834
330	31.000000	-22.000000	96.000000	700.000000	-6.709834
331	31.000000	-22.000000	96.000000	700.000000	-6.709834
332	32.000000	-19.000000	129.000000	700.000000	-6.115505
333	32.000000	-19.000000	129.000000	700.000000	-6.115505
334	31.000000	-16.000000	157.000000	700.000000	-6.483072
335	31.000000	-16.000000	157.000000	700.000000	-6.483072
336	29.000000	-15.000000	185.000000	700.000000	-6.340191
337	29.000000	-15.000000	185.000000	700.000000	-6.340191
338	29.000000	-15.000000	214.000000	700.000000	-6.340191
339	29.000000	-15.000000	214.000000	700.000000	-6.340191
340	24.000000	-15.000000	243.000000	700.000000	-8.130104
341	24.000000	-15.000000	243.000000	700.000000	-8.130104
342	20.000000	-16.000000	272.000000	700.000000	-7.305761
343	20.000000	-16.000000	272.000000	700.000000	-7.305761
344	20.000000	-16.000000	299.000000	700.000000	-7.305761
345	13.000000	-15.000000	299.000000	700.000000	-6.519805
346	13.000000	-15.000000	321.000000	700.000000	-6.519805
347	7.000000	-13.000000	321.000000	700.000000	-6.709834
348	7.000000	-13.000000	343.000000	700.000000	-6.709834
349	7.000000	-13.000000	343.000000	700.000000	-6.709834
350	1.000000	-12.000000	365.000000	700.000000	-8.615648
351	1.000000	-12.000000	365.000000	700.000000	-8.615648
352	1.000000	-12.000000	381.000000	700.000000	-8.615648
353	-7.000000	-13.000000	381.000000	700.000000	-7.352377
354	-7.000000	-13.000000	398.000000	700.000000	-7.352377
355	-13.000000	-13.000000	398.000000	700.000000	-7.853310
356	-13.000000	-13.000000	409.000000	700.000000	-7.853310
357	-13.000000	-13.000000	409.000000	700.000000	-7.853310
358	-18.000000	-14.000000	416.000000	700.000000	-10.007982
359	-18.000000	-14.000000	416.000000	700.000000	-10.007982
360	-18.000000	-14.000000	426.000000	700.000000	-10.007982
361	-18.000000	-14.000000	426.000000	700.000000	-10.007982
362	-18.000000	-14.000000	425.000000	700.000000	-10.007982
363	-18.000000	-14.000000	425.000000	700.000000	-10.007982
364	-27.000000	-16.000000	428.000000	700.000000	-8.426971
365	-27.000000	-16.000000	428.000000	700.000000	-8.426971
366	-29.000000	-18.000000	431.000000	700.000000	-8.426971
367	-29.000000	-18.000000	431.000000	700.000000	-8.426971
368	-29.000000	-18.000000	431.000000	700.000000	-8.426971
369	-30.000000	-20.000000	431.000000	700.000000	-11.309932
370	-30.000000	-20.000000	430.000000	700.000000	-11.309932
371	-32.000000	-22.000000	430.000000	700.000000	-9.462325
372	-32.000000	-22.000000	433.000000	700.000000	-9.462325
373	-32.000000	-22.000000	433.000000	700.000000	-9.462325
374	-32.000000	-22.000000	437.000000	700.000000	-9.462325
375	-34.000000	-25.000000	437.000000	700.000000	-8.880660
376	-34.000000	-25.000000	437.000000	700.000000	-8.880660
377	-36.000000	-26.000000	437.000000	700.000000	-8.426971
378	-36.000000	-26.000000	446.000000	700.000000	-8.426971
379	-36.000000	-26.000000	446.000000	700.000000	-8.426971
380	-38.000000	-28.000000	450.000000	700.000000	-8.880660
381	-38.000000	-28.000000	450.000000	700.000000	-8.880660
382	-40.000000	-29.000000	455.000000	700.000000	-9.462325
383	-40.000000	-29.000000	455.000000	700.000000	-9.462325
384	-40.000000	-29.000000	464.000000	700.000000	-9.462325
385	-42.000000	-31.000000	464.000000	700.000000	-9.462325
386	-42.000000	-31.000000	498.000000	700.000000	-9.462325
387	-42.000000	-31.000000	498.000000	700.000000	-9.462325
388	-43.000000	-30.000000	532.000000	700.000000	-9.782408
389	-43.000000	-30.000000	532.000000	700.000000	-9.782408
390	-43.000000	-30.000000	497.000000	700.000000	-9.782408
391	-44.000000	-29.000000	497.000000	700.000000	-9.782408
392	-44.000000	-29.000000	512.000000	700.000000	-9.782408
393	-46.000000	-28.000000	512.000000	700.000000	-10.491478
394	-46.000000	-28.000000	523.000000	700.000000	-10.491478
395	-46.000000	-28.000000	523.000000	700.000000	-10.491478
396	-47.000000	-26.000000	560.000000	700.000000	-10.491478
397	-47.000000	-26.000000	560.000000	700.000000	-10.491478
398	-47.000000	-26.000000	568.000000	700.000000	-10.491478
399	-48.000000	-24.000000	568.000000	700.000000	-10.124669
400	-48.000000	-24.000000	576.000000	700.000000	-10.124669
401	-49.000000	-22.000000	576.000000	700.000000	-10.304843
402	-49.000000	-22.000000	617.000000	700.000000	-10.304843
403	-49.000000	-22.000000	617.000000	700.000000	-10.304843
404	-49.000000	-20.000000	620.000000	700.000000	-9.462325
405	-49.000000	-20.000000	620.000000	700.000000	-9.462325
406	-50.000000	-17.000000	609.000000	700.000000	-10.491478
407	-50.000000	-17.000000	609.000000	700.000000	-10.491478
408	-50.000000	-17.000000	618.000000	700.000000	-10.491478
409	-52.000000	-15.000000	618.000000	700.000000	-10.885525
410	-52.000000	-15.000000	631.000000	700.000000	-10.885525
411	-52.000000	-15.000000	631.000000	700.000000	-10.885525
412	-52.000000	-14.000000	653.000000	700.000000	-9.090278
413	-52.000000	-14.000000	653.000000	700.000000	-9.090278
414	-52.000000	-14.000000	660.000000	700.000000	-9.865805
415	-52.000000	-14.000000	660.000000	700.000000	-9.865805
416	-52.000000	-14.000000	670.000000	700.000000	-9.865805
417	-50.000000	-15.000000	670.000000	700.000000	-10.304843
418	-50.000000	-15.000000	680.000000	700.000000	-10.304843
419	-50.000000	-15.000000	680.000000	700.000000	-10.304843
420	-47.000000	-16.000000	687.000000	700.000000	-9.865805
421	-47.000000	-16.000000	687.000000	700.000000	-9.865805
422	-47.000000	-16.000000	704.000000	700.000000	-9.865805
423	-45.000000	-18.000000	704.000000	700.000000	-11.309932
424	-45.000000	-18.000000	708.000000	700.000000	-11.309932
425	-43.000000	-19.000000	708.000000	700.000000	-10.619653
426	-43.000000	-19.000000	717.000000	700.000000	-10.619653
427	-43.000000	-19.000000	717.000000	700.000000	-10.619653
428	-40.000000	-21.000000	726.000000	700.000000	-10.784295
429	-40.000000	-21.000000	726.000000	700.000000	-10.784295
430	-40.000000	-21.000000	734.000000	700.000000	-10.784295
431	-37.000000	-21.000000	737.000000	700.000000	-11.888654
432	-37.000000	-21.000000	737.000000	700.000000	-11.888654
433	-37.000000	-21.000000	737.000000	700.000000	-8.530763
434	-37.000000	-21.000000	743.000000	700.000000	-8.530763
435	-37.000000	-21.000000	743.000000	700.000000	-8.530763
436	-37.000000	-22.000000	749.000000	700.000000	-10.304843
437	-37.000000	-22.000000	753.000000	700.000000	-10.304843
438	-37.000000	-23.000000	753.000000	700.000000	-8.530763
439	-37.000000	-23.000000	747.000000	700.000000	-8.530763
440	-37.000000	-23.000000	747.000000	700.000000	-8.530763
441	-37.000000	-23.000000	747.000000	700.000000	-8.530763
442	-38.000000	-25.000000	756.000000	700.000000	-10.304843
443	-38.000000	-25.000000	756.000000	700.000000	-10.304843
444	-39.000000	-27.000000	750.000000	700.000000	-8.530763
445	-39.000000	-27.000000	728.000000	700.000000	-8.530763
446	-39.000000	-27.000000	728.000000	700.000000	-8.530763
447	-41.000000	-29.000000	717.000000	700.000000	-8.130104
448	-41.000000	-29.000000	717.000000	700.000000	-8.130104
449	-42.000000	-31.000000	717.000000	700.000000	-10.304850
450	-42.000000	-31.000000	737.000000	700.000000	-10.304850
451	-42.000000	-31.000000	687.000000	700.000000	-10.304850
452	-45.000000	-35.000000	687.000000	700.000000	-8.972628
453	-45.000000	-35.000000	682.000000	700.000000	-8.972628
454	-45.000000	-35.000000	682.000000	700.000000	-8.972628
455	-46.000000	-37.000000	650.000000	700.000000	-11.309932
456	-46.000000	-37.000000	650.000000	700.000000	-11.309932
457	-46.000000	-37.000000	650.000000	700.000000	-11.309932
458	-48.000000	-39.000000	637.000000	700.000000	-10.491478
459	-48.000000	-39.000000	637.000000	700.000000	-10.491478
460	-49.000000	-41.000000	625.000000	700.000000	-9.462325
461	-49.000000	-41.000000	613.000000	700.000000	-9.462325
462	-51.000000	-44.000000	613.000000	700.000000	-9.462325
463	-51.000000	-44.000000	586.000000	700.000000	-9.462325
464	-51.000000	-44.000000	586.000000	700.000000	-9.462325
465	-51.000000	-44.000000	603.000000	700.000000	-9.462325
466	-57.000000	-47.000000	603.000000	700.000000	-10.124669
467	-57.000000	-47.000000	569.000000	700.000000	-10.124669
468	-61.000000	-47.000000	569.000000	700.000000	-8.746159
469	-61.000000	-47.000000	534.000000	700.000000	-8.746159
470	-61.000000	-47.000000	534.000000	700.000000	-8.746159
471	-64.000000	-47.000000	532.000000	700.000000	-10.954066
472	-64.000000	-47.000000	532.000000	700.000000	-10.954066
473	-64.000000	-46.000000	519.000000	700.000000	-9.462325
474	-64.000000	-46.000000	519.000000	700.000000	-9.462325
475	-64.000000	-46.000000	525.000000	700.000000	-9.462325
476	-60.000000	-44.000000	525.000000	700.000000	-10.885525
477	-60.000000	-44.000000	525.000000	700.000000	-10.885525
478	-60.000000	-44.000000	525.000000	700.000000	-10.885525
479	-55.000000	-40.000000	522.000000	700.000000	-12.094755
480	-55.000000	-40.000000	522.000000	700.000000	-12.094755
481	-48.000000	-35.000000	510.000000	700.000000	-12.994619
482	-48.000000	-35.000000	510.000000	700.000000	-12.994619
483	-48.000000	-35.000000	527.000000	700.000000	-12.994619
484	-41.000000	-30.000000	527.000000	700.000000	-15.255118
485	-41.000000	-30.000000	529.000000	700.000000	-15.255118
486	-41.000000	-30.000000	529.000000	700.000000	-15.255118
487	-31.000000	-22.000000	548.000000	700.000000	-17.102725
488	-31.000000	-22.000000	548.000000	700.000000	-17.102725
489	-31.000000	-22.000000	548.000000	700.000000	-17.102725
490	-25.000000	-18.000000	566.000000	700.000000	-15.255118
491	-25.000000	-18.000000	585.000000	700.000000	-15.255118
492	-18.000000	-15.000000	585.000000	700.000000	-18.434946
493	-18.000000	-15.000000	608.000000	700.000000	-18.434946
494	-18.000000	-15.000000	608.000000	700.000000	-18.434946
495	-13.000000	-13.000000	623.000000	700.000000	-16.699245
496	-13.000000	-13.000000	623.000000	700.000000	-16.699245
497	-13.000000	-13.000000	623.000000	700.000000	-16.699245
498	-9.000000	-13.000000	642.000000	700.000000	-19.179007
499	-9.000000	-13.000000	667.000000	700.000000	-19.179007
500	-7.000000	-14.000000	667.000000	700.000000	-19.179007
501	-7.000000	-14.000000	688.000000	700.000000	-19.179007
502	-7.000000	-14.000000	688.000000	700.000000	-19.179007
503	-6.000000	-16.000000	711.000000	700.000000	-18.434946
504	-6.000000	-16.000000	711.000000	700.000000	-18.434946
505	-6.000000	-16.000000	732.000000	700.000000	-18.434946
506	-6.000000	-16.000000	732.000000	700.000000	-18.434946
507	-6.000000	-16.000000	750.000000	700.000000	-18.434946
508	-6.000000	-16.000000	750.000000	700.000000	-18.434946
509	-7.000000	-21.000000	765.000000	700.000000	-18.434953
510	-7.000000	-21.000000	765.000000	700.000000	-18.434953
511	-7.000000	-21.000000	788.000000	700.000000	-18.434953
512	-8.000000	-23.000000	788.000000	700.000000	-14.036243
513	-8.000000	-23.000000	808.000000	700.000000	-14.036243
514	-10.000000	-25.000000	808.000000	700.000000	-11.888654
515	-10.000000	-25.000000	816.000000	700.000000	-11.888654
516	-14.000000	-28.000000	816.000000	700.000000	-11.888661
517	-14.000000	-28.000000	815.000000	700.000000	-11.888661
518	-14.000000	-28.000000	815.000000	700.000000	-11.888661
519	-16.000000	-30.000000	816.000000	700.000000	-9.462325
520	-16.000000	-30.000000	816.000000	700.000000	-9.462325
521	-16.000000	-30.000000	816.000000	700.000000	-9.462325
522	-20.000000	-35.000000	816.000000	700.000000	-8.972628
523	-20.000000	-35.000000	815.000000	700.000000	-8.972628
524	-22.000000	-37.000000	815.000000	700.000000	-8.130104
525	-22.000000	-37.000000	812.000000	700.000000	-8.130104
526	-22.000000	-37.000000	812.000000	700.000000	-8.130104
527	-25.000000	-39.000000	803.000000	700.000000	-8.530763
528	-25.000000	-39.000000	803.000000	700.000000	-8.530763
529	-29.000000	-40.000000	785.000000	700.000000	-7.125014
530	-29.000000	-40.000000	785.000000	700.000000	-7.125014
531	-29.000000	-40.000000	769.000000	700.000000	-7.125014
532	-29.000000	-40.000000	769.000000	700.000000	-7.125014
533	-34.000000	-42.000000	752.000000	700.000000	-8.130104
534	-34.000000	-42.000000	752.000000	700.000000	-8.130104
535	-37.000000	-43.000000	729.000000	700.000000	-11.309932
536	-37.000000	-43.000000	729.000000	700.000000	-11.309932
537	-37.000000	-43.000000	711.000000	700.000000	-11.309932
538	-40.000000	-43.000000	711.000000	700.000000	-9.462318
539	-40.000000	-43.000000	688.000000	700.000000	-9.462318
540	-43.000000	-45.000000	688.000000	700.000000	-10.304850
541	-43.000000	-45.000000	695.000000	700.000000	-10.304850
542	-43.000000	-45.000000	695.000000	700.000000	-10.304850
543	-43.000000	-45.000000	665.000000	700.000000	-10.304850
544	-44.000000	-46.000000	665.000000	700.000000	-7.765167
545	-44.000000	-46.000000	630.000000	700.000000	-7.765167
546	-44.000000	-46.000000	630.000000	700.000000	-10.885525
547	-44.000000	-46.000000	612.000000	700.000000	-10.885525
548	-43.000000	-46.000000	612.000000	700.000000	-10.304850
549	-43.000000	-46.000000	584.000000	700.000000	-10.304850
550	-43.000000	-46.000000	584.000000	700.000000	-10.304850
551	-43.000000	-47.000000	574.000000	700.000000	-10.124669
552	-43.000000	-47.000000	574.000000	700.000000	-10.124669
553	-43.000000	-47.000000	577.000000	700.000000	-10.124669
554	-45.000000	-47.000000	577.000000	700.000000	-10.124669
555	-45.000000	-47.000000	560.000000	700.000000	-10.124669
556	-45.000000	-47.000000	560.000000	700.000000	-10.124669
557	-46.000000	-45.000000	539.000000	700.000000	-12.528807
558	-46.000000	-45.000000	539.000000	700.000000	-12.528807
559	-45.000000	-43.000000	535.000000	700.000000	-12.094755
560	-45.000000	-43.000000	535.000000	700.000000	-12.094755
561	-45.000000	-43.000000	533.000000	700.000000	-12.094755
562	-42.000000	-39.000000	533.000000	700.000000	-12.528807
563	-42.000000	-39.000000	522.000000	700.000000	-12.528807
564	-39.000000	-33.000000	522.000000	700.000000	-13.134023
565	-39.000000	-33.000000	514.000000	700.000000	-13.134023
566	-39.000000	-33.000000	514.000000	700.000000	-13.134023
567	-39.000000	-33.000000	529.000000	700.000000	-13.134023
568	-32.000000	-24.000000	529.000000	700.000000	-15.255118
569	-32.000000	-24.000000	538.000000	700.000000	-15.255118
570	-28.000000	-20.000000	538.000000	700.000000	-16.699245
571	-28.000000	-20.000000	556.000000	700.000000	-16.699245
572	-28.000000	-20.000000	556.000000	700.000000	-16.699245
573	-24.000000	-17.000000	556.000000	700.000000	-18.434946
574	-24.000000	-17.000000	556.000000	700.000000	-18.434946
575	-24.000000	-17.000000	556.000000	700.000000	-18.434946
576	-24.000000	-17.000000	592.000000	700.000000	-18.434946
577	-24.000000	-17.000000	594.000000	700.000000	-18.434946
578	-23.000000	-16.000000	594.000000	700.000000	-20.556048
579	-23.000000	-16.000000	601.000000	700.000000	-20.556048
580	-23.000000	-16.000000	601.000000	700.000000	-20.556048
581	-26.000000	-18.000000	611.000000	700.000000	-22.249026
582	-26.000000	-18.000000	611.000000	700.000000	-22.249026
583	-26.000000	-18.000000	680.000000	700.000000	-22.249026
584	-30.000000	-19.000000	680.000000	700.000000	-24.443955
585	-30.000000	-19.000000	654.000000	700.000000	-24.443955
586	-36.000000	-21.000000	654.000000	700.000000	-26.565043
587	-36.000000	-21.000000	697.000000	700.000000	-26.565043
588	-36.000000	-21.000000	697.000000	700.000000	-26.565043
589	-47.000000	-24.000000	697.000000	700.000000	-26.565043
590	-47.000000	-24.000000	694.000000	700.000000	-26.565043
591	-56.000000	-27.000000	699.000000	700.000000	-29.054606
592	-56.000000	-27.000000	699.000000	700.000000	-29.054606
593	-56.000000	-27.000000	720.000000	700.000000	-29.054606
594	-63.000000	-31.000000	720.000000	700.000000	-29.054606
595	-63.000000	-31.000000	730.000000	700.000000	-29.054606
596	-68.000000	-37.000000	730.000000	700.000000	-26.565043
597	-68.000000	-37.000000	736.000000	700.000000	-26.565043
598	-68.000000	-37.000000	736.000000	700.000000	-26.565043
599	-68.000000	-37.000000	758.000000	700.000000	-26.565043
600	-74.000000	-47.000000	758.000000	700.000000	-27.897272
601	-74.000000	-47.000000	769.000000	700.000000	-27.897272
602	-74.000000	-50.000000	769.000000	700.000000	63.434950
603	-74.000000	-50.000000	806.000000	700.000000	63.434950
604	-74.000000	-50.000000	806.000000	700.000000	63.434950
605	-73.000000	-54.000000	806.000000	700.000000	66.801408
606	-73.000000	-54.000000	806.000000	700.000000	66.801408
607	-70.000000	-55.000000	804.000000	700.000000	90.000000
608	-70.000000	-55.000000	804.000000	700.000000	90.000000
609	-70.000000	-55.000000	806.000000	700.000000	90.000000
610	-70.000000	-55.000000	806.000000	700.000000	90.000000
611	-71.000000	-58.000000	806.000000	700.000000	-90.000000
612	-71.000000	-58.000000	806.000000	700.000000	-90.000000
613	-70.000000	-57.000000	816.000000	700.000000	90.000000
614	-70.000000	-57.000000	816.000000	700.000000	90.000000
615	-69.000000	-58.000000	795.000000	700.000000	90.000000
616	-69.000000	-58.000000	795.000000	700.000000	90.000000
617	-69.000000	-58.000000	786.000000	700.000000	90.000000
618	-67.000000	-56.000000	786.000000	700.000000	90.000000
619	-67.000000	-56.000000	772.000000	700.000000	90.000000
620	-65.000000	-56.000000	772.000000	700.000000	90.000000
621	-65.000000	-56.000000	758.000000	700.000000	90.000000
622	-65.000000	-56.000000	758.000000	700.000000	90.000000
623	-65.000000	-56.000000	730.000000	700.000000	90.000000
624	-60.000000	-63.000000	730.000000	700.000000	68.198590
625	-60.000000	-63.000000	712.000000	700.000000	68.198590
626	-56.000000	-63.000000	712.000000	700.000000	68.198590
627	-56.000000	-63.000000	687.000000	700.000000	68.198590
628	-56.000000	-63.000000	687.000000	700.000000	68.198590
629	-53.000000	-63.000000	664.000000	700.000000	68.198592
630	-53.000000	-63.000000	664.000000	700.000000	68.198592
631	-52.000000	-63.000000	641.000000	700.000000	63.434950
632	-52.000000	-63.000000	641.000000	700.000000	63.434950
633	-52.000000	-63.000000	622.000000	700.000000	63.434950
634	-52.000000	-63.000000	622.000000	700.000000	63.434950
635	-50.000000	-61.000000	600.000000	700.000000	68.198592
636	-50.000000	-61.000000	600.000000	700.000000	68.198592
637	-52.000000	-62.000000	575.000000	700.000000	63.434950
638	-52.000000	-62.000000	575.000000	700.000000	63.434950
639	-52.000000	-62.000000	553.000000	700.000000	63.434950
640	-52.000000	-59.000000	553.000000	700.000000	69.443954
641	-52.000000	-59.000000	539.000000	700.000000	69.443954
642	-52.000000	-59.000000	539.000000	700.000000	67.619863
643	-52.000000	-59.000000	527.000000	700.000000	67.619863
644	-52.000000	-59.000000	527.000000	700.000000	67.619863
645	-52.000000	-57.000000	525.000000	700.000000	68.198590
646	-52.000000	-57.000000	525.000000	700.000000	68.198590
647	-52.000000	-57.000000	527.000000	700.000000	68.198590
648	-52.000000	-57.000000	527.000000	700.000000	-23.962489
649	-52.000000	-57.000000	521.000000	700.000000	-23.962489
650	-52.000000	-57.000000	521.000000	700.000000	-23.962489
651	-53.000000	-57.000000	531.000000	700.000000	-22.380139
652	-53.000000	-57.000000	531.000000	700.000000	-22.380139
653	-56.000000	-58.000000	533.000000	700.000000	-26.565043
654	-56.000000	-58.000000	533.000000	700.000000	-26.565043
655	-56.000000	-58.000000	553.000000	700.000000	-26.565043
656	-62.000000	-58.000000	553.000000	700.000000	64.798874
657	-62.000000	-58.000000	553.000000	700.000000	64.798874
658	-62.000000	-58.000000	553.000000	700.000000	64.798874
659	-64.000000	-50.000000	553.000000	700.000000	90.000000
660	-64.000000	-50.000000	553.000000	700.000000	90.000000
661	-74.000000	-52.000000	574.000000	700.000000	62.102730
662	-74.000000	-52.000000	574.000000	700.000000	62.102730
663	-73.000000	-49.000000	586.000000	700.000000	12.724348
664	-73.000000	-49.000000	586.000000	700.000000	12.724348
665	-73.000000	-49.000000	615.000000	700.000000	12.724348
666	-73.000000	-49.000000	615.000000	700.000000	12.724348
667	-73.000000	-49.000000	655.000000	700.000000	12.724348
668	-73.000000	-49.000000	655.000000	700.000000	12.724348
669	-73.000000	-49.000000	660.000000	700.000000	12.724348
670	-73.000000	-49.000000	660.000000	700.000000	12.724348
671	-73.000000	-49.000000	763.000000	700.000000	12.724348
672	-73.000000	-49.000000	763.000000	700.000000	12.724348
673	-73.000000	-49.000000	740.000000	700.000000	12.724348
674	-73.000000	-49.000000	740.000000	700.000000	12.724348
675	-73.000000	-49.000000	792.000000	700.000000	12.724348
676	-73.000000	-49.000000	792.000000	700.000000	12.724348
677	-73.000000	-49.000000	810.000000	700.000000	12.724348
678	-73.000000	-49.000000	810.000000	700.000000	12.724348
679	-73.000000	-49.000000	850.000000	700.000000	12.724348
680	-73.000000	-49.000000	850.000000	700.000000	12.724348
681	-73.000000	-49.000000	873.000000	700.000000	12.724348
682	-73.000000	-49.000000	873.000000	700.000000	12.724348
683	-73.000000	-49.000000	915.000000	700.000000	12.724348
684	-73.000000	-49.000000	915.000000	700.000000	12.724348
685	-73.000000	-49.000000	915.000000	700.000000	12.724348
686	-73.000000	-49.000000	915.000000	700.000000	12.724348
687	-73.000000	-49.000000	915.000000	700.000000	12.724348
688	-73.000000	-49.000000	915.000000	700.000000	12.724348
689	-73.000000	-49.000000	934.000000	700.000000	12.724348
690	-73.000000	-49.000000	934.000000	700.000000	12.724348
691	-73.000000	-49.000000	902.000000	700.000000	12.724348
692	-73.000000	-49.000000	902.000000	700.000000	12.724348
693	-73.000000	-49.000000	943.000000	700.000000	12.724348
694	-73.000000	-49.000000	943.000000	700.000000	12.724348
695	-73.000000	-49.000000	960.000000	700.000000	12.724348
696	-73.000000	-49.000000	960.000000	700.000000	12.724348
697	-73.000000	-49.000000	876.000000	700.000000	12.724348
698	-73.000000	-49.000000	876.000000	700.000000	12.724348
699	-73.000000	-49.000000	872.000000	700.000000	12.724348
700	-73.000000	-49.000000	872.000000	700.000000	12.724348
701	-73.000000	-49.000000	865.000000	700.000000	12.724348
702	-73.000000	-49.000000	865.000000	700.000000	12.724348
703	-73.000000	-49.000000	942.000000	700.000000	12.724348
704	-73.000000	-49.000000	942.000000	700.000000	12.724348
705	-73.000000	-49.000000	925.000000	700.000000	12.724348
706	-73.000000	-49.000000	925.000000	700.000000	12.724348
707	-73.000000	-49.000000	889.000000	700.000000	12.724348
708	-73.000000	-49.000000	889.000000	700.000000	12.724348
709	-73.000000	-49.000000	908.000000	700.000000	12.724348
710	-73.000000	-49.000000	908.000000	700.000000	12.724348
711	-73.000000	-49.000000	881.000000	700.000000	12.724348
712	-73.000000	-49.000000	881.000000	700.000000	12.724348
713	-73.000000	-49.000000	965.000000	700.000000	12.724348
714	-73.000000	-49.000000	965.000000	700.000000	12.724348
715	-73.000000	-49.000000	1015.000000	700.000000	12.724348
716	-73.000000	-49.000000	1015.000000	700.000000	12.724348
717	-73.000000	-49.000000	1015.000000	700.000000	12.724348
718	-73.000000	-49.000000	1015.000000	700.000000	12.724348
719	-73.000000	-49.000000	990.000000	700.000000	12.724348
720	-73.000000	-49.000000	990.000000	700.000000	12.724348
721	-73.000000	-49.000000	933.000000	700.000000	12.724348
722	-73.000000	-49.000000	933.000000	700.000000	12.724348
723	-73.000000	-49.000000	879.000000	700.000000	12.724348
724	-73.000000	-49.000000	879.000000	700.000000	12.724348
725	-73.000000	-49.000000	879.000000	700.000000	12.724348
726	-73.000000	-49.000000	879.000000	700.000000	12.724348
727	-73.000000	-49.000000	800.000000	700.000000	12.724348
728	-73.000000	-49.000000	800.000000	700.000000	12.724348
729	-73.000000	-49.000000	759.000000	700.000000	12.724348
730	-73.000000	-49.000000	759.000000	700.000000	12.724348
731	-73.000000	-49.000000	678.000000	700.000000	12.724348
732	-73.000000	-49.000000	678.000000	700.000000	12.724348
733	-73.000000	-49.000000	644.000000	700.000000	12.724348
734	-73.000000	-49.000000	644.000000	700.000000	12.724348
735	-73.000000	-49.000000	568.000000	700.000000	12.724348
736	-73.000000	-49.000000	568.000000	700.000000	12.724348
737	-73.000000	-49.000000	531.000000	700.000000	12.724348
738	-73.000000	-49.000000	531.000000	700.000000	12.724348
739	-73.000000	-49.000000	476.000000	700.000000	12.724348
740	-73.000000	-49.000000	476.000000	700.000000	12.724348
741	-73.000000	-49.000000	388.000000	700.000000	12.724348
742	-73.000000	-49.000000	388.000000	700.000000	12.724348
743	-73.000000	-49.000000	370.000000	700.000000	12.724348
744	-73.000000	-49.000000	370.000000	700.000000	12.724348
745	-73.000000	-49.000000	299.000000	700.000000	12.724348
746	-73.000000	-49.000000	299.000000	700.000000	12.724348
747	-73.000000	-49.000000	253.000000	700.000000	12.724348
748	-73.000000	-49.000000	253.000000	700.000000	12.724348
749	-73.000000	-49.000000	213.000000	700.000000	12.724348
750	-73.000000	-49.000000	213.000000	700.000000	12.724348
751	-73.000000	-49.000000	213.000000	700.000000	12.724348
752	-73.000000	-49.000000	213.000000	700.000000	12.724348
753	-73.000000	-49.000000	213.000000	700.000000	12.724348
754	-73.000000	-49.000000	213.000000	700.000000	12.724348
755	-73.000000	-49.000000	174.000000	700.000000	12.724348
756	-73.000000	-49.000000	174.000000	700.000000	12.724348
757	-73.000000	-49.000000	174.000000	700.000000	12.724348
758	-73.000000	-49.000000	174.000000	700.000000	12.724348
759	-73.000000	-49.000000	143.000000	700.000000	12.724348
760	-73.000000	-49.000000	143.000000	700.000000	12.724348
761	-73.000000	-49.000000	145.000000	700.000000	12.724348
762	-73.000000	-49.000000	145.000000	700.000000	12.724348
763	-73.000000	-49.000000	179.000000	700.000000	12.724348
764	-73.000000	-49.000000	179.000000	700.000000	12.724348
765	-73.000000	-49.000000	209.000000	700.000000	12.724348
766	-73.000000	-49.000000	209.000000	700.000000	12.724348
767	-73.000000	-49.000000	209.000000	700.000000	12.724348
768	-73.000000	-49.000000	261.000000	700.000000	12.724348
769	-73.000000	-49.000000	1082.000000	700.000000	12.724348
770	-73.000000	-49.000000	1082.000000	700.000000	12.724348
771	-73.000000	-49.000000	385.000000	700.000000	12.724348
772	-73.000000	-49.000000	385.000000	700.000000	12.724348
773	-73.000000	-49.000000	385.000000	700.000000	12.724348
774	-73.000000	-49.000000	229.000000	700.000000	12.724348
775	-73.000000	-49.000000	230.000000	700.000000	12.724348
776	-73.000000	-49.000000	230.000000	700.000000	12.724348
777	-73.000000	-49.000000	228.000000	700.000000	12.724348
778	-73.000000	-49.000000	228.000000	700.000000	12.724348
779	-73.000000	-49.000000	228.000000	700.000000	12.724348
780	-73.000000	-49.000000	221.000000	700.000000	12.724348
781	-73.000000	-49.000000	218.000000	700.000000	12.724348
782	-73.000000	-49.000000	218.000000	700.000000	12.724348
783	-73.000000	-49.000000	217.000000	700.000000	12.724348
784	-73.000000	-49.000000	217.000000	700.000000	12.724348
785	-73.000000	-49.000000	217.000000	700.000000	12.724348
786	-73.000000	-49.000000	217.000000	700.000000	12.724348
787	-73.000000	-49.000000	217.000000	700.000000	12.724348
788	-73.000000	-49.000000	217.000000	700.000000	12.724348
789	-73.000000	-49.000000	219.000000	700.000000	12.724348
790	-73.000000	-49.000000	219.000000	700.000000	12.724348
791	-73.000000	-49.000000	219.000000	700.000000	12.724348
792	-73.000000	-49.000000	219.000000	700.000000	12.724348
793	-73.000000	-49.000000	219.000000	700.000000	12.724348
794	-73.000000	-49.000000	219.000000	700.000000	12.724348
795	-73.000000	-49.000000	219.000000	700.000000	12.724348
796	-73.000000	-49.000000	219.000000	700.000000	12.724348
797	-73.000000	-49.000000	219.000000	700.000000	12.724348
798	-73.000000	-49.000000	219.000000	700.000000	12.724348
799	-73.000000	-49.000000	219.000000	700.000000	12.724348
800	-73.000000	-49.000000	219.000000	700.000000	12.724348
801	-73.000000	-49.000000	218.000000	700.000000	12.724348
802	-73.000000	-49.000000	218.000000	700.000000	12.724348
803	-73.000000	-49.000000	218.000000	700.000000	12.724348
804	-73.000000	-49.000000	218.000000	700.000000	12.724348
805	-73.000000	-49.000000	218.000000	700.000000	12.724348
806	-73.000000	-49.000000	218.000000	700.000000	12.724348
807	-73.000000	-49.000000	218.000000	700.000000	12.724348
808	-73.000000	-49.000000	218.000000	700.000000	12.724348
809	-73.000000	-49.000000	218.000000	700.000000	12.724348
810	-73.000000	-49.000000	218.000000	700.000000	12.724348
811	-73.000000	-49.000000	218.000000	700.000000	12.724348
812	-73.000000	-49.000000	218.000000	700.000000	12.724348
813	-73.000000	-49.000000	218.000000	700.000000	12.724348
814	-73.000000	-49.000000	217.000000	700.000000	12.724348
815	-73.000000	-49.000000	218.000000	700.000000	12.724348
816	-73.000000	-49.000000	218.000000	700.000000	12.724348
817	-73.000000	-49.000000	218.000000	700.000000	12.724348
818	-73.000000	-49.000000	218.000000	700.000000	12.724348
819	-73.000000	-49.000000	217.000000	700.000000	12.724348
820	-73.000000	-49.000000	217.000000	700.000000	12.724348
821	-73.000000	-49.000000	218.000000	700.000000	12.724348
822	-73.000000	-49.000000	218.000000	700.000000	12.724348
823	-73.000000	-49.000000	218.000000	700.000000	12.724348
824	-73.000000	-49.000000	217.000000	700.000000	12.724348
825	-73.000000	-49.000000	217.000000	700.000000	12.724348
826	-73.000000	-49.000000	217.000000	700.000000	12.724348
827	-73.000000	-49.000000	218.000000	700.000000	12.724348
828	-73.000000	-49.000000	218.000000	700.000000	12.724348
829	-73.000000	-49.000000	218.000000	700.000000	12.724348
830	-73.000000	-49.000000	218.000000	700.000000	12.724348
831	-73.000000	-49.000000	217.000000	700.000000	12.724348
832	-73.000000	-49.000000	217.000000	700.000000	12.724348
833	-73.000000	-49.000000	218.000000	700.000000	12.724348
834	-73.000000	-49.000000	218.000000	700.000000	12.724348
835	-73.000000	-49.000000	218.000000	700.000000	12.724348
836	-73.000000	-49.000000	218.000000	700.000000	12.724348
837	-73.000000	-49.000000	218.000000	700.000000	12.724348
838	-73.000000	-49.000000	218.000000	700.000000	12.724348
839	-73.000000	-49.000000	217.000000	700.000000	12.724348
840	-73.000000	-49.000000	217.000000	700.000000	12.724348
841	-73.000000	-49.000000	217.000000	700.000000	12.724348
842	-73.000000	-49.000000	217.000000	700.000000	12.724348
843	-73.000000	-49.000000	218.000000	700.000000	12.724348
844	-73.000000	-49.000000	218.000000	700.000000	12.724348
845	-73.000000	-49.000000	218.000000	700.000000	12.724348
846	-73.000000	-49.000000	217.000000	700.000000	12.724348
847	-73.000000	-49.000000	217.000000	700.000000	12.724348
848	-73.000000	-49.000000	217.000000	700.000000	12.724348
849	-73.000000	-49.000000	218.000000	700.000000	12.724348
850	-73.000000	-49.000000	218.000000	700.000000	12.724348
851	-73.000000	-49.000000	218.000000	700.000000	12.724348
852	-73.000000	-49.000000	218.000000	700.000000	12.724348
853	-73.000000	-49.000000	218.000000	700.000000	12.724348
854	-73.000000	-49.000000	218.000000	700.000000	12.724348
855	-73.000000	-49.000000	218.000000	700.000000	12.724348
856	-73.000000	-49.000000	218.000000	700.000000	12.724348
857	-73.000000	-49.000000	218.000000	700.000000	12.724348
858	-73.000000	-49.000000	218.000000	700.000000	12.724348
859	-73.000000	-49.000000	218.000000	700.000000	12.724348
860	-73.000000	-49.000000	218.000000	700.000000	12.724348
861	-73.000000	-49.000000	218.000000	700.000000	12.724348
862	-73.000000	-49.000000	218.000000	700.000000	12.724348
863	-73.000000	-49.000000	218.000000	700.000000	12.724348
864	-73.000000	-49.000000	218.000000	700.000000	12.724348
865	-73.000000	-49.000000	218.000000	700.000000	12.724348
866	-73.000000	-49.000000	218.000000	700.000000	12.724348
867	-73.000000	-49.000000	217.000000	700.000000	12.724348
868	-73.000000	-49.000000	218.000000	700.000000	12.724348
869	-73.000000	-49.000000	218.000000	700.000000	12.724348
870	-73.000000	-49.000000	218.000000	700.000000	12.724348
871	-73.000000	-49.000000	218.000000	700.000000	12.724348
872	-73.000000	-49.000000	218.000000	700.000000	12.724348
873	-73.000000	-49.000000	218.000000	700.000000	12.724348
874	-73.000000	-49.000000	218.000000	700.000000	12.724348
875	-73.000000	-49.000000	217.000000	700.000000	12.724348
876	-73.000000	-49.000000	218.000000	700.000000	12.724348
877	-73.000000	-49.000000	218.000000	700.000000	12.724348
878	-73.000000	-49.000000	218.000000	700.000000	12.724348
879	-73.000000	-49.000000	218.000000	700.000000	12.724348
880	-73.000000	-49.000000	217.000000	700.000000	12.724348
881	-73.000000	-49.000000	218.000000	700.000000	12.724348
882	-73.000000	-49.000000	217.000000	700.000000	12.724348
883	-73.000000	-49.000000	217.000000	700.000000	12.724348
884	-73.000000	-49.000000	217.000000	700.000000	12.724348
885	-73.000000	-49.000000	217.000000	700.000000	12.724348
886	-73.000000	-49.000000	217.000000	700.000000	12.724348
887	-73.000000	-49.000000	217.000000	700.000000	12.724348
888	-73.000000	-49.000000	217.000000	700.000000	12.724348
889	-73.000000	-49.000000	218.000000	700.000000	12.724348
890	-73.000000	-49.000000	218.000000	700.000000	12.724348
891	-73.000000	-49.000000	218.000000	700.000000	12.724348
892	-73.000000	-49.000000	217.000000	700.000000	12.724348
893	-73.000000	-49.000000	217.000000	700.000000	12.724348
894	-73.000000	-49.000000	218.000000	700.000000	12.724348
895	-73.000000	-49.000000	218.000000	700.000000	12.724348
896	-73.000000	-49.000000	218.000000	700.000000	12.724348
897	-73.000000	-49.000000	218.000000	700.000000	12.724348
898	-73.000000	-49.000000	218.000000	700.000000	12.724348
899	-73.000000	-49.000000	218.000000	700.000000	12.724348
900	-73.000000	-49.000000	218.000000	700.000000	12.724348
901	-73.000000	-49.000000	218.000000	700.000000	12.724348
902	-73.000000	-49.000000	218.000000	700.000000	12.724348
903	-73.000000	-49.000000	218.000000	700.000000	12.724348
904	-73.000000	-49.000000	218.000000	700.000000	12.724348
905	-73.000000	-49.000000	218.000000	700.000000	12.724348
906	-73.000000	-49.000000	217.000000	700.000000	12.724348
907	-73.000000	-49.000000	217.000000	700.000000	12.724348
908	-73.000000	-49.000000	218.000000	700.000000	12.724348
909	-73.000000	-49.000000	218.000000	700.000000	12.724348
910	-73.000000	-49.000000	218.000000	700.000000	12.724348
911	-73.000000	-49.000000	218.000000	700.000000	12.724348
912	-73.000000	-49.000000	218.000000	700.000000	12.724348
913	-73.000000	-49.000000	218.000000	700.000000	12.724348
914	-73.000000	-49.000000	218.000000	700.000000	12.724348
915	-73.000000	-49.000000	218.000000	700.000000	12.724348
916	-73.000000	-49.000000	218.000000	700.000000	12.724348
917	-73.000000	-49.000000	218.000000	700.000000	12.724348
918	-73.000000	-49.000000	217.000000	700.000000	12.724348
919	-73.000000	-49.000000	217.000000	700.000000	12.724348
920	-73.000000	-49.000000	218.000000	700.000000	12.724348
921	-73.000000	-49.000000	218.000000	700.000000	12.724348
922	-73.000000	-49.000000	218.000000	700.000000	12.724348
923	-73.000000	-49.000000	218.000000	700.000000	12.724348
924	-73.000000	-49.000000	218.000000	700.000000	12.724348
925	-73.000000	-49.000000	218.000000	700.000000	12.724348
926	-73.000000	-49.000000	218.000000	700.000000	12.724348
927	-73.000000	-49.000000	218.000000	700.000000	12.724348
928	-73.000000	-49.000000	218.000000	700.000000	12.724348
929	-73.000000	-49.000000	218.000000	700.000000	12.724348
930	-73.000000	-49.000000	218.000000	700.000000	12.724348
931	-73.000000	-49.000000	218.000000	700.000000	12.724348
932	-73.000000	-49.000000	218.000000	700.000000	12.724348
933	-73.000000	-49.000000	218.000000	700.000000	12.724348
934	-73.000000	-49.000000	218.000000	700.000000	12.724348
935	-73.000000	-49.000000	218.000000	700.000000	12.724348
936	-73.000000	-49.000000	218.000000	700.000000	12.724348
937	-73.000000	-49.000000	218.000000	700.000000	12.724348
938	-73.000000	-49.000000	218.000000	700.000000	12.724348
939	-73.000000	-49.000000	218.000000	700.000000	12.724348
940	-73.000000	-49.000000	218.000000	700.000000	12.724348
941	-73.000000	-49.000000	218.000000	700.000000	12.724348
942	-73.000000	-49.000000	218.000000	700.000000	12.724348
943	-73.000000	-49.000000	218.000000	700.000000	12.724348
944	-73.000000	-49.000000	217.000000	700.000000	12.724348
945	-73.000000	-49.000000	217.000000	700.000000	12.724348
946	-73.000000	-49.000000	217.000000	700.000000	12.724348
947	-73.000000	-49.000000	217.000000	700.000000	12.724348
948	-73.000000	-49.000000	217.000000	700.000000	12.724348
949	-73.000000	-49.000000	217.000000	700.000000	12.724348
950	-73.000000	-49.000000	218.000000	700.000000	12.724348
951	-73.000000	-49.000000	218.000000	700.000000	12.724348
952	-73.000000	-49.000000	218.000000	700.000000	12.724348
953	-73.000000	-49.000000	218.000000	700.000000	12.724348
954	-73.000000	-49.000000	218.000000	700.000000	12.724348
955	-73.000000	-49.000000	218.000000	700.000000	12.724348
956	-73.000000	-49.000000	218.000000	700.000000	12.724348
957	-73.000000	-49.000000	218.000000	700.000000	12.724348
958	-73.000000	-49.000000	219.000000	700.000000	12.724348
959	-73.000000	-49.000000	219.000000	700.000000	12.724348
960	-73.000000	-49.000000	219.000000	700.000000	12.724348
961	-73.000000	-49.000000	221.000000	700.000000	12.724348
962	-73.000000	-49.000000	223.000000	700.000000	12.724348
963	-73.000000	-49.000000	223.000000	700.000000	12.724348
964	-73.000000	-49.000000	228.000000	700.000000	12.724348
965	-73.000000	-49.000000	228.000000	700.000000	12.724348
966	-73.000000	-49.000000	228.000000	700.000000	12.724348
967	-73.000000	-49.000000	233.000000	700.000000	12.724348
968	-73.000000	-49.000000	243.000000	700.000000	12.724348
969	-73.000000	-49.000000	243.000000	700.000000	12.724348
970	-73.000000	-49.000000	259.000000	700.000000	12.724348
971	-73.000000	-49.000000	259.000000	700.000000	12.724348
972	-73.000000	-49.000000	259.000000	700.000000	12.724348
973	-73.000000	-49.000000	280.000000	700.000000	12.724348
974	-73.000000	-49.000000	327.000000	700.000000	12.724348
975	-73.000000	-49.000000	327.000000	700.000000	12.724348
976	-73.000000	-49.000000	307.000000	700.000000	12.724348
977	-73.000000	-49.000000	307.000000	700.000000	12.724348
978	-73.000000	-49.000000	307.000000	700.000000	12.724348
979	-73.000000	-49.000000	307.000000	700.000000	12.724348
980	-73.000000	-49.000000	293.000000	700.000000	12.724348
981	-73.000000	-49.000000	293.000000	700.000000	12.724348
982	-73.000000	-49.000000	301.000000	700.000000	12.724348
983	-73.000000	-49.000000	301.000000	700.000000	12.724348
984	-73.000000	-49.000000	301.000000	700.000000	12.724348
985	-73.000000	-49.000000	301.000000	700.000000	12.724348
986	-73.000000	-49.000000	307.000000	700.000000	12.724348
987	-73.000000	-49.000000	307.000000	700.000000	12.724348
988	-73.000000	-49.000000	305.000000	700.000000	12.724348
989	-73.000000	-49.000000	305.000000	700.000000	12.724348
990	-73.000000	-49.000000	305.000000	700.000000	12.724348
991	-73.000000	-49.000000	305.000000	700.000000	12.724348
992	-73.000000	-49.000000	318.000000	700.000000	12.724348
993	-73.000000	-49.000000	318.000000	700.000000	12.724348
994	-73.000000	-49.000000	318.000000	700.000000	12.724348
995	-73.000000	-49.000000	332.000000	700.000000	12.724348
996	-73.000000	-49.000000	339.000000	700.000000	12.724348
997	-73.000000	-49.000000	339.000000	700.000000	12.724348
998	-73.000000	-49.000000	317.000000	700.000000	12.724348
999	-73.000000	-49.000000	317.000000	700.000000	12.724348
1000	-73.000000	-49.000000	293.000000	700.000000	12.724348
1001	-73.000000	-49.000000	293.000000	700.000000	12.724348
1002	-73.000000	-49.000000	329.000000	700.000000	12.724348
1003	-73.000000	-49.000000	329.000000	700.000000	12.724348
1004	-73.000000	-49.000000	329.000000	700.000000	12.724348
1005	-73.000000	-49.000000	271.000000	700.000000	12.724348
1006	-73.000000	-49.000000	285.000000	700.000000	12.724348
1007	-73.000000	-49.000000	285.000000	700.000000	12.724348
1008	-73.000000	-49.000000	262.000000	700.000000	12.724348
1009	-73.000000	-49.000000	262.000000	700.000000	12.724348
1010	-73.000000	-49.000000	262.000000	700.000000	12.724348
1011	-73.000000	-49.000000	257.000000	700.000000	12.724348
1012	-73.000000	-49.000000	249.000000	700.000000	12.724348
1013	-73.000000	-49.000000	249.000000	700.000000	12.724348
1014	-73.000000	-49.000000	249.000000	700.000000	12.724348
1015	-73.000000	-49.000000	249.000000	700.000000	12.724348
1016	-73.000000	-49.000000	249.000000	700.000000	12.724348
1017	-73.000000	-49.000000	266.000000	700.000000	12.724348
1018	-73.000000	-49.000000	277.000000	700.000000	12.724348
1019	-73.000000	-49.000000	277.000000	700.000000	12.724348
1020	-73.000000	-49.000000	848.000000	700.000000	12.724348
1021	-73.000000	-49.000000	848.000000	700.000000	12.724348
1022	-73.000000	-49.000000	848.000000	700.000000	12.724348
1023	-73.000000	-49.000000	906.000000	700.000000	12.724348
1024	-73.000000	-49.000000	322.000000	700.000000	12.724348
1025	-73.000000	-49.000000	322.000000	700.000000	12.724348
1026	-73.000000	-49.000000	302.000000	700.000000	12.724348
1027	-73.000000	-49.000000	302.000000	700.000000	12.724348
1028	-73.000000	-49.000000	302.000000	700.000000	12.724348
1029	-73.000000	-49.000000	302.000000	700.000000	12.724348
1030	-73.000000	-49.000000	361.000000	700.000000	12.724348
1031	-73.000000	-49.000000	361.000000	700.000000	12.724348
1032	-73.000000	-49.000000	1283.000000	700.000000	12.724348
1033	-73.000000	-49.000000	1283.000000	700.000000	12.724348
1034	-73.000000	-49.000000	1283.000000	700.000000	12.724348
1035	-73.000000	-49.000000	1283.000000	700.000000	12.724348
1036	-73.000000	-49.000000	1082.000000	700.000000	12.724348
1037	-73.000000	-49.000000	1082.000000	700.000000	12.724348
1038	-73.000000	-49.000000	1104.000000	700.000000	12.724348
1039	-73.000000	-49.000000	1104.000000	700.000000	12.724348
1040	-73.000000	-49.000000	1104.000000	700.000000	12.724348
1041	-73.000000	-49.000000	1104.000000	700.000000	12.724348
1042	-71.000000	-42.000000	1126.000000	700.000000	0.000000
1043	-71.000000	-42.000000	1126.000000	700.000000	0.000000
1044	-71.000000	-42.000000	1145.000000	700.000000	0.000000
1045	-63.000000	-28.000000	1145.000000	700.000000	0.000000
1046	-63.000000	-28.000000	546.000000	700.000000	0.000000
1047	-77.000000	-22.000000	546.000000	700.000000	-33.690064
1048	-77.000000	-22.000000	528.000000	700.000000	-33.690064
1049	-77.000000	-22.000000	528.000000	700.000000	-33.690064
1050	-70.000000	-16.000000	1161.000000	700.000000	-34.380350
1051	-70.000000	-16.000000	1161.000000	700.000000	-34.380350
1052	-70.000000	-16.000000	1160.000000	700.000000	-34.380350
1053	-63.000000	-14.000000	1160.000000	700.000000	-33.231718
1054	-63.000000	-14.000000	1161.000000	700.000000	-33.231718
1055	-63.000000	-14.000000	1161.000000	700.000000	-33.231718
1056	-53.000000	-14.000000	1158.000000	700.000000	61.389540
1057	-53.000000	-14.000000	1158.000000	700.000000	61.389540
1058	-51.000000	-7.000000	643.000000	700.000000	60.255118
1059	-51.000000	-7.000000	643.000000	700.000000	60.255118
1060	-48.000000	1.000000	1151.000000	700.000000	61.927513
1061	-48.000000	1.000000	1151.000000	700.000000	61.927513
1062	-48.000000	1.000000	1148.000000	700.000000	61.927513
1063	-48.000000	1.000000	1148.000000	700.000000	61.927513
1064	-37.000000	6.000000	1147.000000	700.000000	63.434950
1065	-37.000000	6.000000	1147.000000	700.000000	63.434950
1066	-30.000000	12.000000	1147.000000	700.000000	64.536654
1067	-30.000000	12.000000	413.000000	700.000000	64.536654
1068	-30.000000	12.000000	414.000000	700.000000	64.536654
1069	-31.000000	20.000000	414.000000	700.000000	63.434950
1070	-31.000000	20.000000	1144.000000	700.000000	63.434950
1071	-28.000000	25.000000	1144.000000	700.000000	63.434950
1072	-28.000000	25.000000	1144.000000	700.000000	63.434950
1073	-28.000000	25.000000	1232.000000	700.000000	63.434950
1074	-26.000000	30.000000	2197.000000	700.000000	63.434950
1075	-26.000000	30.000000	2197.000000	700.000000	63.434950
1076	-26.000000	30.000000	365.000000	700.000000	63.434950
1077	-26.000000	31.000000	365.000000	700.000000	61.389540
1078	-26.000000	31.000000	365.000000	700.000000	61.389540
1079	-27.000000	22.000000	2186.000000	700.000000	70.016894
1080	-27.000000	22.000000	1142.000000	700.000000	70.016894
1081	-27.000000	22.000000	1142.000000	700.000000	70.016894
1082	-28.000000	22.000000	2150.000000	700.000000	68.198592
1083	-28.000000	22.000000	2150.000000	700.000000	68.198592
1084	-28.000000	22.000000	2150.000000	700.000000	68.198592
1085	-25.000000	20.000000	2128.000000	700.000000	63.434950
1086	-25.000000	20.000000	330.000000	700.000000	63.434950
1087	-25.000000	20.000000	330.000000	700.000000	63.434950
1088	-17.000000	21.000000	315.000000	700.000000	53.746163
1089	-17.000000	21.000000	315.000000	700.000000	53.746163
1090	-19.000000	18.000000	315.000000	700.000000	52.253196
1091	-19.000000	18.000000	315.000000	700.000000	52.253196
1092	-19.000000	18.000000	298.000000	700.000000	52.253196
1093	-26.000000	17.000000	298.000000	700.000000	50.710591
1094	-26.000000	17.000000	299.000000	700.000000	50.710591
1095	-26.000000	17.000000	299.000000	700.000000	50.710591
1096	-27.000000	5.000000	300.000000	700.000000	-43.315317
1097	-27.000000	5.000000	300.000000	700.000000	-43.315317
1098	-27.000000	5.000000	299.000000	700.000000	-43.315317
1099	-33.000000	5.000000	299.000000	700.000000	-43.025075
1100	-33.000000	5.000000	298.000000	700.000000	-43.025075
1101	-42.000000	4.000000	298.000000	700.000000	-42.909836
1102	-42.000000	4.000000	294.000000	700.000000	-42.909836
1103	-25.000000	-1.000000	294.000000	700.000000	0.000000
1104	-25.000000	-1.000000	290.000000	700.000000	0.000000
1105	-25.000000	-1.000000	290.000000	700.000000	0.000000
1106	-25.000000	-1.000000	286.000000	700.000000	0.000000
1107	-24.000000	-1.000000	286.000000	700.000000	0.000000
1108	-24.000000	-1.000000	282.000000	700.000000	0.000000
1109	-23.000000	-1.000000	282.000000	700.000000	0.000000
1110	-23.000000	-1.000000	281.000000	700.000000	0.000000
1111	-20.000000	-1.000000	281.000000	700.000000	0.000000
1112	-20.000000	-1.000000	280.000000	700.000000	0.000000
1113	-20.000000	-1.000000	280.000000	700.000000	0.000000
1114	-19.000000	-1.000000	280.000000	700.000000	0.000000
1115	-19.000000	-1.000000	280.000000	700.000000	0.000000
1116	-20.000000	-1.000000	280.000000	700.000000	0.000000
1117	-20.000000	-1.000000	280.000000	700.000000	0.000000
1118	-20.000000	-1.000000	281.000000	700.000000	0.000000
1119	-20.000000	-1.000000	281.000000	700.000000	0.000000
1120	-21.000000	-1.000000	283.000000	700.000000	0.000000
1121	-21.000000	-1.000000	283.000000	700.000000	0.000000
1122	-21.000000	-1.000000	283.000000	700.000000	0.000000
1123	-21.000000	-1.000000	284.000000	700.000000	0.000000
1124	-21.000000	-1.000000	285.000000	700.000000	0.000000
1125	-22.000000	-1.000000	285.000000	700.000000	0.000000
1126	-22.000000	-1.000000	285.000000	700.000000	0.000000
1127	-22.000000	-1.000000	285.000000	700.000000	0.000000
1128	-22.000000	-1.000000	285.000000	700.000000	0.000000
1129	-22.000000	-1.000000	285.000000	700.000000	0.000000
1130	-22.000000	-1.000000	283.000000	700.000000	0.000000
1131	-23.000000	-1.000000	283.000000	700.000000	0.000000
1132	-23.000000	-1.000000	281.000000	700.000000	0.000000
1133	-23.000000	-1.000000	281.000000	700.000000	0.000000
1134	-23.000000	-1.000000	281.000000	700.000000	0.000000
1135	-23.000000	-1.000000	281.000000	700.000000	0.000000
1136	-23.000000	-1.000000	276.000000	700.000000	0.000000
1137	-23.000000	-1.000000	276.000000	700.000000	0.000000
1138	-23.000000	-1.000000	275.000000	700.000000	0.000000
1139	-23.000000	-1.000000	275.000000	700.000000	0.000000
1140	-23.000000	-1.000000	275.000000	700.000000	0.000000
1141	-23.000000	-1.000000	275.000000	700.000000	0.000000
1142	-23.000000	-1.000000	270.000000	700.000000	0.000000
1143	-23.000000	-1.000000	270.000000	700.000000	0.000000
1144	-22.000000	-1.000000	267.000000	700.000000	0.000000
1145	-22.000000	-1.000000	267.000000	700.000000	0.000000
1146	-23.000000	-1.000000	264.000000	700.000000	0.000000
1147	-23.000000	-1.000000	264.000000	700.000000	0.000000
1148	-23.000000	-1.000000	261.000000	700.000000	0.000000
1149	-26.000000	-1.000000	261.000000	700.000000	0.000000
1150	-26.000000	-1.000000	258.000000	700.000000	0.000000
1151	-26.000000	-1.000000	258.000000	700.000000	0.000000
1152	-29.000000	-1.000000	257.000000	700.000000	0.000000
1153	-29.000000	-1.000000	257.000000	700.000000	0.000000
1154	-29.000000	-1.000000	255.000000	700.000000	0.000000
1155	-30.000000	-1.000000	255.000000	700.000000	0.000000
1156	-30.000000	-1.000000	251.000000	700.000000	0.000000
1157	-26.000000	-1.000000	251.000000	700.000000	0.000000
1158	-26.000000	-1.000000	250.000000	700.000000	0.000000
1159	-26.000000	-1.000000	250.000000	700.000000	0.000000
1160	-20.000000	-1.000000	250.000000	700.000000	0.000000
1161	-20.000000	-1.000000	248.000000	700.000000	0.000000
1162	-20.000000	-1.000000	249.000000	700.000000	0.000000
1163	-15.000000	-1.000000	249.000000	700.000000	90.000000
1164	-15.000000	-1.000000	250.000000	700.000000	90.000000
1165	-15.000000	-1.000000	250.000000	700.000000	90.000000
1166	-15.000000	-1.000000	250.000000	700.000000	90.000000
1167	-15.000000	-1.000000	251.000000	700.000000	90.000000
1168	-15.000000	-1.000000	251.000000	700.000000	90.000000
1169	-15.000000	-1.000000	251.000000	700.000000	90.000000
1170	-13.000000	-1.000000	251.000000	700.000000	90.000000
1171	-13.000000	-1.000000	251.000000	700.000000	90.000000
1172	-13.000000	-1.000000	251.000000	700.000000	90.000000
1173	-23.000000	-37.000000	251.000000	700.000000	0.000000
1174	-23.000000	-37.000000	251.000000	700.000000	0.000000
1175	-23.000000	-37.000000	251.000000	700.000000	0.000000
1176	-21.000000	-41.000000	249.000000	700.000000	0.000000
1177	-21.000000	-41.000000	249.000000	700.000000	0.000000
1178	-55.000000	-25.000000	249.000000	700.000000	0.000000
1179	-55.000000	-25.000000	248.000000	700.000000	0.000000
1180	-55.000000	-25.000000	249.000000	700.000000	0.000000
1181	-59.000000	-32.000000	249.000000	700.000000	0.000000
1182	-59.000000	-32.000000	247.000000	700.000000	0.000000
1183	-59.000000	-32.000000	247.000000	700.000000	0.000000
1184	-62.000000	-36.000000	247.000000	700.000000	0.000000
1185	-62.000000	-36.000000	247.000000	700.000000	0.000000
1186	-62.000000	-36.000000	246.000000	700.000000	0.000000
1187	-64.000000	-37.000000	246.000000	700.000000	0.000000
1188	-64.000000	-37.000000	244.000000	700.000000	0.000000
1189	-64.000000	-37.000000	244.000000	700.000000	0.000000
1190	-65.000000	-39.000000	244.000000	700.000000	0.000000
1191	-65.000000	-39.000000	242.000000	700.000000	0.000000
1192	-64.000000	-43.000000	239.000000	700.000000	0.000000
1193	-64.000000	-43.000000	239.000000	700.000000	0.000000
1194	-64.000000	-43.000000	237.000000	700.000000	0.000000
1195	-63.000000	-47.000000	237.000000	700.000000	90.000000
1196	-63.000000	-47.000000	235.000000	700.000000	90.000000
1197	-63.000000	-47.000000	235.000000	700.000000	90.000000
1198	-59.000000	-51.000000	236.000000	700.000000	90.000000
1199	-59.000000	-51.000000	236.000000	700.000000	90.000000
1200	-55.000000	-53.000000	235.000000	700.000000	90.000000
1201	-55.000000	-53.000000	235.000000	700.000000	90.000000
1202	-55.000000	-53.000000	235.000000	700.000000	90.000000
1203	-51.000000	-53.000000	235.000000	700.000000	90.000000
1204	-51.000000	-53.000000	237.000000	700.000000	90.000000
1205	-9.000000	-1.000000	237.000000	700.000000	90.000000
1206	-9.000000	-1.000000	239.000000	700.000000	90.000000
1207	-9.000000	-1.000000	239.000000	700.000000	90.000000
1208	-7.000000	-1.000000	238.000000	700.000000	90.000000
1209	-7.000000	-1.000000	238.000000	700.000000	90.000000
1210	-7.000000	-1.000000	238.000000	700.000000	90.000000
1211	-3.000000	-1.000000	238.000000	700.000000	90.000000
1212	-3.000000	-1.000000	238.000000	700.000000	90.000000
1213	-1.000000	-1.000000	238.000000	700.000000	90.000000
1214	-1.000000	-1.000000	237.000000	700.000000	90.000000
1215	-1.000000	-1.000000	237.000000	700.000000	90.000000
1216	-2.000000	-1.000000	235.000000	700.000000	90.000000
1217	-2.000000	-1.000000	235.000000	700.000000	90.000000
1218	-2.000000	-1.000000	233.000000	700.000000	90.000000
1219	-4.000000	-2.000000	233.000000	700.000000	90.000000
1220	-4.000000	-2.000000	232.000000	700.000000	90.000000
1221	-4.000000	-2.000000	232.000000	700.000000	90.000000
1222	-3.000000	-3.000000	232.000000	700.000000	90.000000
1223	-3.000000	-3.000000	231.000000	700.000000	90.000000
1224	-1.000000	-4.000000	230.000000	700.000000	90.000000
1225	-1.000000	-4.000000	230.000000	700.000000	90.000000
1226	-1.000000	-4.000000	230.000000	700.000000	90.000000
1227	-2.000000	-3.000000	230.000000	700.000000	90.000000
1228	-2.000000	-3.000000	230.000000	700.000000	90.000000
1229	-3.000000	-1.000000	231.000000	700.000000	90.000000
1230	-3.000000	-1.000000	232.000000	700.000000	90.000000
1231	-3.000000	-1.000000	232.000000	700.000000	90.000000
1232	-3.000000	-1.000000	231.000000	700.000000	90.000000
1233	-5.000000	-1.000000	231.000000	700.000000	90.000000
1234	-5.000000	-1.000000	231.000000	700.000000	90.000000
1235	-47.000000	-59.000000	232.000000	700.000000	-90.000000
1236	-47.000000	-59.000000	232.000000	700.000000	-90.000000
1237	-29.000000	-19.000000	232.000000	700.000000	23.702648
1238	-29.000000	-19.000000	232.000000	700.000000	23.702648
1239	-29.000000	-19.000000	232.000000	700.000000	23.702648
1240	-33.000000	-19.000000	232.000000	700.000000	25.346182
1241	-33.000000	-19.000000	230.000000	700.000000	25.346182
1242	-33.000000	-19.000000	229.000000	700.000000	25.346182
1243	-34.000000	-20.000000	228.000000	700.000000	27.499140
1244	-34.000000	-20.000000	228.000000	700.000000	27.499140
1245	-34.000000	-20.000000	228.000000	700.000000	27.499140
1246	-33.000000	-22.000000	227.000000	700.000000	27.552812
1247	-33.000000	-22.000000	227.000000	700.000000	27.552812
1248	-13.000000	-1.000000	227.000000	700.000000	90.000000
1249	-13.000000	-1.000000	226.000000	700.000000	90.000000
1250	-13.000000	-1.000000	226.000000	700.000000	90.000000
1251	-32.000000	-28.000000	226.000000	700.000000	29.744886
1252	-32.000000	-28.000000	226.000000	700.000000	29.744886
1253	-32.000000	-28.000000	226.000000	700.000000	29.744886
1254	-12.000000	-1.000000	226.000000	700.000000	90.000000
1255	-12.000000	-1.000000	226.000000	700.000000	90.000000
1256	-9.000000	-1.000000	226.000000	700.000000	90.000000
1257	-9.000000	-1.000000	226.000000	700.000000	90.000000
1258	-9.000000	-1.000000	226.000000	700.000000	90.000000
1259	-7.000000	-1.000000	226.000000	700.000000	90.000000
1260	-7.000000	-1.000000	226.000000	700.000000	90.000000
1261	-3.000000	-1.000000	225.000000	700.000000	90.000000
1262	-3.000000	-1.000000	225.000000	700.000000	90.000000
1263	-3.000000	-1.000000	225.000000	700.000000	90.000000
1264	-3.000000	-1.000000	225.000000	700.000000	90.000000
1265	-5.000000	-1.000000	225.000000	700.000000	90.000000
1266	-5.000000	-1.000000	226.000000	700.000000	90.000000
1267	-9.000000	-1.000000	226.000000	700.000000	90.000000
1268	-9.000000	-1.000000	226.000000	700.000000	90.000000
1269	-11.000000	-1.000000	226.000000	700.000000	90.000000
1270	-11.000000	-1.000000	226.000000	700.000000	90.000000
1271	-11.000000	-1.000000	226.000000	700.000000	90.000000
1272	-6.000000	-1.000000	226.000000	700.000000	90.000000
1273	-6.000000	-1.000000	227.000000	700.000000	90.000000
1274	-6.000000	-1.000000	227.000000	700.000000	90.000000
1275	-6.000000	-1.000000	227.000000	700.000000	90.000000
1276	-6.000000	-1.000000	227.000000	700.000000	90.000000
1277	-6.000000	-1.000000	227.000000	700.000000	90.000000
1278	-4.000000	-1.000000	227.000000	700.000000	90.000000
1279	-4.000000	-1.000000	228.000000	700.000000	90.000000
1280	-3.000000	-1.000000	228.000000	700.000000	90.000000
1281	-3.000000	-1.000000	227.000000	700.000000	90.000000
1282	-3.000000	-1.000000	227.000000	700.000000	90.000000
1283	-1.000000	-1.000000	227.000000	700.000000	90.000000
1284	-1.000000	-1.000000	227.000000	700.000000	90.000000
1285	-1.000000	-1.000000	230.000000	700.000000	90.000000
1286	-1.000000	-1.000000	230.000000	700.000000	90.000000
1287	-1.000000	-1.000000	230.000000	700.000000	90.000000
1288	-1.000000	-1.000000	232.000000	700.000000	90.000000
1289	-1.000000	-1.000000	232.000000	700.000000	90.000000
1290	-1.000000	-1.000000	232.000000	700.000000	90.000000
1291	-1.000000	-1.000000	234.000000	700.000000	90.000000
1292	-1.000000	-1.000000	234.000000	700.000000	90.000000
1293	-1.000000	-1.000000	234.000000	700.000000	90.000000
1294	-1.000000	-1.000000	234.000000	700.000000	90.000000
1295	-1.000000	-1.000000	233.000000	700.000000	90.000000
1296	-1.000000	-1.000000	233.000000	700.000000	90.000000
1297	-1.000000	-1.000000	234.000000	700.000000	90.000000
1298	-1.000000	-1.000000	234.000000	700.000000	90.000000
1299	-1.000000	-1.000000	233.000000	700.000000	90.000000
1300	-1.000000	-1.000000	233.000000	700.000000	90.000000
1301	-1.000000	-1.000000	232.000000	700.000000	90.000000
1302	7.000000	-1.000000	232.000000	700.000000	90.000000
1303	7.000000	-1.000000	232.000000	700.000000	90.000000
1304	12.000000	-1.000000	232.000000	700.000000	90.000000
1305	12.000000	-1.000000	232.000000	700.000000	90.000000
1306	12.000000	-1.000000	232.000000	700.000000	90.000000
1307	12.000000	-1.000000	230.000000	700.000000	90.000000
1308	12.000000	-1.000000	230.000000	700.000000	90.000000
1309	12.000000	-1.000000	230.000000	700.000000	90.000000
1310	9.000000	-1.000000	229.000000	700.000000	90.000000
1311	9.000000	-1.000000	228.000000	700.000000	90.000000
1312	9.000000	-1.000000	228.000000	700.000000	90.000000
1313	28.000000	-15.000000	226.000000	700.000000	-49.398707
1314	28.000000	-15.000000	226.000000	700.000000	-49.398707
1315	27.000000	-17.000000	226.000000	700.000000	-49.304464
1316	27.000000	-17.000000	225.000000	700.000000	-49.304464
1317	25.000000	-21.000000	223.000000	700.000000	-49.969738
1318	25.000000	-21.000000	223.000000	700.000000	-49.969738
1319	25.000000	-21.000000	222.000000	700.000000	-49.969738
1320	25.000000	-21.000000	222.000000	700.000000	-49.969738
1321	20.000000	-21.000000	222.000000	700.000000	-46.974932
1322	20.000000	-21.000000	220.000000	700.000000	-46.974932
1323	15.000000	-17.000000	219.000000	700.000000	-46.468801
1324	15.000000	-17.000000	219.000000	700.000000	-46.468801
1325	15.000000	-17.000000	217.000000	700.000000	-46.468801
1326	15.000000	-17.000000	217.000000	700.000000	-46.468801
1327	15.000000	-17.000000	217.000000	700.000000	-46.468801
1328	1.000000	-3.000000	217.000000	700.000000	-46.548155
1329	1.000000	-3.000000	216.000000	700.000000	-46.548155
1330	1.000000	-3.000000	216.000000	700.000000	-46.548155
1331	-1.000000	-1.000000	216.000000	700.000000	-46.548155
1332	-1.000000	-1.000000	216.000000	700.000000	90.000000
1333	-1.000000	-1.000000	216.000000	700.000000	90.000000
1334	-11.000000	-1.000000	216.000000	700.000000	90.000000
1335	-11.000000	-1.000000	216.000000	700.000000	90.000000
1336	-1.000000	-30.000000	216.000000	700.000000	90.000000
1337	-1.000000	-30.000000	220.000000	700.000000	90.000000
1338	-1.000000	-30.000000	220.000000	700.000000	90.000000
1339	9.000000	-30.000000	220.000000	700.000000	-85.486010
1340	9.000000	-30.000000	220.000000	700.000000	-85.486010
1341	-7.000000	-8.000000	217.000000	700.000000	-67.190283
1342	-7.000000	-8.000000	217.000000	700.000000	-67.190283
1343	-7.000000	-8.000000	216.000000	700.000000	-67.190283
1344	-7.000000	-8.000000	216.000000	700.000000	-67.190283
1345	-21.000000	1.000000	217.000000	700.000000	-80.690056
1346	-21.000000	1.000000	217.000000	700.000000	-80.690056
1347	-9.000000	-12.000000	217.000000	700.000000	81.792783
1348	-9.000000	-12.000000	217.000000	700.000000	81.792783
1349	-9.000000	-12.000000	215.000000	700.000000	81.792783
1350	-30.000000	-33.000000	215.000000	700.000000	29.054606
1351	-30.000000	-33.000000	217.000000	700.000000	29.054606
1352	-30.000000	-33.000000	217.000000	700.000000	29.054606
1353	-30.000000	-33.000000	217.000000	700.000000	29.054606
1354	-30.000000	-33.000000	217.000000	700.000000	29.054606
1355	-30.000000	-33.000000	217.000000	700.000000	29.054606
1356	-30.000000	-33.000000	217.000000	700.000000	29.054606
1357	-30.000000	-33.000000	216.000000	700.000000	29.054606
1358	-30.000000	-33.000000	216.000000	700.000000	29.054606
1359	-30.000000	-33.000000	216.000000	700.000000	29.054606
1360	-30.000000	-33.000000	217.000000	700.000000	29.054606
1361	-30.000000	-33.000000	217.000000	700.000000	29.054606
1362	-30.000000	-33.000000	217.000000	700.000000	29.054606
1363	-30.000000	-33.000000	216.000000	700.000000	29.054606
1364	-30.000000	-33.000000	216.000000	700.000000	29.054606
1365	-30.000000	-33.000000	216.000000	700.000000	29.054606
1366	-30.000000	-33.000000	216.000000	700.000000	29.054606
1367	-30.000000	-33.000000	216.000000	700.000000	29.054606
1368	-30.000000	-33.000000	216.000000	700.000000	29.054606
1369	-30.000000	-33.000000	220.000000	700.000000	29.054606
1370	-30.000000	-33.000000	220.000000	700.000000	29.054606
1371	-30.000000	-33.000000	220.000000	700.000000	29.054606
1372	-30.000000	-33.000000	224.000000	700.000000	29.054606
1373	-30.000000	-33.000000	218.000000	700.000000	29.054606
1374	-30.000000	-33.000000	218.000000	700.000000	29.054606
1375	-30.000000	-33.000000	218.000000	700.000000	29.054606
1376	-30.000000	-33.000000	218.000000	700.000000	29.054606
1377	-30.000000	-33.000000	218.000000	700.000000	29.054606
1378	-30.000000	-33.000000	217.000000	700.000000	29.054606
1379	-30.000000	-33.000000	217.000000	700.000000	29.054606
1380	-30.000000	-33.000000	217.000000	700.000000	29.054606
1381	-30.000000	-33.000000	218.000000	700.000000	29.054606
1382	-30.000000	-33.000000	218.000000	700.000000	29.054606
1383	-30.000000	-33.000000	218.000000	700.000000	29.054606
1384	-30.000000	-33.000000	218.000000	700.000000	29.054606
1385	-30.000000	-33.000000	218.000000	700.000000	29.054606
1386	-30.000000	-33.000000	218.000000	700.000000	29.054606
1387	-30.000000	-33.000000	218.000000	700.000000	29.054606
1388	-30.000000	-33.000000	218.000000	700.000000	29.054606
1389	-30.000000	-33.000000	218.000000	700.000000	29.054606
1390	-30.000000	-33.000000	218.000000	700.000000	29.054606
1391	-30.000000	-33.000000	217.000000	700.000000	29.054606
1392	-30.000000	-33.000000	217.000000	700.000000	29.054606
1393	-30.000000	-33.000000	218.000000	700.000000	29.054606
1394	-30.000000	-33.000000	218.000000	700.000000	29.054606
1395	-30.000000	-33.000000	218.000000	700.000000	29.054606
1396	-30.000000	-33.000000	218.000000	700.000000	29.054606
1397	-30.000000	-33.000000	218.000000	700.000000	29.054606
1398	-30.000000	-33.000000	218.000000	700.000000	29.054606
1399	-30.000000	-33.000000	218.000000	700.000000	29.054606
1400	-30.000000	-33.000000	218.000000	700.000000	29.054606
1401	-30.000000	-33.000000	218.000000	700.000000	29.054606
1402	-30.000000	-33.000000	218.000000	700.000000	29.054606
1403	-30.000000	-33.000000	218.000000	700.000000	29.054606
1404	-30.000000	-33.000000	218.000000	700.000000	29.054606
1405	-30.000000	-33.000000	218.000000	700.000000	29.054606
1406	-30.000000	-33.000000	218.000000	700.000000	29.054606
1407	-30.000000	-33.000000	218.000000	700.000000	29.054606
1408	-30.000000	-33.000000	218.000000	700.000000	29.054606
1409	-30.000000	-33.000000	218.000000	700.000000	29.054606
1410	-30.000000	-33.000000	218.000000	700.000000	29.054606
1411	-30.000000	-33.000000	218.000000	700.000000	29.054606
1412	-30.000000	-33.000000	218.000000	700.000000	29.054606
1413	-30.000000	-33.000000	218.000000	700.000000	29.054606
1414	-30.000000	-33.000000	218.000000	700.000000	29.054606
1415	-30.000000	-33.000000	218.000000	700.000000	29.054606
1416	-30.000000	-33.000000	218.000000	700.000000	29.054606
1417	-30.000000	-33.000000	218.000000	700.000000	29.054606
1418	-30.000000	-33.000000	218.000000	700.000000	29.054606
1419	-30.000000	-33.000000	218.000000	700.000000	29.054606
1420	-30.000000	-33.000000	218.000000	700.000000	29.054606
1421	-30.000000	-33.000000	218.000000	700.000000	29.054606
1422	-30.000000	-33.000000	218.000000	700.000000	29.054606
1423	-30.000000	-33.000000	218.000000	700.000000	29.054606
1424	-30.000000	-33.000000	218.000000	700.000000	29.054606
1425	-30.000000	-33.000000	218.000000	700.000000	29.054606
1426	-30.000000	-33.000000	218.000000	700.000000	29.054606
1427	-30.000000	-33.000000	218.000000	700.000000	29.054606
1428	-30.000000	-33.000000	218.000000	700.000000	29.054606
1429	-30.000000	-33.000000	218.000000	700.000000	29.054606
1430	-30.000000	-33.000000	218.000000	700.000000	29.054606
1431	-30.000000	-33.000000	218.000000	700.000000	29.054606
1432	-30.000000	-33.000000	218.000000	700.000000	29.054606
1433	-30.000000	-33.000000	218.000000	700.000000	29.054606
1434	-30.000000	-33.000000	218.000000	700.000000	29.054606
1435	-30.000000	-33.000000	218.000000	700.000000	29.054606
1436	-30.000000	-33.000000	218.000000	700.000000	29.054606
1437	-30.000000	-33.000000	218.000000	700.000000	29.054606
1438	-30.000000	-33.000000	218.000000	700.000000	29.054606
1439	-30.000000	-33.000000	218.000000	700.000000	29.054606
1440	-30.000000	-33.000000	218.000000	700.000000	29.054606
1441	-30.000000	-33.000000	218.000000	700.000000	29.054606
1442	-30.000000	-33.000000	218.000000	700.000000	29.054606
1443	-30.000000	-33.000000	218.000000	700.000000	29.054606
1444	-30.000000	-33.000000	218.000000	700.000000	29.054606
1445	-30.000000	-33.000000	218.000000	700.000000	29.054606
1446	-30.000000	-33.000000	218.000000	700.000000	29.054606
1447	-30.000000	-33.000000	218.000000	700.000000	29.054606
1448	-30.000000	-33.000000	218.000000	700.000000	29.054606
1449	-30.000000	-33.000000	218.000000	700.000000	29.054606
1450	-30.000000	-33.000000	218.000000	700.000000	29.054606
1451	-30.000000	-33.000000	218.000000	700.000000	29.054606
1452	-30.000000	-33.000000	218.000000	700.000000	29.054606
1453	-30.000000	-33.000000	218.000000	700.000000	29.054606
1454	-30.000000	-33.000000	218.000000	700.000000	29.054606
1455	-30.000000	-33.000000	218.000000	700.000000	29.054606
1456	-30.000000	-33.000000	218.000000	700.000000	29.054606
1457	-30.000000	-33.000000	218.000000	700.000000	29.054606
1458	-30.000000	-33.000000	218.000000	700.000000	29.054606
1459	-30.000000	-33.000000	217.000000	700.000000	29.054606
1460	-30.000000	-33.000000	217.000000	700.000000	29.054606
1461	-30.000000	-33.000000	218.000000	700.000000	29.054606
1462	-30.000000	-33.000000	218.000000	700.000000	29.054606
1463	-30.000000	-33.000000	218.000000	700.000000	29.054606
1464	-30.000000	-33.000000	218.000000	700.000000	29.054606
1465	-30.000000	-33.000000	218.000000	700.000000	29.054606
1466	-30.000000	-33.000000	218.000000	700.000000	29.054606
1467	-30.000000	-33.000000	218.000000	700.000000	29.054606
1468	-30.000000	-33.000000	218.000000	700.000000	29.054606
1469	-30.000000	-33.000000	218.000000	700.000000	29.054606
1470	-30.000000	-33.000000	218.000000	700.000000	29.054606
1471	-30.000000	-33.000000	218.000000	700.000000	29.054606
1472	-30.000000	-33.000000	218.000000	700.000000	29.054606
1473	-30.000000	-33.000000	218.000000	700.000000	29.054606
1474	-30.000000	-33.000000	218.000000	700.000000	29.054606
1475	-30.000000	-33.000000	218.000000	700.000000	29.054606
1476	-30.000000	-33.000000	218.000000	700.000000	29.054606
1477	-30.000000	-33.000000	218.000000	700.000000	29.054606
1478	-30.000000	-33.000000	218.000000	700.000000	29.054606
1479	-30.000000	-33.000000	218.000000	700.000000	29.054606
1480	-30.000000	-33.000000	218.000000	700.000000	29.054606
1481	-30.000000	-33.000000	218.000000	700.000000	29.054606
1482	-30.000000	-33.000000	218.000000	700.000000	29.054606
1483	-30.000000	-33.000000	218.000000	700.000000	29.054606
1484	-30.000000	-33.000000	218.000000	700.000000	29.054606
1485	-30.000000	-33.000000	218.000000	700.000000	29.054606
1486	-30.000000	-33.000000	218.000000	700.000000	29.054606
1487	-30.000000	-33.000000	218.000000	700.000000	29.054606
1488	-30.000000	-33.000000	218.000000	700.000000	29.054606
1489	-30.000000	-33.000000	218.000000	700.000000	29.054606
1490	-30.000000	-33.000000	218.000000	700.000000	29.054606
1491	-30.000000	-33.000000	218.000000	700.000000	29.054606
1492	-30.000000	-33.000000	218.000000	700.000000	29.054606
1493	-30.000000	-33.000000	218.000000	700.000000	29.054606
1494	-30.000000	-33.000000	218.000000	700.000000	29.054606
1495	-30.000000	-33.000000	218.000000	700.000000	29.054606
1496	-30.000000	-33.000000	218.000000	700.000000	29.054606
1497	-30.000000	-33.000000	218.000000	700.000000	29.054606
1498	-30.000000	-33.000000	218.000000	700.000000	29.054606
1499	-30.000000	-33.000000	218.000000	700.000000	29.054606
1500	-30.000000	-33.000000	218.000000	700.000000	29.054606
1501	-30.000000	-33.000000	218.000000	700.000000	29.054606
1502	-30.000000	-33.000000	218.000000	700.000000	29.054606
1503	-30.000000	-33.000000	218.000000	700.000000	29.054606
1504	-30.000000	-33.000000	218.000000	700.000000	29.054606
1505	-30.000000	-33.000000	218.000000	700.000000	29.054606
1506	-30.000000	-33.000000	218.000000	700.000000	29.054606
1507	-30.000000	-33.000000	218.000000	700.000000	29.054606
1508	-30.000000	-33.000000	218.000000	700.000000	29.054606
1509	-30.000000	-33.000000	218.000000	700.000000	29.054606
1510	-30.000000	-33.000000	218.000000	700.000000	29.054606
1511	-30.000000	-33.000000	218.000000	700.000000	29.054606
1512	-30.000000	-33.000000	218.000000	700.000000	29.054606
1513	-30.000000	-33.000000	218.000000	700.000000	29.054606
1514	-30.000000	-33.000000	218.000000	700.000000	29.054606
1515	-30.000000	-33.000000	218.000000	700.000000	29.054606
1516	-30.000000	-33.000000	218.000000	700.000000	29.054606
1517	-30.000000	-33.000000	218.000000	700.000000	29.054606
1518	-30.000000	-33.000000	218.000000	700.000000	29.054606
1519	-30.000000	-33.000000	218.000000	700.000000	29.054606
1520	-30.000000	-33.000000	218.000000	700.000000	29.054606
1521	-30.000000	-33.000000	218.000000	700.000000	29.054606
1522	-30.000000	-33.000000	218.000000	700.000000	29.054606
1523	-30.000000	-33.000000	218.000000	700.000000	29.054606
1524	-30.000000	-33.000000	218.000000	700.000000	29.054606
1525	-30.000000	-33.000000	218.000000	700.000000	29.054606
1526	-30.000000	-33.000000	218.000000	700.000000	29.054606
1527	-30.000000	-33.000000	218.000000	700.000000	29.054606
1528	-30.000000	-33.000000	218.000000	700.000000	29.054606
1529	-30.000000	-33.000000	218.000000	700.000000	29.054606
1530	-30.000000	-33.000000	218.000000	700.000000	29.054606
1531	-30.000000	-33.000000	218.000000	700.000000	29.054606
1532	-30.000000	-33.000000	218.000000	700.000000	29.054606
1533	-30.000000	-33.000000	218.000000	700.000000	29.054606
1534	-30.000000	-33.000000	218.000000	700.000000	29.054606
1535	-30.000000	-33.000000	218.000000	700.000000	29.054606
1536	-30.000000	-33.000000	218.000000	700.000000	29.054606
1537	-30.000000	-33.000000	218.000000	700.000000	29.054606
1538	-30.000000	-33.000000	218.000000	700.000000	29.054606
1539	-30.000000	-33.000000	218.000000	700.000000	29.054606
1540	-30.000000	-33.000000	218.000000	700.000000	29.054606
1541	-30.000000	-33.000000	218.000000	700.000000	29.054606
1542	-30.000000	-33.000000	218.000000	700.000000	29.054606
1543	-30.000000	-33.000000	218.000000	700.000000	29.054606
1544	-30.000000	-33.000000	218.000000	700.000000	29.054606
1545	-30.000000	-33.000000	218.000000	700.000000	29.054606
1546	-30.000000	-33.000000	218.000000	700.000000	29.054606
1547	-30.000000	-33.000000	218.000000	700.000000	29.054606
1548	-30.000000	-33.000000	218.000000	700.000000	29.054606
1549	-30.000000	-33.000000	218.000000	700.000000	29.054606
1550	-30.000000	-33.000000	218.000000	700.000000	29.054606
1551	-30.000000	-33.000000	218.000000	700.000000	29.054606
