#	Proyecto: Control de un Quadrotor por VA
#	Datos para la gráfica en GNUplot.

#	Error X	    	Error Y	 	Altura		Alt. Ref	Yaw
0	0.000000	0.000000	0.000000	800.000000	0.000000
1	0.000000	0.000000	0.000000	800.000000	0.000000
2	0.000000	0.000000	0.000000	800.000000	0.000000
3	0.000000	0.000000	0.000000	800.000000	0.000000
4	0.000000	0.000000	0.000000	800.000000	0.000000
5	0.000000	0.000000	0.000000	800.000000	0.000000
6	0.000000	0.000000	0.000000	800.000000	0.000000
7	0.000000	0.000000	0.000000	800.000000	0.000000
8	0.000000	0.000000	0.000000	800.000000	0.000000
9	0.000000	0.000000	0.000000	800.000000	0.000000
10	0.000000	0.000000	0.000000	800.000000	0.000000
11	0.000000	0.000000	0.000000	800.000000	0.000000
12	0.000000	0.000000	0.000000	800.000000	0.000000
13	0.000000	0.000000	0.000000	800.000000	0.000000
14	0.000000	0.000000	0.000000	800.000000	0.000000
15	0.000000	0.000000	0.000000	800.000000	0.000000
16	0.000000	0.000000	0.000000	800.000000	0.000000
17	0.000000	0.000000	0.000000	800.000000	0.000000
18	0.000000	0.000000	0.000000	800.000000	0.000000
19	0.000000	0.000000	0.000000	800.000000	0.000000
20	0.000000	0.000000	0.000000	800.000000	0.000000
21	0.000000	0.000000	0.000000	800.000000	0.000000
22	0.000000	0.000000	0.000000	800.000000	0.000000
23	0.000000	0.000000	0.000000	800.000000	0.000000
24	0.000000	0.000000	0.000000	800.000000	0.000000
25	0.000000	0.000000	0.000000	800.000000	0.000000
26	0.000000	0.000000	0.000000	800.000000	0.000000
27	0.000000	0.000000	0.000000	800.000000	0.000000
28	0.000000	0.000000	0.000000	800.000000	0.000000
29	0.000000	0.000000	0.000000	800.000000	0.000000
30	0.000000	0.000000	0.000000	800.000000	0.000000
31	0.000000	0.000000	0.000000	800.000000	0.000000
32	0.000000	0.000000	0.000000	800.000000	0.000000
33	0.000000	0.000000	0.000000	800.000000	0.000000
34	0.000000	0.000000	0.000000	800.000000	0.000000
35	0.000000	0.000000	0.000000	800.000000	0.000000
36	0.000000	0.000000	0.000000	800.000000	0.000000
37	0.000000	0.000000	0.000000	800.000000	0.000000
38	0.000000	0.000000	0.000000	800.000000	0.000000
39	0.000000	0.000000	0.000000	800.000000	0.000000
40	0.000000	0.000000	0.000000	800.000000	0.000000
41	0.000000	0.000000	0.000000	800.000000	0.000000
42	0.000000	0.000000	0.000000	800.000000	0.000000
43	0.000000	0.000000	0.000000	800.000000	0.000000
44	0.000000	0.000000	0.000000	800.000000	0.000000
45	0.000000	0.000000	0.000000	800.000000	0.000000
46	0.000000	0.000000	0.000000	800.000000	0.000000
47	0.000000	0.000000	0.000000	800.000000	0.000000
48	0.000000	0.000000	0.000000	800.000000	0.000000
49	0.000000	0.000000	0.000000	800.000000	0.000000
50	0.000000	0.000000	0.000000	800.000000	0.000000
51	0.000000	0.000000	0.000000	800.000000	0.000000
52	0.000000	0.000000	0.000000	800.000000	0.000000
53	0.000000	0.000000	0.000000	800.000000	0.000000
54	0.000000	0.000000	0.000000	800.000000	0.000000
55	0.000000	0.000000	0.000000	800.000000	0.000000
56	0.000000	0.000000	0.000000	800.000000	0.000000
57	0.000000	0.000000	0.000000	800.000000	0.000000
58	0.000000	0.000000	0.000000	800.000000	0.000000
59	0.000000	0.000000	0.000000	800.000000	0.000000
60	0.000000	0.000000	0.000000	800.000000	0.000000
61	0.000000	0.000000	0.000000	800.000000	0.000000
62	0.000000	0.000000	0.000000	800.000000	0.000000
63	0.000000	0.000000	0.000000	800.000000	0.000000
64	0.000000	0.000000	0.000000	800.000000	0.000000
65	0.000000	0.000000	0.000000	800.000000	0.000000
66	0.000000	0.000000	0.000000	800.000000	0.000000
67	0.000000	0.000000	0.000000	800.000000	0.000000
68	0.000000	0.000000	0.000000	800.000000	0.000000
69	0.000000	0.000000	0.000000	800.000000	0.000000
70	0.000000	0.000000	0.000000	800.000000	0.000000
71	0.000000	0.000000	0.000000	800.000000	0.000000
72	0.000000	0.000000	0.000000	800.000000	0.000000
73	0.000000	0.000000	0.000000	800.000000	0.000000
74	0.000000	0.000000	0.000000	800.000000	0.000000
75	0.000000	0.000000	0.000000	800.000000	0.000000
76	0.000000	0.000000	0.000000	800.000000	0.000000
77	0.000000	0.000000	0.000000	800.000000	0.000000
78	0.000000	0.000000	0.000000	800.000000	0.000000
79	0.000000	0.000000	0.000000	800.000000	0.000000
80	0.000000	0.000000	0.000000	800.000000	0.000000
81	0.000000	0.000000	0.000000	800.000000	0.000000
82	0.000000	0.000000	0.000000	800.000000	0.000000
83	0.000000	0.000000	0.000000	800.000000	0.000000
84	0.000000	0.000000	0.000000	800.000000	0.000000
85	0.000000	0.000000	0.000000	800.000000	0.000000
86	0.000000	0.000000	0.000000	800.000000	0.000000
87	0.000000	0.000000	0.000000	800.000000	0.000000
88	0.000000	0.000000	0.000000	800.000000	0.000000
89	0.000000	0.000000	0.000000	800.000000	0.000000
90	0.000000	0.000000	0.000000	800.000000	0.000000
91	0.000000	0.000000	0.000000	800.000000	0.000000
92	0.000000	0.000000	0.000000	800.000000	0.000000
93	0.000000	0.000000	0.000000	800.000000	0.000000
94	0.000000	0.000000	0.000000	800.000000	0.000000
95	0.000000	0.000000	0.000000	800.000000	0.000000
96	0.000000	0.000000	0.000000	800.000000	0.000000
97	0.000000	0.000000	0.000000	800.000000	0.000000
98	0.000000	0.000000	0.000000	800.000000	0.000000
99	0.000000	0.000000	0.000000	800.000000	0.000000
100	0.000000	0.000000	0.000000	800.000000	0.000000
101	0.000000	0.000000	0.000000	800.000000	0.000000
102	0.000000	0.000000	0.000000	800.000000	0.000000
103	0.000000	0.000000	0.000000	800.000000	0.000000
104	0.000000	0.000000	0.000000	800.000000	0.000000
105	0.000000	0.000000	0.000000	800.000000	0.000000
106	0.000000	0.000000	0.000000	800.000000	0.000000
107	0.000000	0.000000	0.000000	800.000000	0.000000
108	0.000000	0.000000	0.000000	800.000000	0.000000
109	0.000000	0.000000	0.000000	800.000000	0.000000
110	0.000000	0.000000	0.000000	800.000000	0.000000
111	0.000000	0.000000	0.000000	800.000000	0.000000
112	0.000000	0.000000	0.000000	800.000000	0.000000
113	0.000000	0.000000	0.000000	800.000000	0.000000
114	0.000000	0.000000	0.000000	800.000000	0.000000
115	0.000000	0.000000	0.000000	800.000000	0.000000
116	0.000000	0.000000	0.000000	800.000000	0.000000
117	0.000000	0.000000	0.000000	800.000000	0.000000
118	0.000000	0.000000	0.000000	800.000000	0.000000
119	0.000000	0.000000	0.000000	800.000000	0.000000
120	0.000000	0.000000	0.000000	800.000000	0.000000
121	0.000000	0.000000	0.000000	800.000000	0.000000
122	0.000000	0.000000	0.000000	800.000000	0.000000
123	0.000000	0.000000	0.000000	800.000000	0.000000
124	0.000000	0.000000	0.000000	800.000000	0.000000
125	0.000000	0.000000	0.000000	800.000000	0.000000
126	0.000000	0.000000	0.000000	800.000000	0.000000
127	0.000000	0.000000	0.000000	800.000000	0.000000
128	0.000000	0.000000	0.000000	800.000000	0.000000
129	0.000000	0.000000	0.000000	800.000000	0.000000
130	0.000000	0.000000	0.000000	800.000000	0.000000
131	0.000000	0.000000	0.000000	800.000000	0.000000
132	0.000000	0.000000	0.000000	800.000000	0.000000
133	0.000000	0.000000	0.000000	800.000000	0.000000
134	0.000000	0.000000	0.000000	800.000000	0.000000
135	0.000000	0.000000	0.000000	800.000000	0.000000
136	0.000000	0.000000	0.000000	800.000000	0.000000
137	0.000000	0.000000	0.000000	800.000000	0.000000
138	0.000000	0.000000	0.000000	800.000000	0.000000
139	0.000000	0.000000	0.000000	800.000000	0.000000
140	0.000000	0.000000	0.000000	800.000000	0.000000
141	0.000000	0.000000	0.000000	800.000000	0.000000
142	0.000000	0.000000	0.000000	800.000000	0.000000
143	0.000000	0.000000	0.000000	800.000000	0.000000
144	0.000000	0.000000	0.000000	800.000000	0.000000
145	0.000000	0.000000	0.000000	800.000000	0.000000
146	0.000000	0.000000	0.000000	800.000000	0.000000
147	0.000000	0.000000	0.000000	800.000000	0.000000
148	0.000000	0.000000	0.000000	800.000000	0.000000
149	0.000000	0.000000	0.000000	800.000000	0.000000
150	0.000000	0.000000	0.000000	800.000000	0.000000
151	0.000000	0.000000	0.000000	800.000000	0.000000
152	0.000000	0.000000	0.000000	800.000000	0.000000
153	0.000000	0.000000	0.000000	800.000000	0.000000
154	0.000000	0.000000	0.000000	800.000000	0.000000
155	0.000000	0.000000	0.000000	800.000000	0.000000
156	0.000000	0.000000	219.000000	800.000000	0.000000
157	0.000000	0.000000	219.000000	800.000000	0.000000
158	0.000000	0.000000	219.000000	800.000000	0.000000
159	0.000000	0.000000	219.000000	800.000000	0.000000
160	0.000000	0.000000	219.000000	800.000000	0.000000
161	0.000000	0.000000	219.000000	800.000000	0.000000
162	0.000000	0.000000	219.000000	800.000000	0.000000
163	0.000000	0.000000	219.000000	800.000000	0.000000
164	0.000000	0.000000	219.000000	800.000000	0.000000
165	0.000000	0.000000	219.000000	800.000000	0.000000
166	0.000000	0.000000	219.000000	800.000000	0.000000
167	0.000000	0.000000	219.000000	800.000000	0.000000
168	0.000000	0.000000	219.000000	800.000000	0.000000
169	0.000000	0.000000	219.000000	800.000000	0.000000
170	0.000000	0.000000	219.000000	800.000000	0.000000
171	0.000000	0.000000	219.000000	800.000000	0.000000
172	0.000000	0.000000	219.000000	800.000000	0.000000
173	0.000000	0.000000	219.000000	800.000000	0.000000
174	0.000000	0.000000	219.000000	800.000000	0.000000
175	0.000000	0.000000	219.000000	800.000000	0.000000
176	0.000000	0.000000	219.000000	800.000000	0.000000
177	0.000000	0.000000	219.000000	800.000000	0.000000
178	0.000000	0.000000	219.000000	800.000000	0.000000
179	0.000000	0.000000	219.000000	800.000000	0.000000
180	0.000000	0.000000	219.000000	800.000000	0.000000
181	0.000000	0.000000	219.000000	800.000000	0.000000
182	0.000000	0.000000	219.000000	800.000000	0.000000
183	0.000000	0.000000	219.000000	800.000000	0.000000
184	0.000000	0.000000	219.000000	800.000000	0.000000
185	0.000000	0.000000	219.000000	800.000000	0.000000
186	0.000000	0.000000	219.000000	800.000000	0.000000
187	0.000000	0.000000	219.000000	800.000000	0.000000
188	0.000000	0.000000	219.000000	800.000000	0.000000
189	0.000000	0.000000	219.000000	800.000000	0.000000
190	0.000000	0.000000	219.000000	800.000000	0.000000
191	0.000000	0.000000	219.000000	800.000000	0.000000
192	0.000000	0.000000	219.000000	800.000000	0.000000
193	0.000000	0.000000	219.000000	800.000000	0.000000
194	0.000000	0.000000	219.000000	800.000000	0.000000
195	0.000000	0.000000	219.000000	800.000000	0.000000
196	0.000000	0.000000	219.000000	800.000000	0.000000
197	0.000000	0.000000	219.000000	800.000000	0.000000
198	0.000000	0.000000	219.000000	800.000000	0.000000
199	0.000000	0.000000	219.000000	800.000000	0.000000
200	0.000000	0.000000	219.000000	800.000000	0.000000
201	0.000000	0.000000	219.000000	800.000000	0.000000
202	0.000000	0.000000	219.000000	800.000000	0.000000
203	0.000000	0.000000	219.000000	800.000000	0.000000
204	0.000000	0.000000	219.000000	800.000000	0.000000
205	0.000000	0.000000	219.000000	800.000000	0.000000
206	0.000000	0.000000	219.000000	800.000000	0.000000
207	0.000000	0.000000	219.000000	800.000000	0.000000
208	0.000000	0.000000	219.000000	800.000000	0.000000
209	0.000000	0.000000	219.000000	800.000000	0.000000
210	0.000000	0.000000	219.000000	800.000000	0.000000
211	0.000000	0.000000	219.000000	800.000000	0.000000
212	0.000000	0.000000	219.000000	800.000000	0.000000
213	0.000000	0.000000	219.000000	800.000000	0.000000
214	0.000000	0.000000	219.000000	800.000000	0.000000
215	0.000000	0.000000	219.000000	800.000000	0.000000
216	0.000000	0.000000	219.000000	800.000000	0.000000
217	0.000000	0.000000	219.000000	800.000000	0.000000
218	0.000000	0.000000	219.000000	800.000000	0.000000
219	0.000000	0.000000	219.000000	800.000000	0.000000
220	0.000000	0.000000	219.000000	800.000000	0.000000
221	0.000000	0.000000	219.000000	800.000000	0.000000
222	0.000000	0.000000	219.000000	800.000000	0.000000
223	0.000000	0.000000	219.000000	800.000000	0.000000
224	0.000000	0.000000	219.000000	800.000000	0.000000
225	0.000000	0.000000	219.000000	800.000000	0.000000
226	0.000000	0.000000	219.000000	800.000000	0.000000
227	0.000000	0.000000	219.000000	800.000000	0.000000
228	0.000000	0.000000	219.000000	800.000000	0.000000
229	0.000000	0.000000	219.000000	800.000000	0.000000
230	0.000000	0.000000	219.000000	800.000000	0.000000
231	0.000000	0.000000	219.000000	800.000000	0.000000
232	0.000000	0.000000	219.000000	800.000000	0.000000
233	0.000000	0.000000	219.000000	800.000000	0.000000
234	0.000000	0.000000	220.000000	800.000000	0.000000
235	0.000000	0.000000	220.000000	800.000000	0.000000
236	0.000000	0.000000	219.000000	800.000000	0.000000
237	0.000000	0.000000	219.000000	800.000000	0.000000
238	0.000000	0.000000	219.000000	800.000000	0.000000
239	0.000000	0.000000	219.000000	800.000000	0.000000
240	0.000000	0.000000	219.000000	800.000000	0.000000
241	0.000000	0.000000	219.000000	800.000000	0.000000
242	0.000000	0.000000	0.000000	800.000000	0.000000
243	0.000000	0.000000	0.000000	800.000000	0.000000
244	0.000000	0.000000	0.000000	800.000000	0.000000
245	0.000000	0.000000	0.000000	800.000000	0.000000
246	0.000000	0.000000	0.000000	800.000000	0.000000
247	0.000000	0.000000	0.000000	800.000000	0.000000
248	0.000000	0.000000	0.000000	800.000000	0.000000
249	0.000000	0.000000	0.000000	800.000000	0.000000
250	0.000000	0.000000	0.000000	800.000000	0.000000
251	0.000000	0.000000	0.000000	800.000000	0.000000
252	0.000000	0.000000	0.000000	800.000000	0.000000
253	0.000000	0.000000	0.000000	800.000000	0.000000
254	0.000000	0.000000	0.000000	800.000000	0.000000
255	0.000000	0.000000	0.000000	800.000000	0.000000
256	0.000000	0.000000	0.000000	800.000000	0.000000
257	0.000000	0.000000	0.000000	800.000000	0.000000
258	0.000000	0.000000	0.000000	800.000000	0.000000
259	0.000000	0.000000	0.000000	800.000000	0.000000
260	0.000000	0.000000	0.000000	800.000000	0.000000
261	0.000000	0.000000	0.000000	800.000000	0.000000
262	0.000000	0.000000	0.000000	800.000000	0.000000
263	0.000000	0.000000	0.000000	800.000000	0.000000
264	0.000000	0.000000	0.000000	800.000000	0.000000
265	0.000000	0.000000	0.000000	800.000000	0.000000
266	0.000000	0.000000	0.000000	800.000000	0.000000
267	0.000000	0.000000	0.000000	800.000000	0.000000
268	0.000000	0.000000	0.000000	800.000000	0.000000
269	0.000000	0.000000	0.000000	800.000000	0.000000
270	0.000000	0.000000	0.000000	800.000000	0.000000
271	0.000000	0.000000	0.000000	800.000000	0.000000
272	0.000000	0.000000	0.000000	800.000000	0.000000
273	0.000000	0.000000	0.000000	800.000000	0.000000
274	0.000000	0.000000	1.000000	800.000000	0.000000
275	0.000000	0.000000	1.000000	800.000000	0.000000
276	0.000000	0.000000	1.000000	800.000000	0.000000
277	0.000000	0.000000	1.000000	800.000000	0.000000
278	0.000000	0.000000	0.000000	800.000000	0.000000
279	0.000000	0.000000	0.000000	800.000000	0.000000
280	0.000000	0.000000	0.000000	800.000000	0.000000
281	0.000000	0.000000	0.000000	800.000000	0.000000
282	0.000000	0.000000	0.000000	800.000000	0.000000
283	0.000000	0.000000	0.000000	800.000000	0.000000
284	0.000000	0.000000	0.000000	800.000000	0.000000
285	0.000000	0.000000	0.000000	800.000000	0.000000
286	0.000000	0.000000	1.000000	800.000000	0.000000
287	0.000000	0.000000	1.000000	800.000000	0.000000
288	0.000000	0.000000	0.000000	800.000000	0.000000
289	0.000000	0.000000	0.000000	800.000000	0.000000
290	0.000000	0.000000	1.000000	800.000000	0.000000
291	0.000000	0.000000	1.000000	800.000000	0.000000
292	0.000000	0.000000	1.000000	800.000000	0.000000
293	0.000000	0.000000	1.000000	800.000000	0.000000
294	0.000000	0.000000	0.000000	800.000000	0.000000
295	0.000000	0.000000	0.000000	800.000000	0.000000
296	0.000000	0.000000	0.000000	800.000000	0.000000
297	0.000000	0.000000	0.000000	800.000000	0.000000
298	0.000000	0.000000	1.000000	800.000000	0.000000
299	0.000000	0.000000	1.000000	800.000000	0.000000
300	0.000000	0.000000	0.000000	800.000000	0.000000
301	0.000000	0.000000	0.000000	800.000000	0.000000
302	0.000000	0.000000	0.000000	800.000000	0.000000
303	0.000000	0.000000	0.000000	800.000000	0.000000
304	0.000000	0.000000	0.000000	800.000000	0.000000
305	0.000000	0.000000	0.000000	800.000000	0.000000
306	0.000000	0.000000	0.000000	800.000000	0.000000
307	0.000000	0.000000	0.000000	800.000000	0.000000
308	0.000000	0.000000	0.000000	800.000000	0.000000
309	0.000000	0.000000	0.000000	800.000000	0.000000
310	0.000000	0.000000	1.000000	800.000000	0.000000
311	0.000000	0.000000	1.000000	800.000000	0.000000
312	0.000000	0.000000	1.000000	800.000000	0.000000
313	0.000000	0.000000	1.000000	800.000000	0.000000
314	0.000000	0.000000	1.000000	800.000000	0.000000
315	0.000000	0.000000	1.000000	800.000000	0.000000
316	0.000000	0.000000	2.000000	800.000000	0.000000
317	0.000000	0.000000	2.000000	800.000000	0.000000
318	0.000000	0.000000	2.000000	800.000000	0.000000
319	0.000000	0.000000	2.000000	800.000000	0.000000
320	0.000000	0.000000	2.000000	800.000000	0.000000
321	0.000000	0.000000	2.000000	800.000000	0.000000
322	0.000000	0.000000	2.000000	800.000000	0.000000
323	0.000000	0.000000	2.000000	800.000000	0.000000
324	0.000000	0.000000	2.000000	800.000000	0.000000
325	0.000000	0.000000	2.000000	800.000000	0.000000
326	0.000000	0.000000	2.000000	800.000000	0.000000
327	0.000000	0.000000	2.000000	800.000000	0.000000
328	0.000000	0.000000	2.000000	800.000000	0.000000
329	0.000000	0.000000	2.000000	800.000000	0.000000
330	0.000000	0.000000	4.000000	800.000000	0.000000
331	0.000000	0.000000	4.000000	800.000000	0.000000
332	0.000000	0.000000	2.000000	800.000000	0.000000
333	0.000000	0.000000	2.000000	800.000000	0.000000
334	0.000000	0.000000	3.000000	800.000000	0.000000
335	0.000000	0.000000	3.000000	800.000000	0.000000
336	0.000000	0.000000	3.000000	800.000000	0.000000
337	0.000000	0.000000	3.000000	800.000000	0.000000
338	0.000000	0.000000	4.000000	800.000000	0.000000
339	0.000000	0.000000	4.000000	800.000000	0.000000
340	0.000000	0.000000	3.000000	800.000000	0.000000
341	0.000000	0.000000	3.000000	800.000000	0.000000
342	0.000000	0.000000	3.000000	800.000000	0.000000
343	0.000000	0.000000	3.000000	800.000000	0.000000
344	0.000000	0.000000	2.000000	800.000000	0.000000
345	0.000000	0.000000	2.000000	800.000000	0.000000
346	0.000000	0.000000	2.000000	800.000000	0.000000
347	0.000000	0.000000	2.000000	800.000000	0.000000
348	0.000000	0.000000	2.000000	800.000000	0.000000
349	0.000000	0.000000	2.000000	800.000000	0.000000
350	0.000000	0.000000	2.000000	800.000000	0.000000
351	0.000000	0.000000	2.000000	800.000000	0.000000
352	0.000000	0.000000	2.000000	800.000000	0.000000
353	0.000000	0.000000	2.000000	800.000000	0.000000
354	0.000000	0.000000	2.000000	800.000000	0.000000
355	0.000000	0.000000	2.000000	800.000000	0.000000
356	0.000000	0.000000	2.000000	800.000000	0.000000
357	0.000000	0.000000	2.000000	800.000000	0.000000
358	0.000000	0.000000	3.000000	800.000000	0.000000
359	0.000000	0.000000	3.000000	800.000000	0.000000
360	0.000000	0.000000	3.000000	800.000000	0.000000
361	0.000000	0.000000	3.000000	800.000000	0.000000
362	0.000000	0.000000	6.000000	800.000000	0.000000
363	0.000000	0.000000	6.000000	800.000000	0.000000
364	0.000000	0.000000	3.000000	800.000000	0.000000
365	0.000000	0.000000	3.000000	800.000000	0.000000
366	0.000000	0.000000	4.000000	800.000000	0.000000
367	0.000000	0.000000	4.000000	800.000000	0.000000
368	0.000000	0.000000	5.000000	800.000000	0.000000
369	0.000000	0.000000	5.000000	800.000000	0.000000
370	0.000000	0.000000	7.000000	800.000000	0.000000
371	0.000000	0.000000	7.000000	800.000000	0.000000
372	0.000000	0.000000	3.000000	800.000000	0.000000
373	0.000000	0.000000	3.000000	800.000000	0.000000
374	0.000000	0.000000	2.000000	800.000000	0.000000
375	0.000000	0.000000	2.000000	800.000000	0.000000
376	0.000000	0.000000	2.000000	800.000000	0.000000
377	0.000000	0.000000	2.000000	800.000000	0.000000
378	0.000000	0.000000	2.000000	800.000000	0.000000
379	0.000000	0.000000	2.000000	800.000000	0.000000
380	0.000000	0.000000	2.000000	800.000000	0.000000
381	0.000000	0.000000	2.000000	800.000000	0.000000
382	0.000000	0.000000	0.000000	800.000000	0.000000
383	0.000000	0.000000	0.000000	800.000000	0.000000
384	0.000000	0.000000	0.000000	800.000000	0.000000
385	0.000000	0.000000	0.000000	800.000000	0.000000
386	0.000000	0.000000	0.000000	800.000000	0.000000
387	0.000000	0.000000	0.000000	800.000000	0.000000
388	0.000000	0.000000	0.000000	800.000000	0.000000
389	0.000000	0.000000	0.000000	800.000000	0.000000
390	0.000000	0.000000	0.000000	800.000000	0.000000
391	0.000000	0.000000	0.000000	800.000000	0.000000
392	0.000000	0.000000	0.000000	800.000000	0.000000
393	0.000000	0.000000	0.000000	800.000000	0.000000
394	0.000000	0.000000	0.000000	800.000000	0.000000
395	0.000000	0.000000	0.000000	800.000000	0.000000
396	0.000000	0.000000	0.000000	800.000000	0.000000
397	0.000000	0.000000	0.000000	800.000000	0.000000
398	0.000000	0.000000	4.000000	800.000000	0.000000
399	0.000000	0.000000	4.000000	800.000000	0.000000
400	0.000000	0.000000	9.000000	800.000000	0.000000
401	0.000000	0.000000	9.000000	800.000000	0.000000
402	0.000000	0.000000	9.000000	800.000000	0.000000
403	0.000000	0.000000	9.000000	800.000000	0.000000
404	0.000000	0.000000	9.000000	800.000000	0.000000
405	0.000000	0.000000	9.000000	800.000000	0.000000
406	0.000000	0.000000	-3.000000	800.000000	0.000000
407	0.000000	0.000000	-3.000000	800.000000	0.000000
408	0.000000	0.000000	-2.000000	800.000000	0.000000
409	0.000000	0.000000	-2.000000	800.000000	0.000000
410	0.000000	0.000000	-2.000000	800.000000	0.000000
411	0.000000	0.000000	-2.000000	800.000000	0.000000
412	0.000000	0.000000	-4.000000	800.000000	0.000000
413	0.000000	0.000000	-4.000000	800.000000	0.000000
414	0.000000	0.000000	-4.000000	800.000000	0.000000
415	0.000000	0.000000	-4.000000	800.000000	0.000000
416	0.000000	0.000000	-4.000000	800.000000	0.000000
417	0.000000	0.000000	-4.000000	800.000000	0.000000
418	0.000000	0.000000	-3.000000	800.000000	0.000000
419	0.000000	0.000000	-3.000000	800.000000	0.000000
420	0.000000	0.000000	-3.000000	800.000000	0.000000
421	0.000000	0.000000	-3.000000	800.000000	0.000000
422	0.000000	0.000000	-4.000000	800.000000	0.000000
423	0.000000	0.000000	-5.000000	800.000000	0.000000
424	0.000000	0.000000	-5.000000	800.000000	0.000000
425	-21.000000	-61.000000	-5.000000	800.000000	90.000000
426	-21.000000	-61.000000	-4.000000	800.000000	90.000000
427	-21.000000	-61.000000	-4.000000	800.000000	90.000000
428	-21.000000	-61.000000	-4.000000	800.000000	90.000000
429	-21.000000	-61.000000	-4.000000	800.000000	90.000000
430	-46.000000	-1.000000	-4.000000	800.000000	0.000000
431	-46.000000	-1.000000	-4.000000	800.000000	0.000000
432	-46.000000	-1.000000	-1.000000	800.000000	0.000000
433	-46.000000	-1.000000	0.000000	800.000000	0.000000
434	-46.000000	-1.000000	0.000000	800.000000	0.000000
435	-5.000000	-1.000000	5.000000	800.000000	90.000000
436	-5.000000	-1.000000	5.000000	800.000000	90.000000
437	-5.000000	-1.000000	5.000000	800.000000	90.000000
438	-8.000000	-5.000000	6.000000	800.000000	90.000000
439	-8.000000	-5.000000	17.000000	800.000000	90.000000
440	-8.000000	-5.000000	17.000000	800.000000	90.000000
441	-8.000000	-5.000000	26.000000	800.000000	90.000000
442	-8.000000	-5.000000	26.000000	800.000000	90.000000
443	-8.000000	-5.000000	37.000000	800.000000	90.000000
444	-8.000000	-5.000000	37.000000	800.000000	90.000000
445	-8.000000	-5.000000	47.000000	800.000000	90.000000
446	-8.000000	-5.000000	47.000000	800.000000	90.000000
447	-8.000000	-5.000000	59.000000	800.000000	90.000000
448	-8.000000	-5.000000	59.000000	800.000000	90.000000
449	-8.000000	-5.000000	77.000000	800.000000	90.000000
450	-8.000000	-5.000000	77.000000	800.000000	90.000000
451	-8.000000	-5.000000	96.000000	800.000000	90.000000
452	-8.000000	-5.000000	96.000000	800.000000	90.000000
453	-8.000000	-5.000000	107.000000	800.000000	90.000000
454	-8.000000	-5.000000	107.000000	800.000000	90.000000
455	-8.000000	-5.000000	126.000000	800.000000	90.000000
456	-8.000000	-5.000000	126.000000	800.000000	90.000000
457	2.000000	-35.000000	141.000000	800.000000	87.614056
458	2.000000	-35.000000	141.000000	800.000000	87.614056
459	1.000000	-34.000000	150.000000	800.000000	87.455196
460	1.000000	-34.000000	150.000000	800.000000	87.455196
461	1.000000	-34.000000	170.000000	800.000000	87.455196
462	-1.000000	-33.000000	170.000000	800.000000	87.563352
463	-1.000000	-33.000000	180.000000	800.000000	87.563352
464	-1.000000	-33.000000	180.000000	800.000000	87.563352
465	-2.000000	-32.000000	194.000000	800.000000	86.633539
466	-2.000000	-32.000000	194.000000	800.000000	86.633539
467	-2.000000	-32.000000	204.000000	800.000000	86.633539
468	-5.000000	-31.000000	204.000000	800.000000	86.633539
469	-5.000000	-31.000000	211.000000	800.000000	86.633539
470	-5.000000	-31.000000	211.000000	800.000000	86.633539
471	-7.000000	-31.000000	219.000000	800.000000	85.914383
472	-7.000000	-31.000000	219.000000	800.000000	85.914383
473	-8.000000	-31.000000	233.000000	800.000000	85.236359
474	-8.000000	-31.000000	233.000000	800.000000	85.236359
475	-8.000000	-31.000000	231.000000	800.000000	-4.763640
476	-8.000000	-31.000000	231.000000	800.000000	-4.763640
477	-8.000000	-31.000000	236.000000	800.000000	-4.763640
478	-8.000000	-31.000000	236.000000	800.000000	-4.763640
479	-9.000000	-31.000000	240.000000	800.000000	-5.440334
480	-9.000000	-31.000000	240.000000	800.000000	-5.440334
481	-10.000000	-32.000000	240.000000	800.000000	-5.440334
482	-10.000000	-32.000000	245.000000	800.000000	-5.440334
483	-10.000000	-32.000000	244.000000	800.000000	-5.440334
484	-9.000000	-32.000000	244.000000	800.000000	-5.440334
485	-9.000000	-32.000000	248.000000	800.000000	-5.440334
486	-10.000000	-34.000000	248.000000	800.000000	83.659809
487	-10.000000	-34.000000	252.000000	800.000000	83.659809
488	-10.000000	-34.000000	252.000000	800.000000	83.659809
489	-9.000000	-34.000000	249.000000	800.000000	84.289407
490	-9.000000	-34.000000	249.000000	800.000000	84.289407
491	-9.000000	-34.000000	247.000000	800.000000	84.289407
492	-8.000000	-34.000000	247.000000	800.000000	85.236359
493	-8.000000	-34.000000	249.000000	800.000000	85.236359
494	-7.000000	-35.000000	249.000000	800.000000	84.427802
495	-7.000000	-35.000000	247.000000	800.000000	84.427802
496	-7.000000	-35.000000	247.000000	800.000000	84.427802
497	-6.000000	-35.000000	241.000000	800.000000	83.659807
498	-6.000000	-35.000000	241.000000	800.000000	83.659807
499	-4.000000	-35.000000	240.000000	800.000000	84.289407
500	-4.000000	-35.000000	240.000000	800.000000	84.289407
501	-4.000000	-35.000000	236.000000	800.000000	84.289407
502	-4.000000	-35.000000	236.000000	800.000000	84.289407
503	-2.000000	-36.000000	234.000000	800.000000	83.659809
504	-2.000000	-36.000000	234.000000	800.000000	83.659809
505	1.000000	-36.000000	234.000000	800.000000	84.289407
506	1.000000	-36.000000	234.000000	800.000000	84.289407
507	2.000000	-35.000000	229.000000	800.000000	84.289407
508	2.000000	-35.000000	229.000000	800.000000	84.289407
509	2.000000	-35.000000	225.000000	800.000000	84.289407
510	4.000000	-35.000000	225.000000	800.000000	85.236359
511	4.000000	-35.000000	226.000000	800.000000	85.236359
512	4.000000	-35.000000	226.000000	800.000000	85.236359
513	4.000000	-35.000000	219.000000	800.000000	85.236359
514	4.000000	-35.000000	219.000000	800.000000	85.236359
515	4.000000	-35.000000	216.000000	800.000000	85.236359
516	6.000000	-34.000000	216.000000	800.000000	84.289407
517	6.000000	-34.000000	221.000000	800.000000	84.289407
518	7.000000	-33.000000	221.000000	800.000000	84.093859
519	7.000000	-33.000000	213.000000	800.000000	84.093859
520	7.000000	-33.000000	213.000000	800.000000	84.093859
521	8.000000	-32.000000	213.000000	800.000000	84.289406
522	8.000000	-32.000000	213.000000	800.000000	84.289406
523	8.000000	-32.000000	213.000000	800.000000	84.289406
524	8.000000	-31.000000	213.000000	800.000000	83.659808
525	8.000000	-31.000000	210.000000	800.000000	83.659808
526	8.000000	-31.000000	210.000000	800.000000	83.659808
527	9.000000	-29.000000	210.000000	800.000000	-6.009002
528	9.000000	-29.000000	210.000000	800.000000	-6.009002
529	9.000000	-29.000000	207.000000	800.000000	-6.009002
530	9.000000	-29.000000	207.000000	800.000000	-6.009002
531	9.000000	-29.000000	210.000000	800.000000	-6.009002
532	11.000000	-26.000000	210.000000	800.000000	-5.440334
533	11.000000	-26.000000	207.000000	800.000000	-5.440334
534	11.000000	-26.000000	207.000000	800.000000	-5.440334
535	13.000000	-35.000000	206.000000	800.000000	-5.946861
536	13.000000	-35.000000	206.000000	800.000000	-5.946861
537	15.000000	-34.000000	206.000000	800.000000	-6.340191
538	15.000000	-34.000000	206.000000	800.000000	-6.340191
539	15.000000	-34.000000	205.000000	800.000000	-6.340191
540	15.000000	-33.000000	205.000000	800.000000	-5.194427
541	15.000000	-33.000000	204.000000	800.000000	-5.194427
542	16.000000	-33.000000	204.000000	800.000000	-5.710591
543	16.000000	-33.000000	201.000000	800.000000	-5.710591
544	16.000000	-33.000000	201.000000	800.000000	-5.710591
545	17.000000	-33.000000	198.000000	800.000000	-4.969741
546	17.000000	-33.000000	198.000000	800.000000	-4.969741
547	17.000000	-33.000000	203.000000	800.000000	-4.969741
548	17.000000	-33.000000	203.000000	800.000000	-5.599341
549	17.000000	-33.000000	195.000000	800.000000	-5.599341
550	19.000000	-33.000000	195.000000	800.000000	-4.763640
551	19.000000	-33.000000	197.000000	800.000000	-4.763640
552	19.000000	-33.000000	197.000000	800.000000	-4.763640
553	19.000000	-33.000000	194.000000	800.000000	-4.969741
554	19.000000	-33.000000	194.000000	800.000000	-4.969741
555	19.000000	-33.000000	193.000000	800.000000	-4.969741
556	19.000000	-34.000000	193.000000	800.000000	-4.763640
557	19.000000	-34.000000	192.000000	800.000000	-4.763640
558	19.000000	-34.000000	192.000000	800.000000	-4.763640
559	19.000000	-33.000000	187.000000	800.000000	-4.864515
560	19.000000	-33.000000	187.000000	800.000000	-4.864515
561	18.000000	-34.000000	186.000000	800.000000	-6.009009
562	18.000000	-34.000000	186.000000	800.000000	-6.009009
563	18.000000	-34.000000	183.000000	800.000000	-6.009009
564	17.000000	-23.000000	183.000000	800.000000	-5.710591
565	17.000000	-23.000000	179.000000	800.000000	-5.710591
566	16.000000	-22.000000	179.000000	800.000000	-5.194427
567	16.000000	-22.000000	173.000000	800.000000	-5.194427
568	16.000000	-22.000000	173.000000	800.000000	-5.194427
569	16.000000	-22.000000	168.000000	800.000000	-5.194427
570	16.000000	-23.000000	168.000000	800.000000	-5.440334
571	16.000000	-23.000000	166.000000	800.000000	-5.440334
572	16.000000	-22.000000	166.000000	800.000000	-4.763640
573	16.000000	-22.000000	159.000000	800.000000	-4.763640
574	16.000000	-22.000000	159.000000	800.000000	-4.763640
575	15.000000	-24.000000	155.000000	800.000000	-6.340191
576	15.000000	-24.000000	155.000000	800.000000	-6.340191
577	15.000000	-24.000000	151.000000	800.000000	84.805571
578	15.000000	-24.000000	151.000000	800.000000	84.805571
579	15.000000	-24.000000	146.000000	800.000000	84.805571
580	13.000000	-24.000000	146.000000	800.000000	84.805570
581	13.000000	-24.000000	144.000000	800.000000	84.805570
582	13.000000	-24.000000	144.000000	800.000000	84.805570
583	13.000000	-24.000000	141.000000	800.000000	84.805570
584	13.000000	-24.000000	141.000000	800.000000	84.805570
585	13.000000	-24.000000	138.000000	800.000000	84.805570
586	6.000000	-27.000000	138.000000	800.000000	84.805571
587	6.000000	-27.000000	137.000000	800.000000	84.805571
588	3.000000	-29.000000	137.000000	800.000000	85.601295
589	3.000000	-29.000000	138.000000	800.000000	85.601295
590	3.000000	-29.000000	138.000000	800.000000	85.601295
591	-3.000000	-32.000000	136.000000	800.000000	85.601295
592	-3.000000	-32.000000	136.000000	800.000000	85.601295
593	-3.000000	-32.000000	132.000000	800.000000	85.601295
594	-3.000000	-32.000000	132.000000	800.000000	85.601295
595	-3.000000	-32.000000	132.000000	800.000000	85.601295
596	-10.000000	-35.000000	132.000000	800.000000	85.236358
597	-10.000000	-35.000000	132.000000	800.000000	85.236358
598	-12.000000	-35.000000	132.000000	800.000000	86.054814
599	-12.000000	-35.000000	129.000000	800.000000	86.054814
600	-12.000000	-35.000000	129.000000	800.000000	86.054814
601	-12.000000	-35.000000	129.000000	800.000000	86.054814
602	-14.000000	-35.000000	129.000000	800.000000	86.423665
603	-14.000000	-35.000000	129.000000	800.000000	86.423665
604	-16.000000	-38.000000	129.000000	800.000000	84.289406
605	-16.000000	-38.000000	129.000000	800.000000	84.289406
606	-16.000000	-38.000000	129.000000	800.000000	84.289406
607	-17.000000	-37.000000	124.000000	800.000000	86.185926
608	-17.000000	-37.000000	124.000000	800.000000	86.185926
609	-17.000000	-37.000000	123.000000	800.000000	86.185926
610	-17.000000	-37.000000	123.000000	800.000000	86.185926
611	-17.000000	-37.000000	126.000000	800.000000	86.185926
612	-17.000000	-37.000000	126.000000	800.000000	86.185926
613	-17.000000	-37.000000	118.000000	800.000000	86.185926
614	-17.000000	-37.000000	118.000000	800.000000	86.185926
615	-17.000000	-37.000000	115.000000	800.000000	86.185926
616	-17.000000	-37.000000	115.000000	800.000000	86.185926
617	-17.000000	-37.000000	117.000000	800.000000	86.185926
618	-17.000000	-37.000000	117.000000	800.000000	86.185926
619	-17.000000	-37.000000	116.000000	800.000000	86.185926
620	-17.000000	-37.000000	116.000000	800.000000	86.185926
621	-17.000000	-37.000000	112.000000	800.000000	86.185926
622	-17.000000	-37.000000	112.000000	800.000000	86.185926
623	-17.000000	-37.000000	109.000000	800.000000	86.185926
624	-17.000000	-37.000000	109.000000	800.000000	86.185926
625	-17.000000	-37.000000	120.000000	800.000000	86.185926
626	-17.000000	-37.000000	120.000000	800.000000	86.185926
627	-17.000000	-37.000000	104.000000	800.000000	86.185926
628	-17.000000	-37.000000	104.000000	800.000000	86.185926
629	-17.000000	-37.000000	105.000000	800.000000	86.185926
630	-17.000000	-37.000000	105.000000	800.000000	86.185926
631	-17.000000	-37.000000	106.000000	800.000000	86.185926
632	-17.000000	-37.000000	106.000000	800.000000	86.185926
633	-17.000000	-37.000000	107.000000	800.000000	86.185926
634	-17.000000	-37.000000	107.000000	800.000000	86.185926
635	-17.000000	-37.000000	100.000000	800.000000	86.185926
636	-17.000000	-37.000000	100.000000	800.000000	86.185926
637	-17.000000	-37.000000	99.000000	800.000000	86.185926
638	-17.000000	-37.000000	99.000000	800.000000	86.185926
639	-17.000000	-37.000000	93.000000	800.000000	86.185926
640	-17.000000	-37.000000	93.000000	800.000000	86.185926
641	-17.000000	-37.000000	89.000000	800.000000	86.185926
642	-17.000000	-37.000000	89.000000	800.000000	86.185926
643	-17.000000	-37.000000	90.000000	800.000000	86.185926
644	-17.000000	-37.000000	90.000000	800.000000	86.185926
645	-17.000000	-37.000000	89.000000	800.000000	86.185926
646	-17.000000	-37.000000	89.000000	800.000000	86.185926
647	-17.000000	-37.000000	86.000000	800.000000	86.185926
648	-17.000000	-37.000000	86.000000	800.000000	86.185926
649	-17.000000	-37.000000	86.000000	800.000000	86.185926
650	-17.000000	-37.000000	86.000000	800.000000	86.185926
651	-17.000000	-37.000000	89.000000	800.000000	86.185926
652	-17.000000	-37.000000	89.000000	800.000000	86.185926
653	-17.000000	-37.000000	82.000000	800.000000	86.185926
654	-17.000000	-37.000000	82.000000	800.000000	86.185926
655	-17.000000	-37.000000	83.000000	800.000000	86.185926
656	-17.000000	-37.000000	83.000000	800.000000	86.185926
657	-17.000000	-37.000000	85.000000	800.000000	86.185926
658	-17.000000	-37.000000	85.000000	800.000000	86.185926
659	-17.000000	-37.000000	80.000000	800.000000	86.185926
660	-17.000000	-37.000000	80.000000	800.000000	86.185926
661	-17.000000	-37.000000	82.000000	800.000000	86.185926
662	-17.000000	-37.000000	82.000000	800.000000	86.185926
663	-17.000000	-37.000000	80.000000	800.000000	86.185926
664	-17.000000	-37.000000	80.000000	800.000000	86.185926
665	-17.000000	-37.000000	75.000000	800.000000	86.185926
666	-17.000000	-37.000000	75.000000	800.000000	86.185926
667	-17.000000	-37.000000	87.000000	800.000000	86.185926
668	-17.000000	-37.000000	87.000000	800.000000	86.185926
669	-17.000000	-37.000000	77.000000	800.000000	86.185926
670	-17.000000	-37.000000	77.000000	800.000000	86.185926
671	-17.000000	-37.000000	77.000000	800.000000	86.185926
672	-17.000000	-37.000000	77.000000	800.000000	86.185926
673	-17.000000	-37.000000	79.000000	800.000000	86.185926
674	-17.000000	-37.000000	79.000000	800.000000	86.185926
675	-17.000000	-37.000000	79.000000	800.000000	86.185926
676	-17.000000	-37.000000	79.000000	800.000000	86.185926
677	-17.000000	-37.000000	70.000000	800.000000	86.185926
678	-17.000000	-37.000000	70.000000	800.000000	86.185926
679	-17.000000	-37.000000	78.000000	800.000000	86.185926
680	-17.000000	-37.000000	78.000000	800.000000	86.185926
681	-17.000000	-37.000000	65.000000	800.000000	86.185926
682	-17.000000	-37.000000	65.000000	800.000000	86.185926
683	-17.000000	-37.000000	61.000000	800.000000	86.185926
684	-17.000000	-37.000000	61.000000	800.000000	86.185926
685	-17.000000	-37.000000	54.000000	800.000000	86.185926
686	-17.000000	-37.000000	54.000000	800.000000	86.185926
687	-17.000000	-37.000000	55.000000	800.000000	86.185926
688	-17.000000	-37.000000	55.000000	800.000000	86.185926
689	-17.000000	-37.000000	50.000000	800.000000	86.185926
690	-17.000000	-37.000000	50.000000	800.000000	86.185926
691	-17.000000	-37.000000	50.000000	800.000000	86.185926
692	-17.000000	-37.000000	49.000000	800.000000	86.185926
693	13.000000	-31.000000	49.000000	800.000000	85.763606
694	13.000000	-31.000000	49.000000	800.000000	85.763606
695	14.000000	-23.000000	46.000000	800.000000	90.000000
696	14.000000	-23.000000	45.000000	800.000000	90.000000
697	14.000000	-23.000000	45.000000	800.000000	90.000000
698	15.000000	-21.000000	43.000000	800.000000	90.000000
699	15.000000	-21.000000	43.000000	800.000000	90.000000
700	17.000000	-19.000000	43.000000	800.000000	90.000000
701	17.000000	-19.000000	41.000000	800.000000	90.000000
702	17.000000	-19.000000	41.000000	800.000000	90.000000
703	17.000000	-19.000000	41.000000	800.000000	90.000000
704	18.000000	-18.000000	41.000000	800.000000	90.000000
705	18.000000	-18.000000	41.000000	800.000000	90.000000
706	20.000000	-15.000000	41.000000	800.000000	90.000000
707	20.000000	-15.000000	41.000000	800.000000	90.000000
708	20.000000	-15.000000	41.000000	800.000000	90.000000
709	20.000000	-12.000000	41.000000	800.000000	90.000000
710	20.000000	-12.000000	37.000000	800.000000	90.000000
711	20.000000	-9.000000	37.000000	800.000000	90.000000
712	20.000000	-9.000000	37.000000	800.000000	90.000000
713	19.000000	-5.000000	37.000000	800.000000	90.000000
714	19.000000	-5.000000	35.000000	800.000000	90.000000
715	19.000000	-5.000000	35.000000	800.000000	90.000000
716	19.000000	-5.000000	34.000000	800.000000	90.000000
717	17.000000	-1.000000	34.000000	800.000000	0.000000
718	17.000000	-1.000000	31.000000	800.000000	0.000000
719	14.000000	-1.000000	31.000000	800.000000	90.000000
720	14.000000	-1.000000	29.000000	800.000000	90.000000
721	14.000000	-1.000000	29.000000	800.000000	90.000000
722	12.000000	-1.000000	27.000000	800.000000	90.000000
723	12.000000	-1.000000	27.000000	800.000000	90.000000
724	10.000000	-1.000000	24.000000	800.000000	90.000000
725	10.000000	-1.000000	24.000000	800.000000	90.000000
726	10.000000	-1.000000	20.000000	800.000000	90.000000
727	10.000000	-1.000000	20.000000	800.000000	90.000000
728	10.000000	-1.000000	20.000000	800.000000	90.000000
729	10.000000	-1.000000	20.000000	800.000000	90.000000
730	10.000000	-1.000000	15.000000	800.000000	90.000000
731	10.000000	-1.000000	15.000000	800.000000	90.000000
732	10.000000	-1.000000	16.000000	800.000000	90.000000
733	10.000000	-1.000000	16.000000	800.000000	90.000000
734	10.000000	-1.000000	14.000000	800.000000	90.000000
735	10.000000	-1.000000	14.000000	800.000000	90.000000
736	10.000000	-1.000000	12.000000	800.000000	90.000000
737	10.000000	-1.000000	12.000000	800.000000	90.000000
738	10.000000	-1.000000	12.000000	800.000000	90.000000
739	10.000000	-1.000000	12.000000	800.000000	90.000000
740	10.000000	-1.000000	8.000000	800.000000	90.000000
741	10.000000	-1.000000	8.000000	800.000000	90.000000
742	10.000000	-1.000000	8.000000	800.000000	90.000000
743	10.000000	-1.000000	6.000000	800.000000	90.000000
744	10.000000	-1.000000	6.000000	800.000000	90.000000
745	10.000000	-1.000000	6.000000	800.000000	90.000000
746	10.000000	-1.000000	2.000000	800.000000	90.000000
747	10.000000	-1.000000	2.000000	800.000000	90.000000
748	10.000000	-1.000000	2.000000	800.000000	90.000000
749	10.000000	-1.000000	2.000000	800.000000	90.000000
750	10.000000	-1.000000	0.000000	800.000000	90.000000
751	10.000000	-1.000000	0.000000	800.000000	90.000000
752	10.000000	-1.000000	-1.000000	800.000000	90.000000
753	10.000000	-1.000000	-1.000000	800.000000	90.000000
754	10.000000	-1.000000	-2.000000	800.000000	90.000000
755	10.000000	-1.000000	-2.000000	800.000000	90.000000
756	10.000000	-1.000000	-2.000000	800.000000	90.000000
757	10.000000	-1.000000	-2.000000	800.000000	90.000000
758	10.000000	-1.000000	-2.000000	800.000000	90.000000
759	10.000000	-1.000000	-1.000000	800.000000	90.000000
760	10.000000	-1.000000	-2.000000	800.000000	90.000000
761	10.000000	-1.000000	-2.000000	800.000000	90.000000
762	10.000000	-1.000000	-3.000000	800.000000	90.000000
763	10.000000	-1.000000	-3.000000	800.000000	90.000000
764	10.000000	-1.000000	-3.000000	800.000000	90.000000
765	10.000000	-1.000000	-3.000000	800.000000	90.000000
766	10.000000	-1.000000	-3.000000	800.000000	90.000000
767	10.000000	-1.000000	-3.000000	800.000000	90.000000
768	10.000000	-1.000000	-4.000000	800.000000	90.000000
769	10.000000	-1.000000	-4.000000	800.000000	90.000000
770	10.000000	-1.000000	-3.000000	800.000000	90.000000
771	10.000000	-1.000000	-3.000000	800.000000	90.000000
772	10.000000	-1.000000	-3.000000	800.000000	90.000000
773	10.000000	-1.000000	-3.000000	800.000000	90.000000
774	10.000000	-1.000000	-3.000000	800.000000	90.000000
775	10.000000	-1.000000	-3.000000	800.000000	90.000000
776	10.000000	-1.000000	-4.000000	800.000000	90.000000
777	10.000000	-1.000000	-4.000000	800.000000	90.000000
778	10.000000	-1.000000	-3.000000	800.000000	90.000000
779	10.000000	-1.000000	-3.000000	800.000000	90.000000
780	10.000000	-1.000000	-3.000000	800.000000	90.000000
781	10.000000	-1.000000	-3.000000	800.000000	90.000000
782	10.000000	-1.000000	-3.000000	800.000000	90.000000
783	10.000000	-1.000000	-3.000000	800.000000	90.000000
784	10.000000	-1.000000	-4.000000	800.000000	90.000000
785	10.000000	-1.000000	-4.000000	800.000000	90.000000
786	10.000000	-1.000000	-4.000000	800.000000	90.000000
787	10.000000	-1.000000	-4.000000	800.000000	90.000000
788	10.000000	-1.000000	-4.000000	800.000000	90.000000
789	10.000000	-1.000000	-4.000000	800.000000	90.000000
790	10.000000	-1.000000	-4.000000	800.000000	90.000000
791	10.000000	-1.000000	-4.000000	800.000000	90.000000
792	10.000000	-1.000000	-4.000000	800.000000	90.000000
793	10.000000	-1.000000	-4.000000	800.000000	90.000000
794	10.000000	-1.000000	-3.000000	800.000000	90.000000
795	10.000000	-1.000000	-3.000000	800.000000	90.000000
796	10.000000	-1.000000	-3.000000	800.000000	90.000000
797	10.000000	-1.000000	-3.000000	800.000000	90.000000
798	10.000000	-1.000000	-4.000000	800.000000	90.000000
799	10.000000	-1.000000	-4.000000	800.000000	90.000000
800	10.000000	-1.000000	-4.000000	800.000000	90.000000
801	10.000000	-1.000000	-4.000000	800.000000	90.000000
802	10.000000	-1.000000	-4.000000	800.000000	90.000000
803	10.000000	-1.000000	-3.000000	800.000000	90.000000
804	10.000000	-1.000000	-4.000000	800.000000	90.000000
805	10.000000	-1.000000	-4.000000	800.000000	90.000000
806	10.000000	-1.000000	-3.000000	800.000000	90.000000
807	10.000000	-1.000000	-3.000000	800.000000	90.000000
808	10.000000	-1.000000	-3.000000	800.000000	90.000000
809	10.000000	-1.000000	-3.000000	800.000000	90.000000
810	10.000000	-1.000000	-4.000000	800.000000	90.000000
811	10.000000	-1.000000	-4.000000	800.000000	90.000000
812	10.000000	-1.000000	-4.000000	800.000000	90.000000
813	10.000000	-1.000000	-4.000000	800.000000	90.000000
814	10.000000	-1.000000	-4.000000	800.000000	90.000000
815	10.000000	-1.000000	-3.000000	800.000000	90.000000
816	10.000000	-1.000000	-2.000000	800.000000	90.000000
817	10.000000	-1.000000	-2.000000	800.000000	90.000000
818	10.000000	-1.000000	-2.000000	800.000000	90.000000
819	10.000000	-1.000000	-2.000000	800.000000	90.000000
820	10.000000	-1.000000	-4.000000	800.000000	90.000000
821	10.000000	-1.000000	-4.000000	800.000000	90.000000
822	10.000000	-1.000000	-4.000000	800.000000	90.000000
823	10.000000	-1.000000	-4.000000	800.000000	90.000000
824	10.000000	-1.000000	-4.000000	800.000000	90.000000
825	10.000000	-1.000000	-4.000000	800.000000	90.000000
826	10.000000	-1.000000	-4.000000	800.000000	90.000000
827	10.000000	-1.000000	-4.000000	800.000000	90.000000
828	10.000000	-1.000000	-4.000000	800.000000	90.000000
829	10.000000	-1.000000	-4.000000	800.000000	90.000000
830	10.000000	-1.000000	-4.000000	800.000000	90.000000
831	10.000000	-1.000000	-3.000000	800.000000	90.000000
832	10.000000	-1.000000	-2.000000	800.000000	90.000000
833	10.000000	-1.000000	-2.000000	800.000000	90.000000
834	10.000000	-1.000000	-4.000000	800.000000	90.000000
835	10.000000	-1.000000	-4.000000	800.000000	90.000000
836	10.000000	-1.000000	-4.000000	800.000000	90.000000
837	10.000000	-1.000000	-4.000000	800.000000	90.000000
838	10.000000	-1.000000	-4.000000	800.000000	90.000000
839	10.000000	-1.000000	-4.000000	800.000000	90.000000
840	10.000000	-1.000000	-3.000000	800.000000	90.000000
841	10.000000	-1.000000	-3.000000	800.000000	90.000000
842	10.000000	-1.000000	-4.000000	800.000000	90.000000
843	10.000000	-1.000000	-4.000000	800.000000	90.000000
844	10.000000	-1.000000	-2.000000	800.000000	90.000000
845	10.000000	-1.000000	-2.000000	800.000000	90.000000
846	10.000000	-1.000000	-2.000000	800.000000	90.000000
847	10.000000	-1.000000	-3.000000	800.000000	90.000000
848	10.000000	-1.000000	-3.000000	800.000000	90.000000
849	10.000000	-1.000000	-4.000000	800.000000	90.000000
850	10.000000	-1.000000	-4.000000	800.000000	90.000000
851	10.000000	-1.000000	-4.000000	800.000000	90.000000
852	10.000000	-1.000000	-4.000000	800.000000	90.000000
853	10.000000	-1.000000	-4.000000	800.000000	90.000000
854	10.000000	-1.000000	-4.000000	800.000000	90.000000
855	10.000000	-1.000000	-4.000000	800.000000	90.000000
856	10.000000	-1.000000	-4.000000	800.000000	90.000000
857	10.000000	-1.000000	-4.000000	800.000000	90.000000
858	10.000000	-1.000000	-1.000000	800.000000	90.000000
859	10.000000	-1.000000	-4.000000	800.000000	90.000000
860	10.000000	-1.000000	-3.000000	800.000000	90.000000
861	10.000000	-1.000000	-3.000000	800.000000	90.000000
862	10.000000	-1.000000	-3.000000	800.000000	90.000000
863	10.000000	-1.000000	-4.000000	800.000000	90.000000
864	10.000000	-1.000000	-3.000000	800.000000	90.000000
865	10.000000	-1.000000	-3.000000	800.000000	90.000000
866	10.000000	-1.000000	-2.000000	800.000000	90.000000
867	-1.000000	-1.000000	-2.000000	800.000000	90.000000
868	-1.000000	-1.000000	-3.000000	800.000000	90.000000
869	-1.000000	-1.000000	-3.000000	800.000000	90.000000
870	-1.000000	-1.000000	-4.000000	800.000000	90.000000
871	-1.000000	-1.000000	-4.000000	800.000000	90.000000
872	-1.000000	-1.000000	-4.000000	800.000000	90.000000
873	-1.000000	-1.000000	-4.000000	800.000000	90.000000
874	-1.000000	-1.000000	-4.000000	800.000000	90.000000
875	-1.000000	-1.000000	-4.000000	800.000000	90.000000
876	-1.000000	-1.000000	-3.000000	800.000000	90.000000
877	-1.000000	-1.000000	-3.000000	800.000000	90.000000
878	-1.000000	-1.000000	-3.000000	800.000000	90.000000
879	-1.000000	-1.000000	-3.000000	800.000000	90.000000
880	-4.000000	-1.000000	-4.000000	800.000000	90.000000
881	-4.000000	-1.000000	-4.000000	800.000000	90.000000
882	-4.000000	-1.000000	-3.000000	800.000000	90.000000
883	-4.000000	-1.000000	-3.000000	800.000000	90.000000
884	-4.000000	-1.000000	-2.000000	800.000000	90.000000
885	-4.000000	-1.000000	-2.000000	800.000000	90.000000
886	-4.000000	-1.000000	-4.000000	800.000000	90.000000
887	-4.000000	-1.000000	-4.000000	800.000000	90.000000
888	-4.000000	-1.000000	-4.000000	800.000000	90.000000
889	-4.000000	-1.000000	-4.000000	800.000000	90.000000
890	-4.000000	-1.000000	-3.000000	800.000000	90.000000
891	-4.000000	-1.000000	-3.000000	800.000000	90.000000
892	-4.000000	-1.000000	-4.000000	800.000000	90.000000
893	-4.000000	-1.000000	-4.000000	800.000000	90.000000
894	-4.000000	-1.000000	-4.000000	800.000000	90.000000
895	-4.000000	-1.000000	-3.000000	800.000000	90.000000
896	-4.000000	-1.000000	-4.000000	800.000000	90.000000
897	-4.000000	-1.000000	-4.000000	800.000000	90.000000
898	-4.000000	-1.000000	-3.000000	800.000000	90.000000
899	-4.000000	-1.000000	-3.000000	800.000000	90.000000
900	-4.000000	-1.000000	-3.000000	800.000000	90.000000
901	-4.000000	-1.000000	-3.000000	800.000000	90.000000
902	-4.000000	-1.000000	-3.000000	800.000000	90.000000
903	-4.000000	-1.000000	-4.000000	800.000000	90.000000
904	-4.000000	-1.000000	-4.000000	800.000000	90.000000
905	-4.000000	-1.000000	-4.000000	800.000000	90.000000
906	-4.000000	-1.000000	-4.000000	800.000000	90.000000
907	-4.000000	-1.000000	-3.000000	800.000000	90.000000
908	-4.000000	-1.000000	-3.000000	800.000000	90.000000
909	-4.000000	-1.000000	-4.000000	800.000000	90.000000
910	-4.000000	-1.000000	-4.000000	800.000000	90.000000
911	-4.000000	-1.000000	-4.000000	800.000000	90.000000
912	-4.000000	-1.000000	-3.000000	800.000000	90.000000
913	-4.000000	-1.000000	-3.000000	800.000000	90.000000
914	-4.000000	-1.000000	-3.000000	800.000000	90.000000
915	-4.000000	-1.000000	-3.000000	800.000000	90.000000
916	-4.000000	-1.000000	-3.000000	800.000000	90.000000
917	-4.000000	-1.000000	-3.000000	800.000000	90.000000
918	-4.000000	-1.000000	-3.000000	800.000000	90.000000
919	-4.000000	-1.000000	-3.000000	800.000000	90.000000
920	-4.000000	-1.000000	-3.000000	800.000000	90.000000
921	-4.000000	-1.000000	-3.000000	800.000000	90.000000
922	-4.000000	-1.000000	-3.000000	800.000000	90.000000
923	-4.000000	-1.000000	-3.000000	800.000000	90.000000
924	-4.000000	-1.000000	-3.000000	800.000000	90.000000
925	-4.000000	-1.000000	-4.000000	800.000000	90.000000
926	-4.000000	-1.000000	-4.000000	800.000000	90.000000
927	-4.000000	-1.000000	-3.000000	800.000000	90.000000
928	-4.000000	-1.000000	-3.000000	800.000000	90.000000
929	-4.000000	-1.000000	-3.000000	800.000000	90.000000
930	-4.000000	-1.000000	-3.000000	800.000000	90.000000
931	-4.000000	-1.000000	-3.000000	800.000000	90.000000
932	-4.000000	-1.000000	-3.000000	800.000000	90.000000
933	-4.000000	-1.000000	-4.000000	800.000000	90.000000
934	-4.000000	-1.000000	-4.000000	800.000000	90.000000
935	-4.000000	-1.000000	-3.000000	800.000000	90.000000
936	-4.000000	-1.000000	-3.000000	800.000000	90.000000
937	-4.000000	-1.000000	-3.000000	800.000000	90.000000
938	-4.000000	-1.000000	-3.000000	800.000000	90.000000
939	-4.000000	-1.000000	-3.000000	800.000000	90.000000
940	-4.000000	-1.000000	-3.000000	800.000000	90.000000
941	-4.000000	-1.000000	-4.000000	800.000000	90.000000
942	-4.000000	-1.000000	-4.000000	800.000000	90.000000
943	-4.000000	-1.000000	-4.000000	800.000000	90.000000
944	-4.000000	-1.000000	-4.000000	800.000000	90.000000
945	-4.000000	-1.000000	-4.000000	800.000000	90.000000
946	-4.000000	-1.000000	-3.000000	800.000000	90.000000
947	-4.000000	-1.000000	-3.000000	800.000000	90.000000
948	-4.000000	-1.000000	-3.000000	800.000000	90.000000
949	-4.000000	-1.000000	-3.000000	800.000000	90.000000
950	-4.000000	-1.000000	-3.000000	800.000000	90.000000
951	-4.000000	-1.000000	-4.000000	800.000000	90.000000
952	-4.000000	-1.000000	-4.000000	800.000000	90.000000
953	-4.000000	-1.000000	-4.000000	800.000000	90.000000
954	-4.000000	-1.000000	-4.000000	800.000000	90.000000
955	-4.000000	-1.000000	-4.000000	800.000000	90.000000
956	-4.000000	-1.000000	-4.000000	800.000000	90.000000
957	-4.000000	-1.000000	-4.000000	800.000000	90.000000
958	-4.000000	-1.000000	-4.000000	800.000000	90.000000
959	-4.000000	-1.000000	-4.000000	800.000000	90.000000
960	-4.000000	-1.000000	-4.000000	800.000000	90.000000
961	-4.000000	-1.000000	-4.000000	800.000000	90.000000
962	-4.000000	-1.000000	-4.000000	800.000000	90.000000
963	-4.000000	-1.000000	-4.000000	800.000000	90.000000
964	-4.000000	-1.000000	-4.000000	800.000000	90.000000
965	-4.000000	-1.000000	-4.000000	800.000000	90.000000
966	-14.000000	-1.000000	-4.000000	800.000000	90.000000
967	-14.000000	-1.000000	-4.000000	800.000000	90.000000
968	-14.000000	-1.000000	-3.000000	800.000000	90.000000
969	-14.000000	-1.000000	-3.000000	800.000000	90.000000
970	-14.000000	-1.000000	-3.000000	800.000000	90.000000
971	-23.000000	-1.000000	-3.000000	800.000000	0.000000
972	-23.000000	-1.000000	-4.000000	800.000000	0.000000
973	-23.000000	-1.000000	-3.000000	800.000000	0.000000
974	-23.000000	-1.000000	-3.000000	800.000000	0.000000
975	-23.000000	-1.000000	-3.000000	800.000000	0.000000
976	-23.000000	-1.000000	-3.000000	800.000000	0.000000
977	-23.000000	-1.000000	-3.000000	800.000000	0.000000
978	-23.000000	-1.000000	-3.000000	800.000000	0.000000
979	-23.000000	-1.000000	-4.000000	800.000000	0.000000
980	-23.000000	-1.000000	-4.000000	800.000000	0.000000
981	-23.000000	-1.000000	-3.000000	800.000000	0.000000
982	-23.000000	-1.000000	-3.000000	800.000000	0.000000
983	-23.000000	-1.000000	-3.000000	800.000000	0.000000
984	-23.000000	-1.000000	-3.000000	800.000000	0.000000
985	-23.000000	-1.000000	-3.000000	800.000000	0.000000
986	-23.000000	-1.000000	-3.000000	800.000000	0.000000
987	-23.000000	-1.000000	-3.000000	800.000000	0.000000
988	-23.000000	-1.000000	-3.000000	800.000000	0.000000
989	-23.000000	-1.000000	-3.000000	800.000000	0.000000
990	-23.000000	-1.000000	-3.000000	800.000000	0.000000
991	-23.000000	-1.000000	-3.000000	800.000000	0.000000
992	-23.000000	-1.000000	-3.000000	800.000000	0.000000
993	-23.000000	-1.000000	-3.000000	800.000000	0.000000
994	-23.000000	-1.000000	-3.000000	800.000000	0.000000
995	-1.000000	-1.000000	-3.000000	800.000000	-90.000000
996	-1.000000	-1.000000	-3.000000	800.000000	-90.000000
997	-1.000000	-1.000000	-3.000000	800.000000	-90.000000
998	-1.000000	-1.000000	-3.000000	800.000000	90.000000
999	-1.000000	-1.000000	-3.000000	800.000000	90.000000
1000	-1.000000	-1.000000	-3.000000	800.000000	90.000000
1001	-1.000000	-1.000000	-3.000000	800.000000	90.000000
1002	-1.000000	-1.000000	-3.000000	800.000000	90.000000
1003	-1.000000	-1.000000	-3.000000	800.000000	90.000000
1004	-1.000000	-1.000000	-3.000000	800.000000	90.000000
1005	-1.000000	-1.000000	-3.000000	800.000000	90.000000
1006	-1.000000	-1.000000	-3.000000	800.000000	90.000000
1007	-1.000000	-1.000000	-3.000000	800.000000	90.000000
1008	-1.000000	-1.000000	-3.000000	800.000000	90.000000
1009	-1.000000	-1.000000	-3.000000	800.000000	90.000000
1010	-1.000000	-1.000000	-3.000000	800.000000	90.000000
1011	-1.000000	-1.000000	-3.000000	800.000000	90.000000
1012	-1.000000	-1.000000	-3.000000	800.000000	90.000000
1013	-1.000000	-1.000000	-3.000000	800.000000	90.000000
1014	-1.000000	-1.000000	-3.000000	800.000000	90.000000
1015	-1.000000	-1.000000	-3.000000	800.000000	90.000000
1016	-1.000000	-1.000000	-3.000000	800.000000	90.000000
1017	-1.000000	-1.000000	-3.000000	800.000000	90.000000
1018	-1.000000	-1.000000	-3.000000	800.000000	90.000000
1019	-1.000000	-1.000000	-3.000000	800.000000	90.000000
1020	-1.000000	-1.000000	-3.000000	800.000000	90.000000
1021	-1.000000	-1.000000	-4.000000	800.000000	90.000000
1022	-1.000000	-1.000000	-4.000000	800.000000	90.000000
1023	-1.000000	-1.000000	-4.000000	800.000000	90.000000
1024	-1.000000	-1.000000	-3.000000	800.000000	90.000000
1025	-1.000000	-1.000000	-4.000000	800.000000	90.000000
1026	-1.000000	-1.000000	-4.000000	800.000000	90.000000
1027	-1.000000	-1.000000	-3.000000	800.000000	90.000000
1028	-1.000000	-1.000000	-3.000000	800.000000	90.000000
1029	-1.000000	-1.000000	-4.000000	800.000000	90.000000
1030	-1.000000	-1.000000	-4.000000	800.000000	90.000000
1031	-1.000000	-1.000000	-3.000000	800.000000	90.000000
1032	-1.000000	-1.000000	-3.000000	800.000000	90.000000
1033	-1.000000	-1.000000	-4.000000	800.000000	90.000000
1034	-1.000000	-1.000000	-4.000000	800.000000	90.000000
1035	-1.000000	-1.000000	-4.000000	800.000000	90.000000
1036	-1.000000	-1.000000	-4.000000	800.000000	90.000000
1037	-1.000000	-1.000000	-3.000000	800.000000	90.000000
1038	-1.000000	-1.000000	-3.000000	800.000000	90.000000
1039	-1.000000	-1.000000	-3.000000	800.000000	90.000000
1040	-1.000000	-1.000000	-3.000000	800.000000	90.000000
1041	-1.000000	-1.000000	-4.000000	800.000000	90.000000
1042	-1.000000	-1.000000	-4.000000	800.000000	90.000000
1043	-1.000000	-1.000000	-4.000000	800.000000	90.000000
1044	-1.000000	-1.000000	-4.000000	800.000000	90.000000
1045	-1.000000	-1.000000	-4.000000	800.000000	90.000000
1046	-1.000000	-1.000000	-4.000000	800.000000	90.000000
1047	-1.000000	-1.000000	-4.000000	800.000000	90.000000
1048	-1.000000	-1.000000	-4.000000	800.000000	90.000000
1049	-1.000000	-1.000000	-3.000000	800.000000	90.000000
1050	-1.000000	-1.000000	-3.000000	800.000000	90.000000
1051	-1.000000	-1.000000	-3.000000	800.000000	90.000000
1052	-1.000000	-1.000000	-3.000000	800.000000	90.000000
1053	-1.000000	-1.000000	-3.000000	800.000000	90.000000
1054	-1.000000	-1.000000	-3.000000	800.000000	90.000000
1055	-1.000000	-1.000000	-4.000000	800.000000	90.000000
1056	-1.000000	-1.000000	-4.000000	800.000000	90.000000
1057	-1.000000	-1.000000	-2.000000	800.000000	90.000000
1058	-1.000000	-1.000000	-2.000000	800.000000	90.000000
1059	-1.000000	-1.000000	-3.000000	800.000000	90.000000
1060	-1.000000	-1.000000	-3.000000	800.000000	90.000000
1061	-1.000000	-1.000000	-3.000000	800.000000	90.000000
1062	-1.000000	-1.000000	-3.000000	800.000000	90.000000
1063	-1.000000	-1.000000	-3.000000	800.000000	90.000000
1064	-1.000000	-1.000000	-3.000000	800.000000	90.000000
1065	-1.000000	-1.000000	-3.000000	800.000000	90.000000
1066	-1.000000	-1.000000	-3.000000	800.000000	90.000000
1067	-1.000000	-1.000000	-3.000000	800.000000	90.000000
1068	-1.000000	-1.000000	-3.000000	800.000000	90.000000
1069	-1.000000	-1.000000	-4.000000	800.000000	90.000000
1070	-1.000000	-1.000000	-4.000000	800.000000	90.000000
1071	-1.000000	-1.000000	-4.000000	800.000000	90.000000
1072	-1.000000	-1.000000	-4.000000	800.000000	90.000000
1073	-1.000000	-1.000000	-3.000000	800.000000	90.000000
1074	-1.000000	-1.000000	-3.000000	800.000000	90.000000
1075	-1.000000	-1.000000	-3.000000	800.000000	90.000000
1076	-1.000000	-1.000000	-3.000000	800.000000	90.000000
1077	-1.000000	-1.000000	-4.000000	800.000000	90.000000
1078	-1.000000	-1.000000	-4.000000	800.000000	90.000000
1079	-1.000000	-1.000000	-3.000000	800.000000	90.000000
1080	-1.000000	-1.000000	-3.000000	800.000000	90.000000
1081	-1.000000	-1.000000	-4.000000	800.000000	90.000000
1082	-1.000000	-1.000000	-4.000000	800.000000	90.000000
1083	-1.000000	-1.000000	-3.000000	800.000000	90.000000
1084	-1.000000	-1.000000	-3.000000	800.000000	90.000000
1085	-1.000000	-1.000000	-3.000000	800.000000	90.000000
1086	-1.000000	-1.000000	-3.000000	800.000000	90.000000
1087	-1.000000	-1.000000	-3.000000	800.000000	90.000000
1088	-1.000000	-1.000000	-3.000000	800.000000	90.000000
1089	-1.000000	-1.000000	-3.000000	800.000000	90.000000
1090	-1.000000	-1.000000	-3.000000	800.000000	90.000000
1091	-1.000000	-1.000000	-3.000000	800.000000	90.000000
1092	-1.000000	-1.000000	-3.000000	800.000000	90.000000
1093	-1.000000	-1.000000	-3.000000	800.000000	90.000000
1094	-1.000000	-1.000000	-3.000000	800.000000	90.000000
1095	-1.000000	-1.000000	-3.000000	800.000000	90.000000
1096	-1.000000	-1.000000	-3.000000	800.000000	90.000000
1097	-1.000000	-1.000000	-3.000000	800.000000	90.000000
1098	-1.000000	-1.000000	-3.000000	800.000000	90.000000
1099	-1.000000	-1.000000	-1.000000	800.000000	90.000000
1100	-1.000000	-1.000000	-1.000000	800.000000	90.000000
1101	-1.000000	-1.000000	-2.000000	800.000000	90.000000
1102	-1.000000	-1.000000	-2.000000	800.000000	90.000000
1103	-1.000000	-1.000000	-2.000000	800.000000	90.000000
1104	-1.000000	-1.000000	-2.000000	800.000000	90.000000
1105	-1.000000	-1.000000	-1.000000	800.000000	90.000000
1106	-1.000000	-1.000000	-1.000000	800.000000	90.000000
1107	-1.000000	-1.000000	0.000000	800.000000	90.000000
1108	-1.000000	-1.000000	0.000000	800.000000	90.000000
1109	-1.000000	-1.000000	-2.000000	800.000000	90.000000
1110	-1.000000	-1.000000	-2.000000	800.000000	90.000000
1111	-1.000000	-1.000000	-1.000000	800.000000	90.000000
1112	-1.000000	-1.000000	-1.000000	800.000000	90.000000
1113	-1.000000	-1.000000	-1.000000	800.000000	90.000000
1114	-1.000000	-1.000000	-1.000000	800.000000	90.000000
1115	-1.000000	-1.000000	1.000000	800.000000	90.000000
1116	-1.000000	-1.000000	1.000000	800.000000	90.000000
1117	-1.000000	-1.000000	1.000000	800.000000	90.000000
1118	-1.000000	-1.000000	1.000000	800.000000	90.000000
1119	-1.000000	-1.000000	1.000000	800.000000	90.000000
1120	-1.000000	-1.000000	1.000000	800.000000	90.000000
1121	-1.000000	-1.000000	0.000000	800.000000	90.000000
1122	-1.000000	-1.000000	0.000000	800.000000	90.000000
1123	-1.000000	-1.000000	-1.000000	800.000000	90.000000
1124	-1.000000	-1.000000	-1.000000	800.000000	90.000000
1125	-1.000000	-1.000000	-1.000000	800.000000	90.000000
1126	-1.000000	-1.000000	-1.000000	800.000000	90.000000
1127	-1.000000	-1.000000	-1.000000	800.000000	90.000000
1128	-1.000000	-1.000000	-1.000000	800.000000	90.000000
1129	-1.000000	-1.000000	-1.000000	800.000000	90.000000
1130	-1.000000	-1.000000	-1.000000	800.000000	90.000000
1131	-1.000000	-1.000000	-2.000000	800.000000	90.000000
1132	-1.000000	-1.000000	-2.000000	800.000000	90.000000
1133	-1.000000	-1.000000	-1.000000	800.000000	90.000000
1134	-1.000000	-1.000000	-1.000000	800.000000	90.000000
1135	-1.000000	-1.000000	-3.000000	800.000000	90.000000
1136	-1.000000	-1.000000	-3.000000	800.000000	90.000000
1137	-1.000000	-1.000000	-2.000000	800.000000	90.000000
1138	-1.000000	-1.000000	-2.000000	800.000000	90.000000
1139	-1.000000	-1.000000	-3.000000	800.000000	90.000000
1140	-1.000000	-1.000000	-3.000000	800.000000	90.000000
1141	-1.000000	-1.000000	-3.000000	800.000000	90.000000
1142	-1.000000	-1.000000	-3.000000	800.000000	90.000000
1143	-1.000000	-1.000000	-2.000000	800.000000	90.000000
1144	-1.000000	-1.000000	-3.000000	800.000000	90.000000
1145	-1.000000	-1.000000	-3.000000	800.000000	90.000000
1146	-1.000000	-1.000000	-3.000000	800.000000	90.000000
1147	-1.000000	-1.000000	-3.000000	800.000000	90.000000
1148	-1.000000	-1.000000	-3.000000	800.000000	90.000000
1149	-1.000000	-1.000000	-3.000000	800.000000	90.000000
1150	-1.000000	-1.000000	-3.000000	800.000000	90.000000
1151	-1.000000	-1.000000	-3.000000	800.000000	90.000000
1152	-1.000000	-1.000000	-3.000000	800.000000	90.000000
1153	-1.000000	-1.000000	-4.000000	800.000000	90.000000
1154	-1.000000	-1.000000	-4.000000	800.000000	90.000000
1155	-1.000000	-1.000000	-4.000000	800.000000	90.000000
1156	-1.000000	-1.000000	-4.000000	800.000000	90.000000
1157	-1.000000	-1.000000	-4.000000	800.000000	90.000000
1158	-1.000000	-1.000000	-4.000000	800.000000	90.000000
1159	-1.000000	-1.000000	-4.000000	800.000000	90.000000
1160	-1.000000	-1.000000	-4.000000	800.000000	90.000000
1161	54.000000	-1.000000	-3.000000	800.000000	0.000000
1162	54.000000	-1.000000	-3.000000	800.000000	0.000000
1163	54.000000	-1.000000	-3.000000	800.000000	0.000000
1164	54.000000	-1.000000	-4.000000	800.000000	0.000000
1165	54.000000	-1.000000	-4.000000	800.000000	0.000000
1166	54.000000	-1.000000	-4.000000	800.000000	0.000000
1167	54.000000	-1.000000	-4.000000	800.000000	0.000000
1168	54.000000	-1.000000	-3.000000	800.000000	0.000000
1169	54.000000	-1.000000	-3.000000	800.000000	0.000000
1170	54.000000	-1.000000	-4.000000	800.000000	0.000000
1171	54.000000	-1.000000	-4.000000	800.000000	0.000000
1172	54.000000	-1.000000	-4.000000	800.000000	0.000000
1173	54.000000	-1.000000	-3.000000	800.000000	0.000000
1174	54.000000	-1.000000	-2.000000	800.000000	0.000000
1175	54.000000	-1.000000	-2.000000	800.000000	0.000000
1176	54.000000	-1.000000	-3.000000	800.000000	0.000000
1177	54.000000	-1.000000	-3.000000	800.000000	0.000000
1178	54.000000	-1.000000	-3.000000	800.000000	0.000000
1179	54.000000	-1.000000	-3.000000	800.000000	0.000000
1180	54.000000	-1.000000	-3.000000	800.000000	0.000000
1181	54.000000	-1.000000	-3.000000	800.000000	0.000000
1182	54.000000	-1.000000	-3.000000	800.000000	0.000000
1183	54.000000	-1.000000	-3.000000	800.000000	0.000000
1184	54.000000	-1.000000	-4.000000	800.000000	0.000000
1185	54.000000	-1.000000	-4.000000	800.000000	0.000000
1186	54.000000	-1.000000	-4.000000	800.000000	0.000000
1187	54.000000	-1.000000	-3.000000	800.000000	0.000000
1188	54.000000	-1.000000	-4.000000	800.000000	0.000000
1189	54.000000	-1.000000	-4.000000	800.000000	0.000000
1190	54.000000	-1.000000	-4.000000	800.000000	0.000000
1191	54.000000	-1.000000	-4.000000	800.000000	0.000000
1192	54.000000	-1.000000	-4.000000	800.000000	0.000000
1193	54.000000	-1.000000	-4.000000	800.000000	0.000000
1194	54.000000	-1.000000	-4.000000	800.000000	0.000000
1195	54.000000	-1.000000	-3.000000	800.000000	0.000000
1196	54.000000	-1.000000	2.000000	800.000000	0.000000
1197	54.000000	-1.000000	2.000000	800.000000	0.000000
1198	54.000000	-1.000000	2.000000	800.000000	0.000000
1199	54.000000	-1.000000	-3.000000	800.000000	0.000000
1200	54.000000	-1.000000	-4.000000	800.000000	0.000000
1201	54.000000	-1.000000	-4.000000	800.000000	0.000000
1202	54.000000	-1.000000	-3.000000	800.000000	0.000000
1203	54.000000	-1.000000	-3.000000	800.000000	0.000000
1204	54.000000	-1.000000	-4.000000	800.000000	0.000000
1205	54.000000	-1.000000	-4.000000	800.000000	0.000000
1206	54.000000	-1.000000	-4.000000	800.000000	0.000000
1207	54.000000	-1.000000	218.000000	800.000000	0.000000
1208	54.000000	-1.000000	243.000000	800.000000	0.000000
1209	54.000000	-1.000000	243.000000	800.000000	0.000000
1210	54.000000	-1.000000	218.000000	800.000000	0.000000
1211	54.000000	-1.000000	218.000000	800.000000	0.000000
1212	54.000000	-1.000000	217.000000	800.000000	0.000000
1213	54.000000	-1.000000	217.000000	800.000000	0.000000
1214	54.000000	-1.000000	219.000000	800.000000	0.000000
1215	54.000000	-1.000000	219.000000	800.000000	0.000000
1216	54.000000	-1.000000	217.000000	800.000000	0.000000
1217	54.000000	-1.000000	217.000000	800.000000	0.000000
1218	54.000000	-1.000000	217.000000	800.000000	0.000000
1219	54.000000	-1.000000	228.000000	800.000000	0.000000
1220	54.000000	-1.000000	219.000000	800.000000	0.000000
1221	54.000000	-1.000000	219.000000	800.000000	0.000000
1222	54.000000	-1.000000	219.000000	800.000000	0.000000
1223	54.000000	-1.000000	219.000000	800.000000	0.000000
1224	54.000000	-1.000000	217.000000	800.000000	0.000000
1225	54.000000	-1.000000	217.000000	800.000000	0.000000
1226	54.000000	-1.000000	217.000000	800.000000	0.000000
1227	54.000000	-1.000000	217.000000	800.000000	0.000000
1228	54.000000	-1.000000	217.000000	800.000000	0.000000
1229	54.000000	-1.000000	217.000000	800.000000	0.000000
1230	54.000000	-1.000000	218.000000	800.000000	0.000000
1231	54.000000	-1.000000	218.000000	800.000000	0.000000
1232	54.000000	-1.000000	218.000000	800.000000	0.000000
1233	54.000000	-1.000000	218.000000	800.000000	0.000000
1234	54.000000	-1.000000	217.000000	800.000000	0.000000
1235	54.000000	-1.000000	217.000000	800.000000	0.000000
1236	54.000000	-1.000000	217.000000	800.000000	0.000000
1237	54.000000	-1.000000	217.000000	800.000000	0.000000
1238	54.000000	-1.000000	218.000000	800.000000	0.000000
1239	54.000000	-1.000000	218.000000	800.000000	0.000000
1240	54.000000	-1.000000	218.000000	800.000000	0.000000
1241	54.000000	-1.000000	218.000000	800.000000	0.000000
1242	54.000000	-1.000000	218.000000	800.000000	0.000000
1243	54.000000	-1.000000	218.000000	800.000000	0.000000
1244	54.000000	-1.000000	218.000000	800.000000	0.000000
1245	54.000000	-1.000000	218.000000	800.000000	0.000000
1246	54.000000	-1.000000	218.000000	800.000000	0.000000
1247	54.000000	-1.000000	218.000000	800.000000	0.000000
1248	54.000000	-1.000000	218.000000	800.000000	0.000000
1249	54.000000	-1.000000	218.000000	800.000000	0.000000
1250	54.000000	-1.000000	218.000000	800.000000	0.000000
1251	54.000000	-1.000000	218.000000	800.000000	0.000000
1252	54.000000	-1.000000	218.000000	800.000000	0.000000
1253	54.000000	-1.000000	218.000000	800.000000	0.000000
1254	54.000000	-1.000000	218.000000	800.000000	0.000000
1255	54.000000	-1.000000	218.000000	800.000000	0.000000
1256	54.000000	-1.000000	218.000000	800.000000	0.000000
1257	54.000000	-1.000000	218.000000	800.000000	0.000000
1258	54.000000	-1.000000	218.000000	800.000000	0.000000
1259	54.000000	-1.000000	218.000000	800.000000	0.000000
1260	54.000000	-1.000000	218.000000	800.000000	0.000000
1261	54.000000	-1.000000	218.000000	800.000000	0.000000
1262	54.000000	-1.000000	218.000000	800.000000	0.000000
1263	54.000000	-1.000000	218.000000	800.000000	0.000000
1264	54.000000	-1.000000	218.000000	800.000000	0.000000
1265	54.000000	-1.000000	218.000000	800.000000	0.000000
1266	54.000000	-1.000000	218.000000	800.000000	0.000000
1267	54.000000	-1.000000	218.000000	800.000000	0.000000
1268	54.000000	-1.000000	218.000000	800.000000	0.000000
1269	54.000000	-1.000000	218.000000	800.000000	0.000000
1270	54.000000	-1.000000	218.000000	800.000000	0.000000
1271	54.000000	-1.000000	218.000000	800.000000	0.000000
1272	54.000000	-1.000000	218.000000	800.000000	0.000000
1273	54.000000	-1.000000	218.000000	800.000000	0.000000
1274	54.000000	-1.000000	218.000000	800.000000	0.000000
1275	54.000000	-1.000000	218.000000	800.000000	0.000000
1276	54.000000	-1.000000	218.000000	800.000000	0.000000
1277	54.000000	-1.000000	218.000000	800.000000	0.000000
1278	54.000000	-1.000000	218.000000	800.000000	0.000000
1279	54.000000	-1.000000	218.000000	800.000000	0.000000
1280	54.000000	-1.000000	218.000000	800.000000	0.000000
1281	54.000000	-1.000000	218.000000	800.000000	0.000000
1282	54.000000	-1.000000	218.000000	800.000000	0.000000
1283	54.000000	-1.000000	218.000000	800.000000	0.000000
1284	54.000000	-1.000000	218.000000	800.000000	0.000000
1285	54.000000	-1.000000	218.000000	800.000000	0.000000
1286	54.000000	-1.000000	218.000000	800.000000	0.000000
1287	54.000000	-1.000000	218.000000	800.000000	0.000000
1288	54.000000	-1.000000	218.000000	800.000000	0.000000
1289	54.000000	-1.000000	218.000000	800.000000	0.000000
1290	54.000000	-1.000000	218.000000	800.000000	0.000000
