#	Proyecto: Control de un Quadrotor por VA
#	Datos para la gráfica en GNUplot.

#	Error X	    	Error Y	 	Altura		Alt. Ref	Yaw
0	0.000000	0.000000	0.000000	700.000000	0.000000
1	0.000000	0.000000	0.000000	700.000000	0.000000
2	0.000000	0.000000	0.000000	700.000000	0.000000
3	0.000000	0.000000	0.000000	700.000000	0.000000
4	0.000000	0.000000	0.000000	700.000000	0.000000
5	0.000000	0.000000	0.000000	700.000000	0.000000
6	0.000000	0.000000	0.000000	700.000000	0.000000
7	0.000000	0.000000	0.000000	700.000000	0.000000
8	0.000000	0.000000	0.000000	700.000000	0.000000
9	0.000000	0.000000	0.000000	700.000000	0.000000
10	0.000000	0.000000	0.000000	700.000000	0.000000
11	0.000000	0.000000	0.000000	700.000000	0.000000
12	0.000000	0.000000	0.000000	700.000000	0.000000
13	0.000000	0.000000	0.000000	700.000000	0.000000
14	0.000000	0.000000	0.000000	700.000000	0.000000
15	0.000000	0.000000	0.000000	700.000000	0.000000
16	0.000000	0.000000	0.000000	700.000000	0.000000
17	0.000000	0.000000	0.000000	700.000000	0.000000
18	0.000000	0.000000	0.000000	700.000000	0.000000
19	0.000000	0.000000	0.000000	700.000000	0.000000
20	0.000000	0.000000	0.000000	700.000000	0.000000
21	0.000000	0.000000	0.000000	700.000000	0.000000
22	0.000000	0.000000	0.000000	700.000000	0.000000
23	0.000000	0.000000	0.000000	700.000000	0.000000
24	0.000000	0.000000	0.000000	700.000000	0.000000
25	0.000000	0.000000	0.000000	700.000000	0.000000
26	0.000000	0.000000	0.000000	700.000000	0.000000
27	0.000000	0.000000	0.000000	700.000000	0.000000
28	0.000000	0.000000	0.000000	700.000000	0.000000
29	0.000000	0.000000	0.000000	700.000000	0.000000
30	0.000000	0.000000	0.000000	700.000000	0.000000
31	0.000000	0.000000	0.000000	700.000000	0.000000
32	0.000000	0.000000	0.000000	700.000000	0.000000
33	0.000000	0.000000	0.000000	700.000000	0.000000
34	0.000000	0.000000	0.000000	700.000000	0.000000
35	0.000000	0.000000	0.000000	700.000000	0.000000
36	0.000000	0.000000	0.000000	700.000000	0.000000
37	0.000000	0.000000	0.000000	700.000000	0.000000
38	0.000000	0.000000	0.000000	700.000000	0.000000
39	0.000000	0.000000	0.000000	700.000000	0.000000
40	0.000000	0.000000	0.000000	700.000000	0.000000
41	0.000000	0.000000	0.000000	700.000000	0.000000
42	0.000000	0.000000	0.000000	700.000000	0.000000
43	0.000000	0.000000	0.000000	700.000000	0.000000
44	0.000000	0.000000	0.000000	700.000000	0.000000
45	0.000000	0.000000	0.000000	700.000000	0.000000
46	0.000000	0.000000	0.000000	700.000000	0.000000
47	0.000000	0.000000	0.000000	700.000000	0.000000
48	0.000000	0.000000	0.000000	700.000000	0.000000
49	0.000000	0.000000	0.000000	700.000000	0.000000
50	0.000000	0.000000	259.000000	700.000000	0.000000
51	0.000000	0.000000	259.000000	700.000000	0.000000
52	10.000000	0.000000	259.000000	700.000000	0.000000
53	10.000000	0.000000	259.000000	700.000000	0.000000
54	10.000000	0.000000	259.000000	700.000000	0.000000
55	10.000000	0.000000	259.000000	700.000000	0.000000
56	10.000000	0.000000	259.000000	700.000000	0.000000
57	10.000000	0.000000	259.000000	700.000000	0.000000
58	10.000000	0.000000	259.000000	700.000000	0.000000
59	10.000000	0.000000	259.000000	700.000000	0.000000
60	10.000000	0.000000	259.000000	700.000000	0.000000
61	10.000000	0.000000	260.000000	700.000000	0.000000
62	10.000000	0.000000	260.000000	700.000000	0.000000
63	10.000000	0.000000	259.000000	700.000000	0.000000
64	10.000000	0.000000	259.000000	700.000000	0.000000
65	10.000000	0.000000	259.000000	700.000000	0.000000
66	10.000000	0.000000	260.000000	700.000000	0.000000
67	10.000000	0.000000	259.000000	700.000000	0.000000
68	10.000000	0.000000	259.000000	700.000000	0.000000
69	10.000000	0.000000	259.000000	700.000000	0.000000
70	10.000000	0.000000	259.000000	700.000000	0.000000
71	10.000000	0.000000	259.000000	700.000000	0.000000
72	10.000000	0.000000	259.000000	700.000000	0.000000
73	10.000000	0.000000	259.000000	700.000000	0.000000
74	10.000000	0.000000	259.000000	700.000000	0.000000
75	10.000000	0.000000	259.000000	700.000000	0.000000
76	10.000000	0.000000	259.000000	700.000000	0.000000
77	10.000000	0.000000	259.000000	700.000000	0.000000
78	10.000000	0.000000	259.000000	700.000000	0.000000
79	10.000000	0.000000	259.000000	700.000000	0.000000
80	10.000000	0.000000	259.000000	700.000000	0.000000
81	10.000000	0.000000	259.000000	700.000000	0.000000
82	10.000000	0.000000	259.000000	700.000000	0.000000
83	10.000000	0.000000	259.000000	700.000000	0.000000
84	10.000000	0.000000	259.000000	700.000000	0.000000
85	10.000000	0.000000	259.000000	700.000000	0.000000
86	10.000000	0.000000	259.000000	700.000000	0.000000
87	10.000000	0.000000	259.000000	700.000000	0.000000
88	10.000000	0.000000	259.000000	700.000000	0.000000
89	10.000000	0.000000	259.000000	700.000000	0.000000
90	10.000000	0.000000	259.000000	700.000000	0.000000
91	10.000000	0.000000	259.000000	700.000000	0.000000
92	10.000000	0.000000	259.000000	700.000000	0.000000
93	10.000000	0.000000	259.000000	700.000000	0.000000
94	-10.000000	0.000000	259.000000	700.000000	0.000000
95	-10.000000	0.000000	259.000000	700.000000	0.000000
96	-10.000000	0.000000	259.000000	700.000000	0.000000
97	-10.000000	0.000000	259.000000	700.000000	0.000000
98	-10.000000	0.000000	259.000000	700.000000	0.000000
99	-10.000000	0.000000	259.000000	700.000000	0.000000
100	-10.000000	0.000000	259.000000	700.000000	0.000000
101	-10.000000	0.000000	259.000000	700.000000	0.000000
102	-10.000000	0.000000	259.000000	700.000000	0.000000
103	-10.000000	0.000000	259.000000	700.000000	0.000000
104	-10.000000	0.000000	259.000000	700.000000	0.000000
105	-10.000000	0.000000	259.000000	700.000000	0.000000
106	-10.000000	0.000000	259.000000	700.000000	0.000000
107	-10.000000	0.000000	259.000000	700.000000	0.000000
108	-10.000000	0.000000	259.000000	700.000000	0.000000
109	-10.000000	0.000000	259.000000	700.000000	0.000000
110	-10.000000	0.000000	259.000000	700.000000	0.000000
111	-10.000000	0.000000	259.000000	700.000000	0.000000
112	-10.000000	0.000000	259.000000	700.000000	0.000000
113	-10.000000	0.000000	259.000000	700.000000	0.000000
114	-10.000000	0.000000	259.000000	700.000000	0.000000
115	-10.000000	0.000000	259.000000	700.000000	0.000000
116	-10.000000	0.000000	259.000000	700.000000	0.000000
117	-10.000000	0.000000	259.000000	700.000000	0.000000
118	-10.000000	0.000000	259.000000	700.000000	0.000000
119	-10.000000	0.000000	259.000000	700.000000	0.000000
120	-10.000000	0.000000	259.000000	700.000000	0.000000
121	-10.000000	0.000000	259.000000	700.000000	0.000000
122	-10.000000	0.000000	259.000000	700.000000	0.000000
123	-10.000000	0.000000	259.000000	700.000000	0.000000
124	-10.000000	0.000000	259.000000	700.000000	0.000000
125	-10.000000	0.000000	259.000000	700.000000	0.000000
126	-10.000000	0.000000	259.000000	700.000000	0.000000
127	-10.000000	0.000000	259.000000	700.000000	0.000000
128	-10.000000	0.000000	259.000000	700.000000	0.000000
129	-10.000000	0.000000	259.000000	700.000000	0.000000
130	-10.000000	0.000000	259.000000	700.000000	0.000000
131	-10.000000	0.000000	259.000000	700.000000	0.000000
132	-10.000000	0.000000	260.000000	700.000000	0.000000
133	-10.000000	0.000000	260.000000	700.000000	0.000000
134	-10.000000	0.000000	260.000000	700.000000	0.000000
135	-10.000000	0.000000	260.000000	700.000000	0.000000
136	-10.000000	0.000000	260.000000	700.000000	0.000000
137	-10.000000	0.000000	260.000000	700.000000	0.000000
138	-10.000000	0.000000	260.000000	700.000000	0.000000
139	10.000000	0.000000	260.000000	700.000000	0.000000
140	10.000000	0.000000	260.000000	700.000000	0.000000
141	10.000000	0.000000	260.000000	700.000000	0.000000
142	10.000000	0.000000	260.000000	700.000000	0.000000
143	10.000000	0.000000	260.000000	700.000000	0.000000
144	10.000000	0.000000	260.000000	700.000000	0.000000
145	10.000000	0.000000	260.000000	700.000000	0.000000
146	10.000000	0.000000	260.000000	700.000000	0.000000
147	10.000000	0.000000	260.000000	700.000000	0.000000
148	10.000000	0.000000	259.000000	700.000000	0.000000
149	10.000000	0.000000	259.000000	700.000000	0.000000
150	10.000000	0.000000	259.000000	700.000000	0.000000
151	10.000000	0.000000	259.000000	700.000000	0.000000
152	10.000000	0.000000	259.000000	700.000000	0.000000
153	10.000000	0.000000	259.000000	700.000000	0.000000
154	10.000000	0.000000	260.000000	700.000000	0.000000
155	10.000000	0.000000	260.000000	700.000000	0.000000
156	10.000000	0.000000	260.000000	700.000000	0.000000
157	10.000000	0.000000	260.000000	700.000000	0.000000
158	10.000000	0.000000	260.000000	700.000000	0.000000
159	10.000000	0.000000	259.000000	700.000000	0.000000
160	10.000000	0.000000	260.000000	700.000000	0.000000
161	10.000000	0.000000	260.000000	700.000000	0.000000
162	10.000000	0.000000	260.000000	700.000000	0.000000
163	10.000000	0.000000	260.000000	700.000000	0.000000
164	10.000000	0.000000	260.000000	700.000000	0.000000
165	10.000000	0.000000	260.000000	700.000000	0.000000
166	10.000000	0.000000	259.000000	700.000000	0.000000
167	10.000000	0.000000	260.000000	700.000000	0.000000
168	10.000000	0.000000	260.000000	700.000000	0.000000
169	10.000000	0.000000	260.000000	700.000000	0.000000
170	10.000000	0.000000	260.000000	700.000000	0.000000
171	10.000000	0.000000	260.000000	700.000000	0.000000
172	10.000000	0.000000	259.000000	700.000000	0.000000
173	10.000000	0.000000	260.000000	700.000000	0.000000
174	10.000000	0.000000	259.000000	700.000000	0.000000
175	10.000000	0.000000	259.000000	700.000000	0.000000
176	10.000000	0.000000	259.000000	700.000000	0.000000
177	10.000000	0.000000	259.000000	700.000000	0.000000
178	10.000000	0.000000	260.000000	700.000000	0.000000
179	10.000000	0.000000	260.000000	700.000000	0.000000
180	10.000000	0.000000	259.000000	700.000000	0.000000
181	10.000000	0.000000	259.000000	700.000000	0.000000
182	10.000000	0.000000	260.000000	700.000000	0.000000
183	10.000000	0.000000	260.000000	700.000000	0.000000
184	10.000000	0.000000	260.000000	700.000000	0.000000
185	-10.000000	0.000000	260.000000	700.000000	0.000000
186	-10.000000	0.000000	260.000000	700.000000	0.000000
187	-10.000000	0.000000	260.000000	700.000000	0.000000
188	-10.000000	0.000000	259.000000	700.000000	0.000000
189	-10.000000	0.000000	259.000000	700.000000	0.000000
190	-10.000000	0.000000	259.000000	700.000000	0.000000
191	-10.000000	0.000000	260.000000	700.000000	0.000000
192	-10.000000	0.000000	260.000000	700.000000	0.000000
193	-10.000000	0.000000	260.000000	700.000000	0.000000
194	-10.000000	0.000000	260.000000	700.000000	0.000000
195	-10.000000	0.000000	260.000000	700.000000	0.000000
196	-10.000000	0.000000	260.000000	700.000000	0.000000
197	-10.000000	0.000000	260.000000	700.000000	0.000000
198	-10.000000	0.000000	259.000000	700.000000	0.000000
199	-10.000000	0.000000	259.000000	700.000000	0.000000
200	-10.000000	0.000000	260.000000	700.000000	0.000000
201	-10.000000	0.000000	260.000000	700.000000	0.000000
202	-10.000000	0.000000	260.000000	700.000000	0.000000
203	-10.000000	0.000000	260.000000	700.000000	0.000000
204	-10.000000	0.000000	260.000000	700.000000	0.000000
205	-10.000000	0.000000	259.000000	700.000000	0.000000
206	-10.000000	0.000000	260.000000	700.000000	0.000000
207	-10.000000	0.000000	260.000000	700.000000	0.000000
208	-10.000000	0.000000	260.000000	700.000000	0.000000
209	-10.000000	0.000000	260.000000	700.000000	0.000000
210	-10.000000	0.000000	260.000000	700.000000	0.000000
211	-10.000000	0.000000	260.000000	700.000000	0.000000
212	-10.000000	0.000000	260.000000	700.000000	0.000000
213	-10.000000	0.000000	260.000000	700.000000	0.000000
214	-10.000000	0.000000	260.000000	700.000000	0.000000
215	-10.000000	0.000000	260.000000	700.000000	0.000000
216	-10.000000	0.000000	260.000000	700.000000	0.000000
217	-10.000000	0.000000	260.000000	700.000000	0.000000
218	-10.000000	0.000000	260.000000	700.000000	0.000000
219	-10.000000	0.000000	260.000000	700.000000	0.000000
220	-10.000000	0.000000	260.000000	700.000000	0.000000
221	-10.000000	0.000000	260.000000	700.000000	0.000000
222	-10.000000	0.000000	260.000000	700.000000	0.000000
223	-10.000000	0.000000	260.000000	700.000000	0.000000
224	-10.000000	0.000000	260.000000	700.000000	0.000000
225	-10.000000	0.000000	260.000000	700.000000	0.000000
226	-10.000000	0.000000	260.000000	700.000000	0.000000
227	-10.000000	0.000000	260.000000	700.000000	0.000000
228	-10.000000	0.000000	260.000000	700.000000	0.000000
229	-10.000000	0.000000	260.000000	700.000000	0.000000
230	-10.000000	0.000000	259.000000	700.000000	0.000000
231	10.000000	0.000000	259.000000	700.000000	0.000000
232	10.000000	0.000000	260.000000	700.000000	0.000000
233	10.000000	0.000000	260.000000	700.000000	0.000000
234	10.000000	0.000000	260.000000	700.000000	0.000000
235	10.000000	0.000000	260.000000	700.000000	0.000000
236	10.000000	0.000000	260.000000	700.000000	0.000000
237	10.000000	0.000000	260.000000	700.000000	0.000000
238	10.000000	0.000000	260.000000	700.000000	0.000000
239	10.000000	0.000000	260.000000	700.000000	0.000000
240	10.000000	0.000000	260.000000	700.000000	0.000000
241	10.000000	0.000000	260.000000	700.000000	0.000000
242	10.000000	0.000000	260.000000	700.000000	0.000000
243	10.000000	0.000000	260.000000	700.000000	0.000000
244	10.000000	0.000000	260.000000	700.000000	0.000000
245	10.000000	0.000000	260.000000	700.000000	0.000000
246	10.000000	0.000000	260.000000	700.000000	0.000000
247	10.000000	0.000000	259.000000	700.000000	0.000000
248	10.000000	0.000000	260.000000	700.000000	0.000000
249	10.000000	0.000000	260.000000	700.000000	0.000000
250	10.000000	0.000000	260.000000	700.000000	0.000000
251	10.000000	0.000000	260.000000	700.000000	0.000000
252	10.000000	0.000000	260.000000	700.000000	0.000000
253	10.000000	0.000000	260.000000	700.000000	0.000000
254	10.000000	0.000000	260.000000	700.000000	0.000000
255	10.000000	0.000000	260.000000	700.000000	0.000000
256	10.000000	0.000000	259.000000	700.000000	0.000000
257	10.000000	0.000000	259.000000	700.000000	0.000000
258	10.000000	0.000000	259.000000	700.000000	0.000000
259	10.000000	0.000000	259.000000	700.000000	0.000000
260	10.000000	0.000000	260.000000	700.000000	0.000000
261	10.000000	0.000000	260.000000	700.000000	0.000000
262	10.000000	0.000000	260.000000	700.000000	0.000000
263	10.000000	0.000000	260.000000	700.000000	0.000000
264	10.000000	0.000000	260.000000	700.000000	0.000000
265	10.000000	0.000000	260.000000	700.000000	0.000000
266	10.000000	0.000000	260.000000	700.000000	0.000000
267	10.000000	0.000000	260.000000	700.000000	0.000000
268	10.000000	0.000000	260.000000	700.000000	0.000000
269	10.000000	0.000000	260.000000	700.000000	0.000000
270	10.000000	0.000000	260.000000	700.000000	0.000000
271	10.000000	0.000000	260.000000	700.000000	0.000000
272	10.000000	0.000000	260.000000	700.000000	0.000000
273	10.000000	0.000000	260.000000	700.000000	0.000000
274	10.000000	0.000000	260.000000	700.000000	0.000000
275	10.000000	0.000000	260.000000	700.000000	0.000000
276	10.000000	0.000000	260.000000	700.000000	0.000000
277	-10.000000	0.000000	260.000000	700.000000	0.000000
278	-10.000000	0.000000	260.000000	700.000000	0.000000
279	-10.000000	0.000000	260.000000	700.000000	0.000000
280	-10.000000	0.000000	260.000000	700.000000	0.000000
281	-10.000000	0.000000	260.000000	700.000000	0.000000
282	-10.000000	0.000000	260.000000	700.000000	0.000000
283	-10.000000	0.000000	260.000000	700.000000	0.000000
284	-10.000000	0.000000	260.000000	700.000000	0.000000
285	-10.000000	0.000000	260.000000	700.000000	0.000000
286	-10.000000	0.000000	260.000000	700.000000	0.000000
287	-10.000000	0.000000	260.000000	700.000000	0.000000
288	-10.000000	0.000000	260.000000	700.000000	0.000000
289	-10.000000	0.000000	260.000000	700.000000	0.000000
290	-10.000000	0.000000	260.000000	700.000000	0.000000
291	-10.000000	0.000000	260.000000	700.000000	0.000000
292	-10.000000	0.000000	259.000000	700.000000	0.000000
293	-10.000000	0.000000	259.000000	700.000000	0.000000
294	-10.000000	0.000000	259.000000	700.000000	0.000000
295	-10.000000	0.000000	259.000000	700.000000	0.000000
296	-10.000000	0.000000	259.000000	700.000000	0.000000
297	-10.000000	0.000000	259.000000	700.000000	0.000000
298	-10.000000	0.000000	259.000000	700.000000	0.000000
299	-10.000000	0.000000	259.000000	700.000000	0.000000
300	-10.000000	0.000000	259.000000	700.000000	0.000000
301	-10.000000	0.000000	259.000000	700.000000	0.000000
302	-10.000000	0.000000	259.000000	700.000000	0.000000
303	-10.000000	0.000000	259.000000	700.000000	0.000000
304	-10.000000	0.000000	0.000000	700.000000	0.000000
305	-10.000000	0.000000	0.000000	700.000000	0.000000
306	-10.000000	0.000000	-1.000000	700.000000	0.000000
307	-10.000000	0.000000	-1.000000	700.000000	0.000000
308	-10.000000	0.000000	0.000000	700.000000	0.000000
309	-10.000000	0.000000	0.000000	700.000000	0.000000
310	-10.000000	0.000000	0.000000	700.000000	0.000000
311	-10.000000	0.000000	0.000000	700.000000	0.000000
312	-10.000000	0.000000	-1.000000	700.000000	0.000000
313	-10.000000	0.000000	-1.000000	700.000000	0.000000
314	-10.000000	0.000000	0.000000	700.000000	0.000000
315	-10.000000	0.000000	0.000000	700.000000	0.000000
316	-10.000000	0.000000	0.000000	700.000000	0.000000
317	-10.000000	0.000000	0.000000	700.000000	0.000000
318	-10.000000	0.000000	0.000000	700.000000	0.000000
319	-10.000000	0.000000	0.000000	700.000000	0.000000
320	-10.000000	0.000000	-1.000000	700.000000	0.000000
321	-10.000000	0.000000	-1.000000	700.000000	0.000000
322	10.000000	0.000000	0.000000	700.000000	0.000000
323	10.000000	0.000000	0.000000	700.000000	0.000000
324	10.000000	0.000000	0.000000	700.000000	0.000000
325	10.000000	0.000000	0.000000	700.000000	0.000000
326	10.000000	0.000000	0.000000	700.000000	0.000000
327	10.000000	0.000000	0.000000	700.000000	0.000000
328	10.000000	0.000000	0.000000	700.000000	0.000000
329	10.000000	0.000000	0.000000	700.000000	0.000000
330	10.000000	0.000000	0.000000	700.000000	0.000000
331	10.000000	0.000000	0.000000	700.000000	0.000000
332	10.000000	0.000000	1.000000	700.000000	0.000000
333	10.000000	0.000000	1.000000	700.000000	0.000000
334	10.000000	0.000000	-2.000000	700.000000	0.000000
335	10.000000	0.000000	-2.000000	700.000000	0.000000
336	10.000000	0.000000	3.000000	700.000000	0.000000
337	10.000000	0.000000	3.000000	700.000000	0.000000
338	10.000000	0.000000	1.000000	700.000000	0.000000
339	10.000000	0.000000	1.000000	700.000000	0.000000
340	10.000000	0.000000	5.000000	700.000000	0.000000
341	10.000000	0.000000	5.000000	700.000000	0.000000
342	10.000000	0.000000	3.000000	700.000000	0.000000
343	10.000000	0.000000	3.000000	700.000000	0.000000
344	10.000000	0.000000	2.000000	700.000000	0.000000
345	10.000000	0.000000	2.000000	700.000000	0.000000
346	10.000000	0.000000	3.000000	700.000000	0.000000
347	10.000000	0.000000	3.000000	700.000000	0.000000
348	10.000000	0.000000	-2.000000	700.000000	0.000000
349	10.000000	0.000000	-2.000000	700.000000	0.000000
350	10.000000	0.000000	4.000000	700.000000	0.000000
351	10.000000	0.000000	4.000000	700.000000	0.000000
352	10.000000	0.000000	7.000000	700.000000	0.000000
353	10.000000	0.000000	7.000000	700.000000	0.000000
354	10.000000	0.000000	9.000000	700.000000	0.000000
355	10.000000	0.000000	9.000000	700.000000	0.000000
356	10.000000	0.000000	9.000000	700.000000	0.000000
357	10.000000	0.000000	9.000000	700.000000	0.000000
358	10.000000	0.000000	9.000000	700.000000	0.000000
359	10.000000	0.000000	9.000000	700.000000	0.000000
360	10.000000	0.000000	9.000000	700.000000	0.000000
361	10.000000	0.000000	9.000000	700.000000	0.000000
362	10.000000	0.000000	8.000000	700.000000	0.000000
363	10.000000	0.000000	8.000000	700.000000	0.000000
364	10.000000	0.000000	7.000000	700.000000	0.000000
365	10.000000	0.000000	7.000000	700.000000	0.000000
366	10.000000	0.000000	2.000000	700.000000	0.000000
367	10.000000	0.000000	2.000000	700.000000	0.000000
368	-10.000000	0.000000	6.000000	700.000000	0.000000
369	-10.000000	0.000000	6.000000	700.000000	0.000000
370	-10.000000	0.000000	7.000000	700.000000	0.000000
371	-10.000000	0.000000	7.000000	700.000000	0.000000
372	-10.000000	0.000000	-1.000000	700.000000	0.000000
373	-10.000000	0.000000	-1.000000	700.000000	0.000000
374	-10.000000	0.000000	-5.000000	700.000000	0.000000
375	-10.000000	0.000000	-5.000000	700.000000	0.000000
376	-10.000000	0.000000	-7.000000	700.000000	0.000000
377	-10.000000	0.000000	-7.000000	700.000000	0.000000
378	-10.000000	0.000000	-25.000000	700.000000	0.000000
379	-10.000000	0.000000	-25.000000	700.000000	0.000000
380	-10.000000	0.000000	-32.000000	700.000000	0.000000
381	-10.000000	0.000000	-32.000000	700.000000	0.000000
382	-10.000000	0.000000	-28.000000	700.000000	0.000000
383	-10.000000	0.000000	-28.000000	700.000000	0.000000
384	-10.000000	0.000000	-35.000000	700.000000	0.000000
385	-10.000000	0.000000	-35.000000	700.000000	0.000000
386	-10.000000	0.000000	-38.000000	700.000000	0.000000
387	-10.000000	0.000000	-38.000000	700.000000	0.000000
388	-10.000000	0.000000	-41.000000	700.000000	0.000000
389	-10.000000	0.000000	-41.000000	700.000000	0.000000
390	-10.000000	0.000000	-42.000000	700.000000	0.000000
391	-10.000000	0.000000	-42.000000	700.000000	0.000000
392	-10.000000	0.000000	-42.000000	700.000000	0.000000
393	-10.000000	0.000000	-42.000000	700.000000	0.000000
394	-10.000000	0.000000	-42.000000	700.000000	0.000000
395	-10.000000	0.000000	-42.000000	700.000000	0.000000
396	-10.000000	0.000000	-42.000000	700.000000	0.000000
397	-10.000000	0.000000	-42.000000	700.000000	0.000000
398	-10.000000	0.000000	-22.000000	700.000000	0.000000
399	-10.000000	0.000000	-22.000000	700.000000	0.000000
400	-10.000000	0.000000	-22.000000	700.000000	0.000000
401	-10.000000	0.000000	-22.000000	700.000000	0.000000
402	-10.000000	0.000000	-14.000000	700.000000	0.000000
403	-10.000000	0.000000	-14.000000	700.000000	0.000000
404	-10.000000	0.000000	-24.000000	700.000000	0.000000
405	-10.000000	0.000000	-24.000000	700.000000	0.000000
406	-10.000000	0.000000	-27.000000	700.000000	0.000000
407	-10.000000	0.000000	-27.000000	700.000000	0.000000
408	-10.000000	0.000000	-38.000000	700.000000	0.000000
409	-10.000000	0.000000	-38.000000	700.000000	0.000000
410	-10.000000	0.000000	-41.000000	700.000000	0.000000
411	-10.000000	0.000000	-41.000000	700.000000	0.000000
412	-10.000000	0.000000	-39.000000	700.000000	0.000000
413	-10.000000	0.000000	-39.000000	700.000000	0.000000
414	10.000000	0.000000	-36.000000	700.000000	0.000000
415	10.000000	0.000000	-36.000000	700.000000	0.000000
416	10.000000	0.000000	-21.000000	700.000000	0.000000
417	10.000000	0.000000	-21.000000	700.000000	0.000000
418	10.000000	0.000000	-38.000000	700.000000	0.000000
419	10.000000	0.000000	-38.000000	700.000000	0.000000
420	10.000000	0.000000	-42.000000	700.000000	0.000000
421	10.000000	0.000000	-42.000000	700.000000	0.000000
422	10.000000	0.000000	-40.000000	700.000000	0.000000
423	10.000000	0.000000	-40.000000	700.000000	0.000000
424	10.000000	0.000000	-39.000000	700.000000	0.000000
425	10.000000	0.000000	-39.000000	700.000000	0.000000
426	10.000000	0.000000	-36.000000	700.000000	0.000000
427	10.000000	0.000000	-36.000000	700.000000	0.000000
428	10.000000	0.000000	-32.000000	700.000000	0.000000
429	10.000000	0.000000	-32.000000	700.000000	0.000000
430	10.000000	0.000000	-14.000000	700.000000	0.000000
431	10.000000	0.000000	-14.000000	700.000000	0.000000
432	10.000000	0.000000	-26.000000	700.000000	0.000000
433	10.000000	0.000000	-26.000000	700.000000	0.000000
434	10.000000	0.000000	-25.000000	700.000000	0.000000
435	10.000000	0.000000	-25.000000	700.000000	0.000000
436	10.000000	0.000000	-25.000000	700.000000	0.000000
437	10.000000	0.000000	-24.000000	700.000000	0.000000
438	10.000000	0.000000	-27.000000	700.000000	0.000000
439	10.000000	0.000000	-27.000000	700.000000	0.000000
440	10.000000	0.000000	-27.000000	700.000000	0.000000
441	10.000000	0.000000	-27.000000	700.000000	0.000000
442	10.000000	0.000000	-27.000000	700.000000	0.000000
443	10.000000	0.000000	-27.000000	700.000000	0.000000
444	10.000000	0.000000	-27.000000	700.000000	0.000000
445	10.000000	0.000000	-27.000000	700.000000	0.000000
446	10.000000	0.000000	-27.000000	700.000000	0.000000
447	10.000000	0.000000	-27.000000	700.000000	0.000000
448	10.000000	0.000000	-28.000000	700.000000	0.000000
449	10.000000	0.000000	-28.000000	700.000000	0.000000
450	10.000000	0.000000	-29.000000	700.000000	0.000000
451	10.000000	0.000000	-29.000000	700.000000	0.000000
452	10.000000	0.000000	83.000000	700.000000	0.000000
453	10.000000	0.000000	83.000000	700.000000	0.000000
454	10.000000	0.000000	49.000000	700.000000	0.000000
455	10.000000	0.000000	49.000000	700.000000	0.000000
456	10.000000	0.000000	-26.000000	700.000000	0.000000
457	10.000000	0.000000	-26.000000	700.000000	0.000000
458	10.000000	0.000000	-26.000000	700.000000	0.000000
459	-10.000000	0.000000	-26.000000	700.000000	0.000000
460	-10.000000	0.000000	-26.000000	700.000000	0.000000
461	-10.000000	0.000000	-26.000000	700.000000	0.000000
462	-10.000000	0.000000	-26.000000	700.000000	0.000000
463	-10.000000	0.000000	-26.000000	700.000000	0.000000
464	-10.000000	0.000000	-26.000000	700.000000	0.000000
465	-10.000000	0.000000	-26.000000	700.000000	0.000000
466	-10.000000	0.000000	-26.000000	700.000000	0.000000
467	-10.000000	0.000000	-26.000000	700.000000	0.000000
468	-10.000000	0.000000	-24.000000	700.000000	0.000000
469	-10.000000	0.000000	-24.000000	700.000000	0.000000
470	-10.000000	0.000000	-25.000000	700.000000	0.000000
471	-10.000000	0.000000	-25.000000	700.000000	0.000000
472	-10.000000	0.000000	-25.000000	700.000000	0.000000
473	-10.000000	0.000000	-25.000000	700.000000	0.000000
474	-10.000000	0.000000	-26.000000	700.000000	0.000000
475	-10.000000	0.000000	-26.000000	700.000000	0.000000
476	-10.000000	0.000000	-24.000000	700.000000	0.000000
477	-10.000000	0.000000	-24.000000	700.000000	0.000000
478	-10.000000	0.000000	-23.000000	700.000000	0.000000
479	-10.000000	0.000000	-23.000000	700.000000	0.000000
480	-10.000000	0.000000	-18.000000	700.000000	0.000000
481	-10.000000	0.000000	-18.000000	700.000000	0.000000
482	-10.000000	0.000000	-7.000000	700.000000	0.000000
483	-10.000000	0.000000	-7.000000	700.000000	0.000000
484	-10.000000	0.000000	7.000000	700.000000	0.000000
485	-10.000000	0.000000	7.000000	700.000000	0.000000
486	-10.000000	0.000000	29.000000	700.000000	0.000000
487	-10.000000	0.000000	29.000000	700.000000	0.000000
488	-10.000000	0.000000	52.000000	700.000000	0.000000
489	-10.000000	0.000000	52.000000	700.000000	0.000000
490	-10.000000	0.000000	91.000000	700.000000	0.000000
491	-10.000000	0.000000	91.000000	700.000000	0.000000
492	-10.000000	0.000000	120.000000	700.000000	0.000000
493	-10.000000	0.000000	120.000000	700.000000	0.000000
494	-10.000000	0.000000	176.000000	700.000000	0.000000
495	-10.000000	0.000000	176.000000	700.000000	0.000000
496	-10.000000	0.000000	198.000000	700.000000	0.000000
497	-10.000000	0.000000	198.000000	700.000000	0.000000
498	-10.000000	0.000000	232.000000	700.000000	0.000000
499	-10.000000	0.000000	232.000000	700.000000	0.000000
500	-10.000000	0.000000	271.000000	700.000000	0.000000
501	-10.000000	0.000000	271.000000	700.000000	0.000000
502	-10.000000	0.000000	291.000000	700.000000	0.000000
503	-10.000000	0.000000	291.000000	700.000000	0.000000
504	-10.000000	0.000000	314.000000	700.000000	0.000000
505	-10.000000	0.000000	314.000000	700.000000	0.000000
506	-10.000000	0.000000	334.000000	700.000000	0.000000
507	-10.000000	0.000000	334.000000	700.000000	0.000000
508	-10.000000	0.000000	353.000000	700.000000	0.000000
509	-10.000000	0.000000	353.000000	700.000000	0.000000
510	10.000000	0.000000	388.000000	700.000000	0.000000
511	10.000000	0.000000	388.000000	700.000000	0.000000
512	10.000000	0.000000	341.000000	700.000000	0.000000
513	10.000000	0.000000	341.000000	700.000000	0.000000
514	10.000000	0.000000	301.000000	700.000000	0.000000
515	10.000000	0.000000	301.000000	700.000000	0.000000
516	10.000000	0.000000	264.000000	700.000000	0.000000
517	10.000000	0.000000	264.000000	700.000000	0.000000
518	10.000000	0.000000	260.000000	700.000000	0.000000
519	10.000000	0.000000	260.000000	700.000000	0.000000
520	10.000000	0.000000	282.000000	700.000000	0.000000
521	10.000000	0.000000	282.000000	700.000000	0.000000
522	10.000000	0.000000	296.000000	700.000000	0.000000
523	10.000000	0.000000	296.000000	700.000000	0.000000
524	10.000000	0.000000	321.000000	700.000000	0.000000
525	10.000000	0.000000	321.000000	700.000000	0.000000
526	10.000000	0.000000	326.000000	700.000000	0.000000
527	10.000000	0.000000	326.000000	700.000000	0.000000
528	10.000000	0.000000	363.000000	700.000000	0.000000
529	10.000000	0.000000	363.000000	700.000000	0.000000
530	10.000000	0.000000	419.000000	700.000000	0.000000
531	10.000000	0.000000	419.000000	700.000000	0.000000
532	10.000000	0.000000	426.000000	700.000000	0.000000
533	10.000000	0.000000	426.000000	700.000000	0.000000
534	10.000000	0.000000	389.000000	700.000000	0.000000
535	10.000000	0.000000	389.000000	700.000000	0.000000
536	10.000000	0.000000	406.000000	700.000000	0.000000
537	10.000000	0.000000	406.000000	700.000000	0.000000
538	10.000000	0.000000	420.000000	700.000000	0.000000
539	10.000000	0.000000	420.000000	700.000000	0.000000
540	10.000000	0.000000	397.000000	700.000000	0.000000
541	10.000000	0.000000	397.000000	700.000000	0.000000
542	10.000000	0.000000	421.000000	700.000000	0.000000
543	10.000000	0.000000	421.000000	700.000000	0.000000
544	10.000000	0.000000	355.000000	700.000000	0.000000
545	10.000000	0.000000	355.000000	700.000000	0.000000
546	10.000000	0.000000	315.000000	700.000000	0.000000
547	10.000000	0.000000	315.000000	700.000000	0.000000
548	10.000000	0.000000	265.000000	700.000000	0.000000
549	10.000000	0.000000	265.000000	700.000000	0.000000
550	10.000000	0.000000	291.000000	700.000000	0.000000
551	10.000000	0.000000	291.000000	700.000000	0.000000
552	10.000000	0.000000	186.000000	700.000000	0.000000
553	10.000000	0.000000	186.000000	700.000000	0.000000
554	10.000000	0.000000	122.000000	700.000000	0.000000
555	-10.000000	0.000000	122.000000	700.000000	0.000000
556	-10.000000	0.000000	82.000000	700.000000	0.000000
557	-10.000000	0.000000	82.000000	700.000000	0.000000
558	-10.000000	0.000000	58.000000	700.000000	0.000000
559	-10.000000	0.000000	58.000000	700.000000	0.000000
560	-10.000000	0.000000	18.000000	700.000000	0.000000
561	-10.000000	0.000000	18.000000	700.000000	0.000000
562	-10.000000	0.000000	-22.000000	700.000000	0.000000
563	-10.000000	0.000000	-22.000000	700.000000	0.000000
564	-10.000000	0.000000	-22.000000	700.000000	0.000000
565	-10.000000	0.000000	-22.000000	700.000000	0.000000
566	-10.000000	0.000000	-22.000000	700.000000	0.000000
567	-10.000000	0.000000	-22.000000	700.000000	0.000000
568	-10.000000	0.000000	0.000000	700.000000	0.000000
569	-10.000000	0.000000	0.000000	700.000000	0.000000
570	-10.000000	0.000000	0.000000	700.000000	0.000000
571	-10.000000	0.000000	0.000000	700.000000	0.000000
572	-10.000000	0.000000	0.000000	700.000000	0.000000
573	-10.000000	0.000000	0.000000	700.000000	0.000000
574	-10.000000	0.000000	0.000000	700.000000	0.000000
575	-10.000000	0.000000	0.000000	700.000000	0.000000
576	-10.000000	0.000000	0.000000	700.000000	0.000000
577	-10.000000	0.000000	0.000000	700.000000	0.000000
578	-10.000000	0.000000	0.000000	700.000000	0.000000
579	-10.000000	0.000000	0.000000	700.000000	0.000000
580	-10.000000	0.000000	0.000000	700.000000	0.000000
581	-10.000000	0.000000	0.000000	700.000000	0.000000
582	-10.000000	0.000000	0.000000	700.000000	0.000000
583	-10.000000	0.000000	0.000000	700.000000	0.000000
584	-10.000000	0.000000	0.000000	700.000000	0.000000
585	-10.000000	0.000000	0.000000	700.000000	0.000000
586	-10.000000	0.000000	0.000000	700.000000	0.000000
587	-10.000000	0.000000	0.000000	700.000000	0.000000
588	-10.000000	0.000000	0.000000	700.000000	0.000000
589	-10.000000	0.000000	0.000000	700.000000	0.000000
590	-10.000000	0.000000	0.000000	700.000000	0.000000
591	-10.000000	0.000000	0.000000	700.000000	0.000000
592	-10.000000	0.000000	0.000000	700.000000	0.000000
593	-10.000000	0.000000	0.000000	700.000000	0.000000
594	-10.000000	0.000000	0.000000	700.000000	0.000000
595	-10.000000	0.000000	0.000000	700.000000	0.000000
596	-10.000000	0.000000	0.000000	700.000000	0.000000
597	-10.000000	0.000000	0.000000	700.000000	0.000000
598	-10.000000	0.000000	0.000000	700.000000	0.000000
599	-10.000000	0.000000	0.000000	700.000000	0.000000
600	-10.000000	0.000000	0.000000	700.000000	0.000000
601	-10.000000	0.000000	0.000000	700.000000	0.000000
602	-10.000000	0.000000	0.000000	700.000000	0.000000
603	-10.000000	0.000000	0.000000	700.000000	0.000000
604	10.000000	0.000000	0.000000	700.000000	0.000000
605	10.000000	0.000000	0.000000	700.000000	0.000000
606	10.000000	0.000000	0.000000	700.000000	0.000000
607	10.000000	0.000000	0.000000	700.000000	0.000000
608	10.000000	0.000000	0.000000	700.000000	0.000000
609	10.000000	0.000000	0.000000	700.000000	0.000000
610	10.000000	0.000000	0.000000	700.000000	0.000000
611	10.000000	0.000000	0.000000	700.000000	0.000000
612	10.000000	0.000000	0.000000	700.000000	0.000000
613	10.000000	0.000000	0.000000	700.000000	0.000000
614	10.000000	0.000000	0.000000	700.000000	0.000000
615	10.000000	0.000000	0.000000	700.000000	0.000000
616	10.000000	0.000000	0.000000	700.000000	0.000000
617	10.000000	0.000000	0.000000	700.000000	0.000000
618	10.000000	0.000000	0.000000	700.000000	0.000000
619	10.000000	0.000000	0.000000	700.000000	0.000000
620	10.000000	0.000000	0.000000	700.000000	0.000000
621	10.000000	0.000000	0.000000	700.000000	0.000000
622	10.000000	0.000000	0.000000	700.000000	0.000000
623	10.000000	0.000000	0.000000	700.000000	0.000000
624	10.000000	0.000000	0.000000	700.000000	0.000000
625	10.000000	0.000000	0.000000	700.000000	0.000000
626	10.000000	0.000000	0.000000	700.000000	0.000000
627	10.000000	0.000000	0.000000	700.000000	0.000000
628	10.000000	0.000000	0.000000	700.000000	0.000000
629	10.000000	0.000000	0.000000	700.000000	0.000000
630	10.000000	0.000000	0.000000	700.000000	0.000000
631	10.000000	0.000000	0.000000	700.000000	0.000000
632	10.000000	0.000000	0.000000	700.000000	0.000000
633	10.000000	0.000000	0.000000	700.000000	0.000000
634	10.000000	0.000000	0.000000	700.000000	0.000000
635	10.000000	0.000000	0.000000	700.000000	0.000000
636	10.000000	0.000000	0.000000	700.000000	0.000000
637	10.000000	0.000000	0.000000	700.000000	0.000000
638	10.000000	0.000000	0.000000	700.000000	0.000000
639	10.000000	0.000000	0.000000	700.000000	0.000000
640	10.000000	0.000000	0.000000	700.000000	0.000000
641	10.000000	0.000000	0.000000	700.000000	0.000000
642	10.000000	0.000000	0.000000	700.000000	0.000000
643	10.000000	0.000000	0.000000	700.000000	0.000000
644	10.000000	0.000000	0.000000	700.000000	0.000000
645	10.000000	0.000000	0.000000	700.000000	0.000000
646	10.000000	0.000000	0.000000	700.000000	0.000000
647	10.000000	0.000000	0.000000	700.000000	0.000000
648	10.000000	0.000000	0.000000	700.000000	0.000000
649	-10.000000	0.000000	0.000000	700.000000	0.000000
650	-10.000000	0.000000	0.000000	700.000000	0.000000
651	-10.000000	0.000000	0.000000	700.000000	0.000000
652	-10.000000	0.000000	0.000000	700.000000	0.000000
653	-10.000000	0.000000	0.000000	700.000000	0.000000
654	-10.000000	0.000000	0.000000	700.000000	0.000000
655	-10.000000	0.000000	0.000000	700.000000	0.000000
656	-10.000000	0.000000	0.000000	700.000000	0.000000
657	-10.000000	0.000000	0.000000	700.000000	0.000000
658	-10.000000	0.000000	0.000000	700.000000	0.000000
659	-10.000000	0.000000	0.000000	700.000000	0.000000
660	-10.000000	0.000000	0.000000	700.000000	0.000000
661	-10.000000	0.000000	0.000000	700.000000	0.000000
662	-10.000000	0.000000	0.000000	700.000000	0.000000
663	-10.000000	0.000000	0.000000	700.000000	0.000000
664	-10.000000	0.000000	0.000000	700.000000	0.000000
665	-10.000000	0.000000	0.000000	700.000000	0.000000
666	-10.000000	0.000000	0.000000	700.000000	0.000000
667	-10.000000	0.000000	0.000000	700.000000	0.000000
668	-10.000000	0.000000	0.000000	700.000000	0.000000
669	-10.000000	0.000000	0.000000	700.000000	0.000000
670	-10.000000	0.000000	0.000000	700.000000	0.000000
671	-10.000000	0.000000	0.000000	700.000000	0.000000
672	-10.000000	0.000000	0.000000	700.000000	0.000000
673	-10.000000	0.000000	0.000000	700.000000	0.000000
674	-10.000000	0.000000	0.000000	700.000000	0.000000
675	-10.000000	0.000000	0.000000	700.000000	0.000000
676	-10.000000	0.000000	0.000000	700.000000	0.000000
677	-10.000000	0.000000	0.000000	700.000000	0.000000
678	-10.000000	0.000000	0.000000	700.000000	0.000000
679	-10.000000	0.000000	0.000000	700.000000	0.000000
680	-10.000000	0.000000	0.000000	700.000000	0.000000
681	-10.000000	0.000000	0.000000	700.000000	0.000000
682	-10.000000	0.000000	0.000000	700.000000	0.000000
683	-10.000000	0.000000	0.000000	700.000000	0.000000
684	-10.000000	0.000000	0.000000	700.000000	0.000000
685	-10.000000	0.000000	0.000000	700.000000	0.000000
686	-10.000000	0.000000	0.000000	700.000000	0.000000
687	-10.000000	0.000000	0.000000	700.000000	0.000000
688	-10.000000	0.000000	0.000000	700.000000	0.000000
689	-10.000000	0.000000	0.000000	700.000000	0.000000
690	-10.000000	0.000000	0.000000	700.000000	0.000000
691	-10.000000	0.000000	0.000000	700.000000	0.000000
692	-10.000000	0.000000	0.000000	700.000000	0.000000
693	-10.000000	0.000000	0.000000	700.000000	0.000000
694	-10.000000	0.000000	0.000000	700.000000	0.000000
695	-10.000000	0.000000	0.000000	700.000000	0.000000
696	-10.000000	0.000000	0.000000	700.000000	0.000000
697	-10.000000	0.000000	0.000000	700.000000	0.000000
698	10.000000	0.000000	0.000000	700.000000	0.000000
699	10.000000	0.000000	0.000000	700.000000	0.000000
700	10.000000	0.000000	0.000000	700.000000	0.000000
701	10.000000	0.000000	0.000000	700.000000	0.000000
702	10.000000	0.000000	0.000000	700.000000	0.000000
703	10.000000	0.000000	0.000000	700.000000	0.000000
704	10.000000	0.000000	0.000000	700.000000	0.000000
705	10.000000	0.000000	0.000000	700.000000	0.000000
706	10.000000	0.000000	0.000000	700.000000	0.000000
707	10.000000	0.000000	0.000000	700.000000	0.000000
708	10.000000	0.000000	0.000000	700.000000	0.000000
709	10.000000	0.000000	0.000000	700.000000	0.000000
710	10.000000	0.000000	0.000000	700.000000	0.000000
711	10.000000	0.000000	0.000000	700.000000	0.000000
712	10.000000	0.000000	0.000000	700.000000	0.000000
713	10.000000	0.000000	0.000000	700.000000	0.000000
714	10.000000	0.000000	0.000000	700.000000	0.000000
715	10.000000	0.000000	0.000000	700.000000	0.000000
716	10.000000	0.000000	0.000000	700.000000	0.000000
717	10.000000	0.000000	0.000000	700.000000	0.000000
718	10.000000	0.000000	0.000000	700.000000	0.000000
719	10.000000	0.000000	0.000000	700.000000	0.000000
720	10.000000	0.000000	0.000000	700.000000	0.000000
721	10.000000	0.000000	0.000000	700.000000	0.000000
722	10.000000	0.000000	0.000000	700.000000	0.000000
723	10.000000	0.000000	0.000000	700.000000	0.000000
724	10.000000	0.000000	0.000000	700.000000	0.000000
725	10.000000	0.000000	0.000000	700.000000	0.000000
726	10.000000	0.000000	0.000000	700.000000	0.000000
727	10.000000	0.000000	0.000000	700.000000	0.000000
728	10.000000	0.000000	0.000000	700.000000	0.000000
729	10.000000	0.000000	0.000000	700.000000	0.000000
730	10.000000	0.000000	0.000000	700.000000	0.000000
731	10.000000	0.000000	0.000000	700.000000	0.000000
732	10.000000	0.000000	0.000000	700.000000	0.000000
733	10.000000	0.000000	0.000000	700.000000	0.000000
734	10.000000	0.000000	0.000000	700.000000	0.000000
735	10.000000	0.000000	0.000000	700.000000	0.000000
736	10.000000	0.000000	0.000000	700.000000	0.000000
737	10.000000	0.000000	0.000000	700.000000	0.000000
738	10.000000	0.000000	0.000000	700.000000	0.000000
739	10.000000	0.000000	0.000000	700.000000	0.000000
740	10.000000	0.000000	0.000000	700.000000	0.000000
741	10.000000	0.000000	0.000000	700.000000	0.000000
742	10.000000	0.000000	0.000000	700.000000	0.000000
743	-10.000000	0.000000	0.000000	700.000000	0.000000
744	-10.000000	0.000000	0.000000	700.000000	0.000000
745	-10.000000	0.000000	0.000000	700.000000	0.000000
746	-10.000000	0.000000	0.000000	700.000000	0.000000
747	-10.000000	0.000000	216.000000	700.000000	0.000000
748	-10.000000	0.000000	216.000000	700.000000	0.000000
749	-10.000000	0.000000	249.000000	700.000000	0.000000
750	-10.000000	0.000000	249.000000	700.000000	0.000000
751	-10.000000	0.000000	0.000000	700.000000	0.000000
752	-10.000000	0.000000	0.000000	700.000000	0.000000
753	-10.000000	0.000000	218.000000	700.000000	0.000000
754	-10.000000	0.000000	218.000000	700.000000	0.000000
755	-10.000000	0.000000	218.000000	700.000000	0.000000
756	-10.000000	0.000000	218.000000	700.000000	0.000000
757	-10.000000	0.000000	218.000000	700.000000	0.000000
758	-10.000000	0.000000	218.000000	700.000000	0.000000
759	-10.000000	0.000000	216.000000	700.000000	0.000000
760	-10.000000	0.000000	216.000000	700.000000	0.000000
761	-10.000000	0.000000	216.000000	700.000000	0.000000
762	-10.000000	0.000000	216.000000	700.000000	0.000000
763	-10.000000	0.000000	215.000000	700.000000	0.000000
764	-10.000000	0.000000	215.000000	700.000000	0.000000
765	-10.000000	0.000000	217.000000	700.000000	0.000000
766	-10.000000	0.000000	217.000000	700.000000	0.000000
767	-10.000000	0.000000	216.000000	700.000000	0.000000
768	-10.000000	0.000000	216.000000	700.000000	0.000000
769	-10.000000	0.000000	242.000000	700.000000	0.000000
770	-10.000000	0.000000	242.000000	700.000000	0.000000
771	-10.000000	0.000000	0.000000	700.000000	0.000000
772	-10.000000	0.000000	0.000000	700.000000	0.000000
773	-10.000000	0.000000	0.000000	700.000000	0.000000
774	-10.000000	0.000000	0.000000	700.000000	0.000000
775	-10.000000	0.000000	0.000000	700.000000	0.000000
776	-10.000000	0.000000	0.000000	700.000000	0.000000
777	-10.000000	0.000000	0.000000	700.000000	0.000000
778	-10.000000	0.000000	0.000000	700.000000	0.000000
779	-10.000000	0.000000	0.000000	700.000000	0.000000
780	-10.000000	0.000000	0.000000	700.000000	0.000000
781	-10.000000	0.000000	0.000000	700.000000	0.000000
782	-10.000000	0.000000	0.000000	700.000000	0.000000
783	-10.000000	0.000000	0.000000	700.000000	0.000000
784	-10.000000	0.000000	0.000000	700.000000	0.000000
785	-10.000000	0.000000	0.000000	700.000000	0.000000
786	-10.000000	0.000000	0.000000	700.000000	0.000000
787	-10.000000	0.000000	0.000000	700.000000	0.000000
788	-10.000000	0.000000	0.000000	700.000000	0.000000
789	10.000000	0.000000	235.000000	700.000000	0.000000
790	10.000000	0.000000	235.000000	700.000000	0.000000
791	10.000000	0.000000	239.000000	700.000000	0.000000
792	10.000000	0.000000	239.000000	700.000000	0.000000
793	10.000000	0.000000	0.000000	700.000000	0.000000
794	10.000000	0.000000	0.000000	700.000000	0.000000
795	10.000000	0.000000	242.000000	700.000000	0.000000
796	10.000000	0.000000	242.000000	700.000000	0.000000
797	10.000000	0.000000	252.000000	700.000000	0.000000
798	10.000000	0.000000	252.000000	700.000000	0.000000
799	10.000000	0.000000	239.000000	700.000000	0.000000
800	10.000000	0.000000	239.000000	700.000000	0.000000
801	10.000000	0.000000	243.000000	700.000000	0.000000
802	10.000000	0.000000	243.000000	700.000000	0.000000
803	10.000000	0.000000	244.000000	700.000000	0.000000
804	10.000000	0.000000	244.000000	700.000000	0.000000
805	10.000000	0.000000	242.000000	700.000000	0.000000
806	10.000000	0.000000	242.000000	700.000000	0.000000
807	10.000000	0.000000	240.000000	700.000000	0.000000
808	10.000000	0.000000	240.000000	700.000000	0.000000
809	10.000000	0.000000	241.000000	700.000000	0.000000
810	10.000000	0.000000	241.000000	700.000000	0.000000
811	10.000000	0.000000	239.000000	700.000000	0.000000
812	10.000000	0.000000	239.000000	700.000000	0.000000
813	10.000000	0.000000	242.000000	700.000000	0.000000
814	10.000000	0.000000	242.000000	700.000000	0.000000
815	10.000000	0.000000	238.000000	700.000000	0.000000
816	10.000000	0.000000	238.000000	700.000000	0.000000
817	10.000000	0.000000	239.000000	700.000000	0.000000
818	10.000000	0.000000	239.000000	700.000000	0.000000
819	10.000000	0.000000	239.000000	700.000000	0.000000
820	10.000000	0.000000	239.000000	700.000000	0.000000
821	10.000000	0.000000	238.000000	700.000000	0.000000
822	10.000000	0.000000	238.000000	700.000000	0.000000
823	10.000000	0.000000	239.000000	700.000000	0.000000
824	10.000000	0.000000	239.000000	700.000000	0.000000
825	10.000000	0.000000	236.000000	700.000000	0.000000
826	10.000000	0.000000	236.000000	700.000000	0.000000
827	10.000000	0.000000	239.000000	700.000000	0.000000
828	10.000000	0.000000	239.000000	700.000000	0.000000
829	10.000000	0.000000	236.000000	700.000000	0.000000
830	10.000000	0.000000	236.000000	700.000000	0.000000
831	10.000000	0.000000	239.000000	700.000000	0.000000
832	10.000000	0.000000	239.000000	700.000000	0.000000
833	10.000000	0.000000	237.000000	700.000000	0.000000
834	-10.000000	0.000000	237.000000	700.000000	0.000000
835	-10.000000	0.000000	238.000000	700.000000	0.000000
836	-10.000000	0.000000	238.000000	700.000000	0.000000
837	-10.000000	0.000000	238.000000	700.000000	0.000000
838	-10.000000	0.000000	238.000000	700.000000	0.000000
839	-10.000000	0.000000	238.000000	700.000000	0.000000
840	-10.000000	0.000000	238.000000	700.000000	0.000000
841	-10.000000	0.000000	238.000000	700.000000	0.000000
842	-10.000000	0.000000	238.000000	700.000000	0.000000
843	-10.000000	0.000000	238.000000	700.000000	0.000000
844	-10.000000	0.000000	238.000000	700.000000	0.000000
845	-10.000000	0.000000	238.000000	700.000000	0.000000
846	-10.000000	0.000000	238.000000	700.000000	0.000000
847	-10.000000	0.000000	236.000000	700.000000	0.000000
848	-10.000000	0.000000	236.000000	700.000000	0.000000
849	-10.000000	0.000000	236.000000	700.000000	0.000000
850	-10.000000	0.000000	236.000000	700.000000	0.000000
851	-10.000000	0.000000	237.000000	700.000000	0.000000
852	-10.000000	0.000000	237.000000	700.000000	0.000000
853	-10.000000	0.000000	237.000000	700.000000	0.000000
854	-10.000000	0.000000	237.000000	700.000000	0.000000
855	-10.000000	0.000000	236.000000	700.000000	0.000000
856	-10.000000	0.000000	236.000000	700.000000	0.000000
857	-10.000000	0.000000	236.000000	700.000000	0.000000
858	-10.000000	0.000000	236.000000	700.000000	0.000000
859	-10.000000	0.000000	238.000000	700.000000	0.000000
860	-10.000000	0.000000	238.000000	700.000000	0.000000
861	-10.000000	0.000000	235.000000	700.000000	0.000000
862	-10.000000	0.000000	235.000000	700.000000	0.000000
863	-10.000000	0.000000	236.000000	700.000000	0.000000
864	-10.000000	0.000000	236.000000	700.000000	0.000000
865	-10.000000	0.000000	236.000000	700.000000	0.000000
866	-10.000000	0.000000	236.000000	700.000000	0.000000
867	-10.000000	0.000000	235.000000	700.000000	0.000000
868	-10.000000	0.000000	235.000000	700.000000	0.000000
869	-10.000000	0.000000	236.000000	700.000000	0.000000
870	-10.000000	0.000000	236.000000	700.000000	0.000000
871	-10.000000	0.000000	235.000000	700.000000	0.000000
872	-10.000000	0.000000	235.000000	700.000000	0.000000
873	-10.000000	0.000000	235.000000	700.000000	0.000000
874	-10.000000	0.000000	235.000000	700.000000	0.000000
875	-10.000000	0.000000	235.000000	700.000000	0.000000
876	-10.000000	0.000000	235.000000	700.000000	0.000000
877	-10.000000	0.000000	235.000000	700.000000	0.000000
878	-10.000000	0.000000	235.000000	700.000000	0.000000
879	-10.000000	0.000000	235.000000	700.000000	0.000000
880	10.000000	0.000000	235.000000	700.000000	0.000000
881	10.000000	0.000000	235.000000	700.000000	0.000000
882	10.000000	0.000000	235.000000	700.000000	0.000000
883	10.000000	0.000000	235.000000	700.000000	0.000000
884	10.000000	0.000000	235.000000	700.000000	0.000000
885	10.000000	0.000000	235.000000	700.000000	0.000000
886	10.000000	0.000000	235.000000	700.000000	0.000000
887	10.000000	0.000000	235.000000	700.000000	0.000000
888	10.000000	0.000000	235.000000	700.000000	0.000000
889	10.000000	0.000000	235.000000	700.000000	0.000000
890	10.000000	0.000000	235.000000	700.000000	0.000000
891	10.000000	0.000000	235.000000	700.000000	0.000000
892	10.000000	0.000000	235.000000	700.000000	0.000000
893	10.000000	0.000000	235.000000	700.000000	0.000000
894	10.000000	0.000000	235.000000	700.000000	0.000000
895	10.000000	0.000000	235.000000	700.000000	0.000000
896	10.000000	0.000000	235.000000	700.000000	0.000000
897	10.000000	0.000000	235.000000	700.000000	0.000000
898	10.000000	0.000000	235.000000	700.000000	0.000000
899	10.000000	0.000000	235.000000	700.000000	0.000000
900	10.000000	0.000000	235.000000	700.000000	0.000000
901	10.000000	0.000000	235.000000	700.000000	0.000000
902	10.000000	0.000000	235.000000	700.000000	0.000000
903	10.000000	0.000000	234.000000	700.000000	0.000000
904	10.000000	0.000000	234.000000	700.000000	0.000000
905	10.000000	0.000000	235.000000	700.000000	0.000000
906	10.000000	0.000000	235.000000	700.000000	0.000000
907	10.000000	0.000000	234.000000	700.000000	0.000000
908	10.000000	0.000000	234.000000	700.000000	0.000000
909	10.000000	0.000000	234.000000	700.000000	0.000000
910	10.000000	0.000000	234.000000	700.000000	0.000000
911	10.000000	0.000000	234.000000	700.000000	0.000000
912	10.000000	0.000000	234.000000	700.000000	0.000000
913	10.000000	0.000000	234.000000	700.000000	0.000000
914	10.000000	0.000000	234.000000	700.000000	0.000000
915	10.000000	0.000000	234.000000	700.000000	0.000000
916	10.000000	0.000000	234.000000	700.000000	0.000000
917	10.000000	0.000000	234.000000	700.000000	0.000000
918	10.000000	0.000000	234.000000	700.000000	0.000000
919	10.000000	0.000000	234.000000	700.000000	0.000000
920	10.000000	0.000000	234.000000	700.000000	0.000000
921	10.000000	0.000000	234.000000	700.000000	0.000000
922	10.000000	0.000000	234.000000	700.000000	0.000000
923	10.000000	0.000000	234.000000	700.000000	0.000000
924	10.000000	0.000000	234.000000	700.000000	0.000000
925	-10.000000	0.000000	234.000000	700.000000	0.000000
926	-10.000000	0.000000	234.000000	700.000000	0.000000
927	-10.000000	0.000000	234.000000	700.000000	0.000000
928	-10.000000	0.000000	234.000000	700.000000	0.000000
929	-10.000000	0.000000	234.000000	700.000000	0.000000
930	-10.000000	0.000000	234.000000	700.000000	0.000000
931	-10.000000	0.000000	234.000000	700.000000	0.000000
932	-10.000000	0.000000	234.000000	700.000000	0.000000
933	-10.000000	0.000000	234.000000	700.000000	0.000000
934	-10.000000	0.000000	234.000000	700.000000	0.000000
935	-10.000000	0.000000	234.000000	700.000000	0.000000
936	-10.000000	0.000000	234.000000	700.000000	0.000000
937	-10.000000	0.000000	234.000000	700.000000	0.000000
938	-10.000000	0.000000	234.000000	700.000000	0.000000
939	-10.000000	0.000000	234.000000	700.000000	0.000000
940	-10.000000	0.000000	234.000000	700.000000	0.000000
941	-10.000000	0.000000	234.000000	700.000000	0.000000
942	-10.000000	0.000000	234.000000	700.000000	0.000000
943	-10.000000	0.000000	234.000000	700.000000	0.000000
944	-10.000000	0.000000	234.000000	700.000000	0.000000
945	-10.000000	0.000000	234.000000	700.000000	0.000000
946	-10.000000	0.000000	234.000000	700.000000	0.000000
947	-10.000000	0.000000	234.000000	700.000000	0.000000
948	-10.000000	0.000000	234.000000	700.000000	0.000000
949	-10.000000	0.000000	233.000000	700.000000	0.000000
950	-10.000000	0.000000	233.000000	700.000000	0.000000
951	-10.000000	0.000000	233.000000	700.000000	0.000000
952	-10.000000	0.000000	233.000000	700.000000	0.000000
953	-10.000000	0.000000	233.000000	700.000000	0.000000
954	-10.000000	0.000000	233.000000	700.000000	0.000000
955	-10.000000	0.000000	233.000000	700.000000	0.000000
956	-10.000000	0.000000	233.000000	700.000000	0.000000
957	-10.000000	0.000000	233.000000	700.000000	0.000000
958	-10.000000	0.000000	234.000000	700.000000	0.000000
959	-10.000000	0.000000	233.000000	700.000000	0.000000
960	-10.000000	0.000000	233.000000	700.000000	0.000000
961	-10.000000	0.000000	233.000000	700.000000	0.000000
962	-10.000000	0.000000	233.000000	700.000000	0.000000
963	-10.000000	0.000000	233.000000	700.000000	0.000000
964	-10.000000	0.000000	233.000000	700.000000	0.000000
965	-10.000000	0.000000	233.000000	700.000000	0.000000
966	-10.000000	0.000000	233.000000	700.000000	0.000000
967	-10.000000	0.000000	233.000000	700.000000	0.000000
968	-10.000000	0.000000	233.000000	700.000000	0.000000
969	-10.000000	0.000000	233.000000	700.000000	0.000000
970	-10.000000	0.000000	233.000000	700.000000	0.000000
971	10.000000	0.000000	233.000000	700.000000	0.000000
972	10.000000	0.000000	233.000000	700.000000	0.000000
973	10.000000	0.000000	233.000000	700.000000	0.000000
974	10.000000	0.000000	233.000000	700.000000	0.000000
975	10.000000	0.000000	233.000000	700.000000	0.000000
976	10.000000	0.000000	233.000000	700.000000	0.000000
977	10.000000	0.000000	233.000000	700.000000	0.000000
978	10.000000	0.000000	233.000000	700.000000	0.000000
979	10.000000	0.000000	233.000000	700.000000	0.000000
980	10.000000	0.000000	233.000000	700.000000	0.000000
981	10.000000	0.000000	233.000000	700.000000	0.000000
982	10.000000	0.000000	233.000000	700.000000	0.000000
983	10.000000	0.000000	233.000000	700.000000	0.000000
984	10.000000	0.000000	233.000000	700.000000	0.000000
985	10.000000	0.000000	233.000000	700.000000	0.000000
986	10.000000	0.000000	233.000000	700.000000	0.000000
987	10.000000	0.000000	233.000000	700.000000	0.000000
988	10.000000	0.000000	233.000000	700.000000	0.000000
989	10.000000	0.000000	233.000000	700.000000	0.000000
990	10.000000	0.000000	233.000000	700.000000	0.000000
991	10.000000	0.000000	233.000000	700.000000	0.000000
992	10.000000	0.000000	233.000000	700.000000	0.000000
993	10.000000	0.000000	233.000000	700.000000	0.000000
994	10.000000	0.000000	233.000000	700.000000	0.000000
995	10.000000	0.000000	233.000000	700.000000	0.000000
996	10.000000	0.000000	233.000000	700.000000	0.000000
997	10.000000	0.000000	233.000000	700.000000	0.000000
998	10.000000	0.000000	233.000000	700.000000	0.000000
999	10.000000	0.000000	233.000000	700.000000	0.000000
1000	10.000000	0.000000	233.000000	700.000000	0.000000
1001	10.000000	0.000000	232.000000	700.000000	0.000000
1002	10.000000	0.000000	232.000000	700.000000	0.000000
1003	10.000000	0.000000	232.000000	700.000000	0.000000
1004	10.000000	0.000000	232.000000	700.000000	0.000000
1005	10.000000	0.000000	232.000000	700.000000	0.000000
1006	10.000000	0.000000	232.000000	700.000000	0.000000
1007	10.000000	0.000000	232.000000	700.000000	0.000000
1008	10.000000	0.000000	232.000000	700.000000	0.000000
1009	10.000000	0.000000	232.000000	700.000000	0.000000
1010	10.000000	0.000000	232.000000	700.000000	0.000000
1011	10.000000	0.000000	232.000000	700.000000	0.000000
1012	10.000000	0.000000	232.000000	700.000000	0.000000
1013	10.000000	0.000000	232.000000	700.000000	0.000000
1014	10.000000	0.000000	232.000000	700.000000	0.000000
1015	10.000000	0.000000	232.000000	700.000000	0.000000
1016	-10.000000	0.000000	232.000000	700.000000	0.000000
1017	-10.000000	0.000000	232.000000	700.000000	0.000000
1018	-10.000000	0.000000	232.000000	700.000000	0.000000
1019	-10.000000	0.000000	232.000000	700.000000	0.000000
1020	-10.000000	0.000000	232.000000	700.000000	0.000000
1021	-10.000000	0.000000	232.000000	700.000000	0.000000
1022	-10.000000	0.000000	232.000000	700.000000	0.000000
1023	-10.000000	0.000000	232.000000	700.000000	0.000000
1024	-10.000000	0.000000	232.000000	700.000000	0.000000
1025	-10.000000	0.000000	232.000000	700.000000	0.000000
1026	-10.000000	0.000000	232.000000	700.000000	0.000000
1027	-10.000000	0.000000	232.000000	700.000000	0.000000
1028	-10.000000	0.000000	232.000000	700.000000	0.000000
1029	-10.000000	0.000000	232.000000	700.000000	0.000000
1030	-10.000000	0.000000	232.000000	700.000000	0.000000
1031	-10.000000	0.000000	232.000000	700.000000	0.000000
1032	-10.000000	0.000000	232.000000	700.000000	0.000000
1033	-10.000000	0.000000	232.000000	700.000000	0.000000
1034	-10.000000	0.000000	232.000000	700.000000	0.000000
1035	-10.000000	0.000000	232.000000	700.000000	0.000000
1036	-10.000000	0.000000	232.000000	700.000000	0.000000
1037	-10.000000	0.000000	232.000000	700.000000	0.000000
1038	-10.000000	0.000000	232.000000	700.000000	0.000000
1039	-10.000000	0.000000	232.000000	700.000000	0.000000
1040	-10.000000	0.000000	232.000000	700.000000	0.000000
1041	-10.000000	0.000000	232.000000	700.000000	0.000000
1042	-10.000000	0.000000	232.000000	700.000000	0.000000
1043	-10.000000	0.000000	232.000000	700.000000	0.000000
1044	-10.000000	0.000000	232.000000	700.000000	0.000000
1045	-10.000000	0.000000	232.000000	700.000000	0.000000
1046	-10.000000	0.000000	232.000000	700.000000	0.000000
1047	-10.000000	0.000000	232.000000	700.000000	0.000000
1048	-10.000000	0.000000	232.000000	700.000000	0.000000
1049	-10.000000	0.000000	232.000000	700.000000	0.000000
1050	-10.000000	0.000000	232.000000	700.000000	0.000000
1051	-10.000000	0.000000	232.000000	700.000000	0.000000
1052	-10.000000	0.000000	232.000000	700.000000	0.000000
1053	-10.000000	0.000000	232.000000	700.000000	0.000000
1054	-10.000000	0.000000	232.000000	700.000000	0.000000
1055	-10.000000	0.000000	232.000000	700.000000	0.000000
1056	-10.000000	0.000000	232.000000	700.000000	0.000000
1057	-10.000000	0.000000	232.000000	700.000000	0.000000
1058	-10.000000	0.000000	232.000000	700.000000	0.000000
1059	-10.000000	0.000000	232.000000	700.000000	0.000000
