#	Proyecto: Control de un Quadrotor por VA
#	Datos para la gráfica en GNUplot.

#	Error X	    	Error Y	 	Altura		Alt. Ref	Yaw
0	0.000000	0.000000	0.000000	800.000000	0.000000
1	0.000000	0.000000	0.000000	800.000000	0.000000
2	0.000000	0.000000	0.000000	800.000000	0.000000
3	0.000000	0.000000	0.000000	800.000000	0.000000
4	0.000000	0.000000	0.000000	800.000000	0.000000
5	0.000000	0.000000	0.000000	800.000000	0.000000
6	0.000000	0.000000	0.000000	800.000000	0.000000
7	0.000000	0.000000	0.000000	800.000000	0.000000
8	0.000000	0.000000	0.000000	800.000000	0.000000
9	0.000000	0.000000	0.000000	800.000000	0.000000
10	0.000000	0.000000	0.000000	800.000000	0.000000
11	0.000000	0.000000	0.000000	800.000000	0.000000
12	0.000000	0.000000	0.000000	800.000000	0.000000
13	0.000000	0.000000	0.000000	800.000000	0.000000
14	0.000000	0.000000	0.000000	800.000000	0.000000
15	0.000000	0.000000	0.000000	800.000000	0.000000
16	0.000000	0.000000	0.000000	800.000000	0.000000
17	0.000000	0.000000	0.000000	800.000000	0.000000
18	0.000000	0.000000	0.000000	800.000000	0.000000
19	0.000000	0.000000	0.000000	800.000000	0.000000
20	0.000000	0.000000	0.000000	800.000000	0.000000
21	0.000000	0.000000	0.000000	800.000000	0.000000
22	0.000000	0.000000	0.000000	800.000000	0.000000
23	0.000000	0.000000	0.000000	800.000000	0.000000
24	0.000000	0.000000	0.000000	800.000000	0.000000
25	0.000000	0.000000	0.000000	800.000000	0.000000
26	0.000000	0.000000	0.000000	800.000000	0.000000
27	0.000000	0.000000	0.000000	800.000000	0.000000
28	0.000000	0.000000	0.000000	800.000000	0.000000
29	0.000000	0.000000	0.000000	800.000000	0.000000
30	0.000000	0.000000	0.000000	800.000000	0.000000
31	0.000000	0.000000	0.000000	800.000000	0.000000
32	0.000000	0.000000	0.000000	800.000000	0.000000
33	0.000000	0.000000	0.000000	800.000000	0.000000
34	0.000000	0.000000	0.000000	800.000000	0.000000
35	0.000000	0.000000	0.000000	800.000000	0.000000
36	0.000000	0.000000	0.000000	800.000000	0.000000
37	0.000000	0.000000	0.000000	800.000000	0.000000
38	0.000000	0.000000	0.000000	800.000000	0.000000
39	0.000000	0.000000	0.000000	800.000000	0.000000
40	0.000000	0.000000	0.000000	800.000000	0.000000
41	0.000000	0.000000	0.000000	800.000000	0.000000
42	0.000000	0.000000	0.000000	800.000000	0.000000
43	0.000000	0.000000	0.000000	800.000000	0.000000
44	0.000000	0.000000	0.000000	800.000000	0.000000
45	0.000000	0.000000	0.000000	800.000000	0.000000
46	0.000000	0.000000	0.000000	800.000000	0.000000
47	0.000000	0.000000	0.000000	800.000000	0.000000
48	0.000000	0.000000	0.000000	800.000000	0.000000
49	0.000000	0.000000	0.000000	800.000000	0.000000
50	0.000000	0.000000	217.000000	800.000000	0.000000
51	0.000000	0.000000	217.000000	800.000000	0.000000
52	0.000000	0.000000	217.000000	800.000000	0.000000
53	0.000000	0.000000	217.000000	800.000000	0.000000
54	0.000000	0.000000	217.000000	800.000000	0.000000
55	0.000000	0.000000	217.000000	800.000000	0.000000
56	0.000000	0.000000	217.000000	800.000000	0.000000
57	0.000000	0.000000	217.000000	800.000000	0.000000
58	0.000000	0.000000	217.000000	800.000000	0.000000
59	0.000000	0.000000	217.000000	800.000000	0.000000
60	0.000000	0.000000	217.000000	800.000000	0.000000
61	0.000000	0.000000	217.000000	800.000000	0.000000
62	0.000000	0.000000	217.000000	800.000000	0.000000
63	0.000000	0.000000	217.000000	800.000000	0.000000
64	0.000000	0.000000	217.000000	800.000000	0.000000
65	0.000000	0.000000	217.000000	800.000000	0.000000
66	0.000000	0.000000	217.000000	800.000000	0.000000
67	0.000000	0.000000	217.000000	800.000000	0.000000
68	0.000000	0.000000	217.000000	800.000000	0.000000
69	0.000000	0.000000	217.000000	800.000000	0.000000
70	0.000000	0.000000	217.000000	800.000000	0.000000
71	0.000000	0.000000	217.000000	800.000000	0.000000
72	0.000000	0.000000	217.000000	800.000000	0.000000
73	0.000000	0.000000	217.000000	800.000000	0.000000
74	0.000000	0.000000	217.000000	800.000000	0.000000
75	0.000000	0.000000	217.000000	800.000000	0.000000
76	0.000000	0.000000	217.000000	800.000000	0.000000
77	0.000000	0.000000	217.000000	800.000000	0.000000
78	0.000000	0.000000	217.000000	800.000000	0.000000
79	0.000000	0.000000	217.000000	800.000000	0.000000
80	0.000000	0.000000	217.000000	800.000000	0.000000
81	0.000000	0.000000	217.000000	800.000000	0.000000
82	0.000000	0.000000	217.000000	800.000000	0.000000
83	0.000000	0.000000	217.000000	800.000000	0.000000
84	0.000000	0.000000	217.000000	800.000000	0.000000
85	0.000000	0.000000	217.000000	800.000000	0.000000
86	0.000000	0.000000	217.000000	800.000000	0.000000
87	0.000000	0.000000	217.000000	800.000000	0.000000
88	0.000000	0.000000	217.000000	800.000000	0.000000
89	0.000000	0.000000	217.000000	800.000000	0.000000
90	0.000000	0.000000	217.000000	800.000000	0.000000
91	0.000000	0.000000	217.000000	800.000000	0.000000
92	0.000000	0.000000	217.000000	800.000000	0.000000
93	0.000000	0.000000	217.000000	800.000000	0.000000
94	0.000000	0.000000	217.000000	800.000000	0.000000
95	0.000000	0.000000	217.000000	800.000000	0.000000
96	0.000000	0.000000	217.000000	800.000000	0.000000
97	0.000000	0.000000	217.000000	800.000000	0.000000
98	0.000000	0.000000	217.000000	800.000000	0.000000
99	0.000000	0.000000	217.000000	800.000000	0.000000
100	0.000000	0.000000	217.000000	800.000000	0.000000
101	0.000000	0.000000	217.000000	800.000000	0.000000
102	0.000000	0.000000	217.000000	800.000000	0.000000
103	0.000000	0.000000	217.000000	800.000000	0.000000
104	0.000000	0.000000	217.000000	800.000000	0.000000
105	0.000000	0.000000	217.000000	800.000000	0.000000
106	0.000000	0.000000	217.000000	800.000000	0.000000
107	0.000000	0.000000	217.000000	800.000000	0.000000
108	0.000000	0.000000	217.000000	800.000000	0.000000
109	0.000000	0.000000	217.000000	800.000000	0.000000
110	0.000000	0.000000	217.000000	800.000000	0.000000
111	0.000000	0.000000	217.000000	800.000000	0.000000
112	0.000000	0.000000	217.000000	800.000000	0.000000
113	0.000000	0.000000	217.000000	800.000000	0.000000
114	0.000000	0.000000	217.000000	800.000000	0.000000
115	0.000000	0.000000	217.000000	800.000000	0.000000
116	0.000000	0.000000	217.000000	800.000000	0.000000
117	0.000000	0.000000	217.000000	800.000000	0.000000
118	0.000000	0.000000	217.000000	800.000000	0.000000
119	0.000000	0.000000	217.000000	800.000000	0.000000
120	0.000000	0.000000	217.000000	800.000000	0.000000
121	0.000000	0.000000	217.000000	800.000000	0.000000
122	0.000000	0.000000	217.000000	800.000000	0.000000
123	0.000000	0.000000	217.000000	800.000000	0.000000
124	0.000000	0.000000	217.000000	800.000000	0.000000
125	0.000000	0.000000	217.000000	800.000000	0.000000
126	0.000000	0.000000	217.000000	800.000000	0.000000
127	0.000000	0.000000	217.000000	800.000000	0.000000
128	0.000000	0.000000	217.000000	800.000000	0.000000
129	0.000000	0.000000	217.000000	800.000000	0.000000
130	0.000000	0.000000	217.000000	800.000000	0.000000
131	0.000000	0.000000	217.000000	800.000000	0.000000
132	0.000000	0.000000	217.000000	800.000000	0.000000
133	0.000000	0.000000	217.000000	800.000000	0.000000
134	0.000000	0.000000	217.000000	800.000000	0.000000
135	0.000000	0.000000	217.000000	800.000000	0.000000
136	0.000000	0.000000	217.000000	800.000000	0.000000
137	0.000000	0.000000	217.000000	800.000000	0.000000
138	0.000000	0.000000	217.000000	800.000000	0.000000
139	0.000000	0.000000	217.000000	800.000000	0.000000
140	0.000000	0.000000	217.000000	800.000000	0.000000
141	0.000000	0.000000	217.000000	800.000000	0.000000
142	0.000000	0.000000	217.000000	800.000000	0.000000
143	0.000000	0.000000	217.000000	800.000000	0.000000
144	0.000000	0.000000	217.000000	800.000000	0.000000
145	0.000000	0.000000	217.000000	800.000000	0.000000
146	0.000000	0.000000	217.000000	800.000000	0.000000
147	0.000000	0.000000	217.000000	800.000000	0.000000
148	0.000000	0.000000	217.000000	800.000000	0.000000
149	0.000000	0.000000	217.000000	800.000000	0.000000
150	0.000000	0.000000	217.000000	800.000000	0.000000
151	0.000000	0.000000	217.000000	800.000000	0.000000
152	0.000000	0.000000	217.000000	800.000000	0.000000
153	0.000000	0.000000	217.000000	800.000000	0.000000
154	0.000000	0.000000	217.000000	800.000000	0.000000
155	0.000000	0.000000	0.000000	800.000000	0.000000
156	0.000000	0.000000	0.000000	800.000000	0.000000
157	0.000000	0.000000	0.000000	800.000000	0.000000
158	0.000000	0.000000	0.000000	800.000000	0.000000
159	0.000000	0.000000	0.000000	800.000000	0.000000
160	0.000000	0.000000	0.000000	800.000000	0.000000
161	0.000000	0.000000	0.000000	800.000000	0.000000
162	0.000000	0.000000	0.000000	800.000000	0.000000
163	0.000000	0.000000	0.000000	800.000000	0.000000
164	0.000000	0.000000	0.000000	800.000000	0.000000
165	0.000000	0.000000	0.000000	800.000000	0.000000
166	0.000000	0.000000	0.000000	800.000000	0.000000
167	0.000000	0.000000	0.000000	800.000000	0.000000
168	0.000000	0.000000	0.000000	800.000000	0.000000
169	0.000000	0.000000	0.000000	800.000000	0.000000
170	0.000000	0.000000	0.000000	800.000000	0.000000
171	0.000000	0.000000	0.000000	800.000000	0.000000
172	0.000000	0.000000	0.000000	800.000000	0.000000
173	0.000000	0.000000	0.000000	800.000000	0.000000
174	0.000000	0.000000	0.000000	800.000000	0.000000
175	0.000000	0.000000	0.000000	800.000000	0.000000
176	0.000000	0.000000	0.000000	800.000000	0.000000
177	0.000000	0.000000	0.000000	800.000000	0.000000
178	0.000000	0.000000	0.000000	800.000000	0.000000
179	0.000000	0.000000	0.000000	800.000000	0.000000
180	0.000000	0.000000	0.000000	800.000000	0.000000
181	0.000000	0.000000	1.000000	800.000000	0.000000
182	0.000000	0.000000	1.000000	800.000000	0.000000
183	0.000000	0.000000	1.000000	800.000000	0.000000
184	0.000000	0.000000	1.000000	800.000000	0.000000
185	0.000000	0.000000	0.000000	800.000000	0.000000
186	0.000000	0.000000	0.000000	800.000000	0.000000
187	0.000000	0.000000	0.000000	800.000000	0.000000
188	0.000000	0.000000	0.000000	800.000000	0.000000
189	0.000000	0.000000	0.000000	800.000000	0.000000
190	0.000000	0.000000	0.000000	800.000000	0.000000
191	0.000000	0.000000	0.000000	800.000000	0.000000
192	0.000000	0.000000	0.000000	800.000000	0.000000
193	0.000000	0.000000	0.000000	800.000000	0.000000
194	0.000000	0.000000	0.000000	800.000000	0.000000
195	0.000000	0.000000	0.000000	800.000000	0.000000
196	0.000000	0.000000	0.000000	800.000000	0.000000
197	0.000000	0.000000	0.000000	800.000000	0.000000
198	0.000000	0.000000	0.000000	800.000000	0.000000
199	0.000000	0.000000	0.000000	800.000000	0.000000
200	0.000000	0.000000	0.000000	800.000000	0.000000
201	0.000000	0.000000	0.000000	800.000000	0.000000
202	0.000000	0.000000	0.000000	800.000000	0.000000
203	0.000000	0.000000	0.000000	800.000000	0.000000
204	0.000000	0.000000	0.000000	800.000000	0.000000
205	0.000000	0.000000	0.000000	800.000000	0.000000
206	0.000000	0.000000	0.000000	800.000000	0.000000
207	0.000000	0.000000	0.000000	800.000000	0.000000
208	0.000000	0.000000	0.000000	800.000000	0.000000
209	0.000000	0.000000	0.000000	800.000000	0.000000
210	0.000000	0.000000	0.000000	800.000000	0.000000
211	0.000000	0.000000	0.000000	800.000000	0.000000
212	0.000000	0.000000	0.000000	800.000000	0.000000
213	0.000000	0.000000	0.000000	800.000000	0.000000
214	0.000000	0.000000	0.000000	800.000000	0.000000
215	0.000000	0.000000	0.000000	800.000000	0.000000
216	0.000000	0.000000	0.000000	800.000000	0.000000
217	0.000000	0.000000	0.000000	800.000000	0.000000
218	0.000000	0.000000	0.000000	800.000000	0.000000
219	0.000000	0.000000	0.000000	800.000000	0.000000
220	0.000000	0.000000	0.000000	800.000000	0.000000
221	0.000000	0.000000	0.000000	800.000000	0.000000
222	0.000000	0.000000	0.000000	800.000000	0.000000
223	0.000000	0.000000	0.000000	800.000000	0.000000
224	0.000000	0.000000	0.000000	800.000000	0.000000
225	0.000000	0.000000	0.000000	800.000000	0.000000
226	0.000000	0.000000	1.000000	800.000000	0.000000
227	0.000000	0.000000	1.000000	800.000000	0.000000
228	0.000000	0.000000	1.000000	800.000000	0.000000
229	0.000000	0.000000	1.000000	800.000000	0.000000
230	0.000000	0.000000	0.000000	800.000000	0.000000
231	0.000000	0.000000	0.000000	800.000000	0.000000
232	0.000000	0.000000	1.000000	800.000000	0.000000
233	0.000000	0.000000	1.000000	800.000000	0.000000
234	0.000000	0.000000	1.000000	800.000000	0.000000
235	0.000000	0.000000	1.000000	800.000000	0.000000
236	0.000000	0.000000	0.000000	800.000000	0.000000
237	0.000000	0.000000	0.000000	800.000000	0.000000
238	0.000000	0.000000	0.000000	800.000000	0.000000
239	0.000000	0.000000	0.000000	800.000000	0.000000
240	0.000000	0.000000	0.000000	800.000000	0.000000
241	0.000000	0.000000	0.000000	800.000000	0.000000
242	0.000000	0.000000	0.000000	800.000000	0.000000
243	0.000000	0.000000	0.000000	800.000000	0.000000
244	0.000000	0.000000	0.000000	800.000000	0.000000
245	0.000000	0.000000	0.000000	800.000000	0.000000
246	0.000000	0.000000	0.000000	800.000000	0.000000
247	0.000000	0.000000	0.000000	800.000000	0.000000
248	0.000000	0.000000	0.000000	800.000000	0.000000
249	0.000000	0.000000	0.000000	800.000000	0.000000
250	0.000000	0.000000	0.000000	800.000000	0.000000
251	0.000000	0.000000	0.000000	800.000000	0.000000
252	0.000000	0.000000	-1.000000	800.000000	0.000000
253	0.000000	0.000000	-1.000000	800.000000	0.000000
254	0.000000	0.000000	0.000000	800.000000	0.000000
255	0.000000	0.000000	0.000000	800.000000	0.000000
256	0.000000	0.000000	0.000000	800.000000	0.000000
257	0.000000	0.000000	0.000000	800.000000	0.000000
258	0.000000	0.000000	0.000000	800.000000	0.000000
259	0.000000	0.000000	0.000000	800.000000	0.000000
260	0.000000	0.000000	0.000000	800.000000	0.000000
261	0.000000	0.000000	0.000000	800.000000	0.000000
262	0.000000	0.000000	0.000000	800.000000	0.000000
263	0.000000	0.000000	0.000000	800.000000	0.000000
264	0.000000	0.000000	0.000000	800.000000	0.000000
265	0.000000	0.000000	0.000000	800.000000	0.000000
266	0.000000	0.000000	0.000000	800.000000	0.000000
267	0.000000	0.000000	0.000000	800.000000	0.000000
268	0.000000	0.000000	0.000000	800.000000	0.000000
269	0.000000	0.000000	0.000000	800.000000	0.000000
270	0.000000	0.000000	-1.000000	800.000000	0.000000
271	0.000000	0.000000	-1.000000	800.000000	0.000000
272	0.000000	0.000000	-1.000000	800.000000	0.000000
273	0.000000	0.000000	0.000000	800.000000	0.000000
274	0.000000	0.000000	0.000000	800.000000	0.000000
275	0.000000	0.000000	0.000000	800.000000	0.000000
276	0.000000	0.000000	-1.000000	800.000000	0.000000
277	0.000000	0.000000	-1.000000	800.000000	0.000000
278	0.000000	0.000000	0.000000	800.000000	0.000000
279	0.000000	0.000000	0.000000	800.000000	0.000000
280	0.000000	0.000000	0.000000	800.000000	0.000000
281	0.000000	0.000000	0.000000	800.000000	0.000000
282	0.000000	0.000000	4.000000	800.000000	0.000000
283	0.000000	0.000000	4.000000	800.000000	0.000000
284	0.000000	0.000000	1.000000	800.000000	0.000000
285	0.000000	0.000000	1.000000	800.000000	0.000000
286	0.000000	0.000000	1.000000	800.000000	0.000000
287	0.000000	0.000000	1.000000	800.000000	0.000000
288	0.000000	0.000000	1.000000	800.000000	0.000000
289	0.000000	0.000000	1.000000	800.000000	0.000000
290	0.000000	0.000000	1.000000	800.000000	0.000000
291	0.000000	0.000000	1.000000	800.000000	0.000000
292	0.000000	0.000000	2.000000	800.000000	0.000000
293	0.000000	0.000000	2.000000	800.000000	0.000000
294	0.000000	0.000000	2.000000	800.000000	0.000000
295	0.000000	0.000000	2.000000	800.000000	0.000000
296	0.000000	0.000000	1.000000	800.000000	0.000000
297	0.000000	0.000000	1.000000	800.000000	0.000000
298	0.000000	0.000000	0.000000	800.000000	0.000000
299	0.000000	0.000000	0.000000	800.000000	0.000000
300	0.000000	0.000000	0.000000	800.000000	0.000000
301	0.000000	0.000000	0.000000	800.000000	0.000000
302	0.000000	0.000000	2.000000	800.000000	0.000000
303	0.000000	0.000000	2.000000	800.000000	0.000000
304	0.000000	0.000000	0.000000	800.000000	0.000000
305	0.000000	0.000000	0.000000	800.000000	0.000000
306	0.000000	0.000000	1.000000	800.000000	0.000000
307	0.000000	0.000000	1.000000	800.000000	0.000000
308	0.000000	0.000000	0.000000	800.000000	0.000000
309	0.000000	0.000000	0.000000	800.000000	0.000000
310	0.000000	0.000000	3.000000	800.000000	0.000000
311	0.000000	0.000000	3.000000	800.000000	0.000000
312	0.000000	0.000000	2.000000	800.000000	0.000000
313	0.000000	0.000000	2.000000	800.000000	0.000000
314	0.000000	0.000000	0.000000	800.000000	0.000000
315	0.000000	0.000000	0.000000	800.000000	0.000000
316	0.000000	0.000000	0.000000	800.000000	0.000000
317	0.000000	0.000000	0.000000	800.000000	0.000000
318	0.000000	0.000000	1.000000	800.000000	0.000000
319	0.000000	0.000000	1.000000	800.000000	0.000000
320	0.000000	0.000000	2.000000	800.000000	0.000000
321	0.000000	0.000000	2.000000	800.000000	0.000000
322	0.000000	0.000000	1.000000	800.000000	0.000000
323	0.000000	0.000000	1.000000	800.000000	0.000000
324	0.000000	0.000000	1.000000	800.000000	0.000000
325	0.000000	0.000000	1.000000	800.000000	0.000000
326	0.000000	0.000000	1.000000	800.000000	0.000000
327	0.000000	0.000000	1.000000	800.000000	0.000000
328	0.000000	0.000000	0.000000	800.000000	0.000000
329	0.000000	0.000000	0.000000	800.000000	0.000000
330	0.000000	0.000000	1.000000	800.000000	0.000000
331	0.000000	0.000000	1.000000	800.000000	0.000000
332	0.000000	0.000000	1.000000	800.000000	0.000000
333	0.000000	0.000000	1.000000	800.000000	0.000000
334	0.000000	0.000000	1.000000	800.000000	0.000000
335	0.000000	0.000000	1.000000	800.000000	0.000000
336	0.000000	0.000000	0.000000	800.000000	0.000000
337	0.000000	0.000000	0.000000	800.000000	0.000000
338	0.000000	0.000000	1.000000	800.000000	0.000000
339	0.000000	0.000000	1.000000	800.000000	0.000000
340	-1.000000	-1.000000	0.000000	800.000000	90.000000
341	-1.000000	-1.000000	0.000000	800.000000	90.000000
342	-1.000000	-1.000000	0.000000	800.000000	-90.000000
343	-1.000000	-1.000000	1.000000	800.000000	-90.000000
344	-1.000000	-1.000000	0.000000	800.000000	-90.000000
345	-1.000000	-1.000000	0.000000	800.000000	-90.000000
346	-1.000000	-1.000000	2.000000	800.000000	-90.000000
347	-1.000000	-1.000000	2.000000	800.000000	-90.000000
348	-1.000000	-1.000000	3.000000	800.000000	-90.000000
349	-1.000000	-1.000000	3.000000	800.000000	-90.000000
350	-1.000000	-1.000000	10.000000	800.000000	-90.000000
351	-1.000000	-1.000000	10.000000	800.000000	-90.000000
352	-1.000000	-1.000000	24.000000	800.000000	-90.000000
353	-1.000000	-1.000000	24.000000	800.000000	-90.000000
354	-1.000000	-1.000000	29.000000	800.000000	-90.000000
355	-1.000000	-1.000000	29.000000	800.000000	-90.000000
356	-1.000000	-1.000000	47.000000	800.000000	-90.000000
357	-1.000000	-1.000000	47.000000	800.000000	-90.000000
358	-1.000000	-1.000000	57.000000	800.000000	-90.000000
359	-1.000000	-1.000000	57.000000	800.000000	-90.000000
360	-1.000000	-1.000000	111.000000	800.000000	-90.000000
361	-1.000000	-1.000000	111.000000	800.000000	-90.000000
362	-1.000000	-1.000000	108.000000	800.000000	-90.000000
363	-1.000000	-1.000000	108.000000	800.000000	-90.000000
364	-1.000000	-1.000000	121.000000	800.000000	-90.000000
365	-1.000000	-1.000000	121.000000	800.000000	-90.000000
366	-1.000000	-1.000000	145.000000	800.000000	-90.000000
367	-1.000000	-1.000000	145.000000	800.000000	-90.000000
368	-1.000000	-1.000000	175.000000	800.000000	-90.000000
369	-1.000000	-1.000000	175.000000	800.000000	-90.000000
370	-1.000000	-1.000000	170.000000	800.000000	-90.000000
371	-1.000000	-1.000000	170.000000	800.000000	-90.000000
372	-1.000000	-1.000000	183.000000	800.000000	-90.000000
373	-1.000000	-1.000000	183.000000	800.000000	-90.000000
374	-1.000000	-1.000000	200.000000	800.000000	-90.000000
375	-1.000000	-1.000000	200.000000	800.000000	-90.000000
376	-1.000000	-1.000000	205.000000	800.000000	-90.000000
377	-1.000000	-1.000000	205.000000	800.000000	-90.000000
378	-1.000000	-1.000000	222.000000	800.000000	-90.000000
379	-1.000000	-1.000000	222.000000	800.000000	-90.000000
380	-1.000000	-1.000000	242.000000	800.000000	-90.000000
381	-1.000000	-1.000000	242.000000	800.000000	-90.000000
382	-1.000000	-1.000000	245.000000	800.000000	-90.000000
383	-1.000000	-1.000000	245.000000	800.000000	-90.000000
384	-1.000000	-1.000000	244.000000	800.000000	-90.000000
385	-1.000000	-1.000000	244.000000	800.000000	-90.000000
386	-1.000000	-1.000000	249.000000	800.000000	-90.000000
387	-1.000000	-1.000000	249.000000	800.000000	-90.000000
388	-1.000000	-1.000000	253.000000	800.000000	-90.000000
389	-1.000000	-1.000000	253.000000	800.000000	-90.000000
390	-1.000000	-1.000000	258.000000	800.000000	-90.000000
391	-1.000000	-1.000000	258.000000	800.000000	-90.000000
392	-1.000000	-1.000000	267.000000	800.000000	-90.000000
393	-1.000000	-1.000000	267.000000	800.000000	-90.000000
394	-1.000000	-1.000000	262.000000	800.000000	-90.000000
395	-1.000000	-1.000000	262.000000	800.000000	-90.000000
396	-1.000000	-1.000000	263.000000	800.000000	-90.000000
397	-1.000000	-1.000000	263.000000	800.000000	-90.000000
398	-1.000000	-1.000000	266.000000	800.000000	-90.000000
399	-1.000000	-1.000000	266.000000	800.000000	-90.000000
400	-1.000000	-1.000000	265.000000	800.000000	-90.000000
401	-1.000000	-1.000000	265.000000	800.000000	-90.000000
402	-1.000000	-1.000000	262.000000	800.000000	-90.000000
403	-1.000000	-1.000000	262.000000	800.000000	-90.000000
404	-1.000000	-1.000000	260.000000	800.000000	-90.000000
405	-1.000000	-1.000000	260.000000	800.000000	-90.000000
406	-1.000000	-1.000000	259.000000	800.000000	-90.000000
407	-1.000000	-1.000000	259.000000	800.000000	-90.000000
408	-1.000000	-1.000000	256.000000	800.000000	-90.000000
409	-1.000000	-1.000000	256.000000	800.000000	-90.000000
410	-1.000000	-1.000000	256.000000	800.000000	-90.000000
411	-1.000000	-1.000000	256.000000	800.000000	-90.000000
412	-1.000000	-1.000000	252.000000	800.000000	-90.000000
413	-1.000000	-1.000000	252.000000	800.000000	-90.000000
414	-1.000000	-1.000000	251.000000	800.000000	-90.000000
415	-1.000000	-1.000000	251.000000	800.000000	-90.000000
416	-1.000000	-1.000000	247.000000	800.000000	-90.000000
417	-1.000000	-1.000000	247.000000	800.000000	-90.000000
418	-1.000000	-1.000000	252.000000	800.000000	-90.000000
419	-1.000000	-1.000000	252.000000	800.000000	-90.000000
420	-1.000000	-1.000000	246.000000	800.000000	-90.000000
421	-1.000000	-1.000000	246.000000	800.000000	-90.000000
422	-1.000000	-1.000000	248.000000	800.000000	-90.000000
423	-1.000000	-1.000000	248.000000	800.000000	-90.000000
424	-1.000000	-1.000000	254.000000	800.000000	-90.000000
425	-1.000000	-1.000000	254.000000	800.000000	-90.000000
426	-1.000000	-1.000000	296.000000	800.000000	-90.000000
427	-1.000000	-1.000000	296.000000	800.000000	-90.000000
428	-1.000000	-1.000000	244.000000	800.000000	-90.000000
429	-1.000000	-1.000000	244.000000	800.000000	-90.000000
430	-1.000000	-1.000000	233.000000	800.000000	-90.000000
431	-1.000000	-1.000000	233.000000	800.000000	-90.000000
432	-1.000000	-1.000000	230.000000	800.000000	-90.000000
433	-1.000000	-1.000000	230.000000	800.000000	-90.000000
434	-1.000000	-1.000000	232.000000	800.000000	-90.000000
435	-1.000000	-1.000000	232.000000	800.000000	-90.000000
436	-1.000000	-1.000000	251.000000	800.000000	-90.000000
437	-1.000000	-1.000000	251.000000	800.000000	-90.000000
438	-1.000000	-1.000000	214.000000	800.000000	-90.000000
439	-1.000000	-1.000000	214.000000	800.000000	-90.000000
440	-1.000000	-1.000000	208.000000	800.000000	-90.000000
441	-1.000000	-1.000000	208.000000	800.000000	-90.000000
442	-1.000000	-1.000000	206.000000	800.000000	-90.000000
443	-1.000000	-1.000000	206.000000	800.000000	-90.000000
444	-1.000000	-1.000000	223.000000	800.000000	-90.000000
445	-1.000000	-1.000000	223.000000	800.000000	-90.000000
446	-1.000000	-1.000000	214.000000	800.000000	-90.000000
447	-1.000000	-1.000000	214.000000	800.000000	-90.000000
448	-1.000000	-1.000000	207.000000	800.000000	-90.000000
449	-1.000000	-1.000000	207.000000	800.000000	-90.000000
450	-1.000000	-1.000000	211.000000	800.000000	-90.000000
451	-1.000000	-1.000000	211.000000	800.000000	-90.000000
452	-1.000000	-1.000000	236.000000	800.000000	-90.000000
453	-1.000000	-1.000000	236.000000	800.000000	-90.000000
454	-1.000000	-1.000000	236.000000	800.000000	-90.000000
455	-1.000000	-1.000000	216.000000	800.000000	-90.000000
456	-1.000000	-1.000000	216.000000	800.000000	-90.000000
457	-1.000000	-1.000000	225.000000	800.000000	-90.000000
458	-1.000000	-1.000000	244.000000	800.000000	-90.000000
459	-1.000000	-1.000000	244.000000	800.000000	-90.000000
460	-1.000000	-1.000000	264.000000	800.000000	-90.000000
461	-1.000000	-1.000000	264.000000	800.000000	-90.000000
462	-1.000000	-1.000000	233.000000	800.000000	-90.000000
463	-1.000000	-1.000000	233.000000	800.000000	-90.000000
464	-1.000000	-1.000000	248.000000	800.000000	-90.000000
465	-1.000000	-1.000000	248.000000	800.000000	-90.000000
466	-1.000000	-1.000000	248.000000	800.000000	-90.000000
467	-1.000000	-1.000000	243.000000	800.000000	-90.000000
468	-1.000000	-1.000000	230.000000	800.000000	-90.000000
469	-1.000000	-1.000000	230.000000	800.000000	-90.000000
470	-68.000000	29.000000	252.000000	800.000000	-6.340191
471	-68.000000	29.000000	252.000000	800.000000	-6.340191
472	-68.000000	29.000000	252.000000	800.000000	-6.340191
473	-68.000000	28.000000	243.000000	800.000000	-4.398703
474	-68.000000	28.000000	243.000000	800.000000	-4.398703
475	-68.000000	28.000000	244.000000	800.000000	-4.398703
476	-67.000000	26.000000	248.000000	800.000000	-4.085614
477	-67.000000	26.000000	248.000000	800.000000	-4.085614
478	-67.000000	26.000000	277.000000	800.000000	-4.085614
479	-67.000000	26.000000	277.000000	800.000000	-4.085614
480	-67.000000	26.000000	262.000000	800.000000	-4.085614
481	-67.000000	26.000000	262.000000	800.000000	-4.085614
482	-67.000000	26.000000	262.000000	800.000000	-4.085614
483	-67.000000	26.000000	238.000000	800.000000	-4.085614
484	-67.000000	26.000000	234.000000	800.000000	-4.085614
485	-67.000000	26.000000	234.000000	800.000000	-4.085614
486	-67.000000	26.000000	233.000000	800.000000	-4.085614
487	-67.000000	26.000000	233.000000	800.000000	-4.085614
488	-67.000000	26.000000	233.000000	800.000000	-4.085614
489	-67.000000	26.000000	263.000000	800.000000	-4.085614
490	-67.000000	26.000000	229.000000	800.000000	-4.085614
491	-67.000000	26.000000	229.000000	800.000000	-4.085614
492	-67.000000	26.000000	248.000000	800.000000	-4.085614
493	-67.000000	26.000000	248.000000	800.000000	-4.085614
494	-67.000000	26.000000	249.000000	800.000000	-4.085614
495	-67.000000	26.000000	249.000000	800.000000	-4.085614
496	-67.000000	26.000000	247.000000	800.000000	-4.085614
497	-67.000000	26.000000	247.000000	800.000000	-4.085614
498	-67.000000	26.000000	247.000000	800.000000	-4.085614
499	-67.000000	26.000000	242.000000	800.000000	-4.085614
500	-67.000000	26.000000	236.000000	800.000000	-4.085614
501	-67.000000	26.000000	236.000000	800.000000	-4.085614
502	-67.000000	26.000000	235.000000	800.000000	-4.085614
503	-67.000000	26.000000	235.000000	800.000000	-4.085614
504	-67.000000	26.000000	240.000000	800.000000	-4.085614
505	-67.000000	26.000000	240.000000	800.000000	-4.085614
506	-67.000000	26.000000	247.000000	800.000000	-4.085614
507	-67.000000	26.000000	247.000000	800.000000	-4.085614
508	-67.000000	26.000000	253.000000	800.000000	-4.085614
509	-67.000000	26.000000	253.000000	800.000000	-4.085614
510	-67.000000	26.000000	246.000000	800.000000	-4.085614
511	-67.000000	26.000000	246.000000	800.000000	-4.085614
512	-67.000000	26.000000	249.000000	800.000000	-4.085614
513	-67.000000	26.000000	251.000000	800.000000	-4.085614
514	-67.000000	26.000000	251.000000	800.000000	-4.085614
515	-67.000000	26.000000	251.000000	800.000000	-4.085614
516	-67.000000	26.000000	271.000000	800.000000	-4.085614
517	-67.000000	26.000000	271.000000	800.000000	-4.085614
518	-67.000000	26.000000	264.000000	800.000000	-4.085614
519	-67.000000	26.000000	264.000000	800.000000	-4.085614
520	-67.000000	26.000000	264.000000	800.000000	-4.085614
521	-67.000000	26.000000	260.000000	800.000000	-4.085614
522	-67.000000	26.000000	260.000000	800.000000	-4.085614
523	-67.000000	26.000000	259.000000	800.000000	-4.085614
524	-67.000000	26.000000	259.000000	800.000000	-4.085614
525	-67.000000	26.000000	260.000000	800.000000	-4.085614
526	-67.000000	26.000000	260.000000	800.000000	-4.085614
527	-67.000000	26.000000	260.000000	800.000000	-4.085614
528	-67.000000	26.000000	258.000000	800.000000	-4.085614
529	-67.000000	26.000000	264.000000	800.000000	-4.085614
530	-67.000000	26.000000	264.000000	800.000000	-4.085614
531	-67.000000	26.000000	264.000000	800.000000	-4.085614
532	-67.000000	26.000000	268.000000	800.000000	-4.085614
533	-67.000000	26.000000	268.000000	800.000000	-4.085614
534	-67.000000	26.000000	254.000000	800.000000	-4.085614
535	-67.000000	26.000000	254.000000	800.000000	-4.085614
536	-67.000000	26.000000	253.000000	800.000000	-4.085614
537	-67.000000	26.000000	272.000000	800.000000	-4.085614
538	-67.000000	26.000000	272.000000	800.000000	-4.085614
539	-67.000000	26.000000	255.000000	800.000000	-4.085614
540	-67.000000	26.000000	255.000000	800.000000	-4.085614
541	-67.000000	26.000000	261.000000	800.000000	-4.085614
542	-67.000000	26.000000	261.000000	800.000000	-4.085614
543	-67.000000	26.000000	261.000000	800.000000	-4.085614
544	-67.000000	26.000000	243.000000	800.000000	-4.085614
545	-67.000000	26.000000	259.000000	800.000000	-4.085614
546	-67.000000	26.000000	259.000000	800.000000	-4.085614
547	-67.000000	26.000000	241.000000	800.000000	-4.085614
548	-67.000000	26.000000	241.000000	800.000000	-4.085614
549	-67.000000	26.000000	241.000000	800.000000	-4.085614
550	-67.000000	26.000000	239.000000	800.000000	-4.085614
551	-67.000000	26.000000	239.000000	800.000000	-4.085614
552	-67.000000	26.000000	273.000000	800.000000	-4.085614
553	-67.000000	26.000000	273.000000	800.000000	-4.085614
554	-67.000000	26.000000	230.000000	800.000000	-4.085614
555	-67.000000	26.000000	230.000000	800.000000	-4.085614
556	-67.000000	26.000000	230.000000	800.000000	-4.085614
557	-67.000000	26.000000	230.000000	800.000000	-4.085614
558	-67.000000	26.000000	222.000000	800.000000	-4.085614
559	-67.000000	26.000000	233.000000	800.000000	-4.085614
560	-67.000000	26.000000	233.000000	800.000000	-4.085614
561	-67.000000	26.000000	233.000000	800.000000	-4.085614
562	-67.000000	26.000000	233.000000	800.000000	-4.085614
563	-67.000000	26.000000	232.000000	800.000000	-4.085614
564	-67.000000	26.000000	232.000000	800.000000	-4.085614
565	-67.000000	26.000000	227.000000	800.000000	-4.085614
566	-67.000000	26.000000	220.000000	800.000000	-4.085614
567	-67.000000	26.000000	220.000000	800.000000	-4.085614
568	-67.000000	26.000000	220.000000	800.000000	-4.085614
569	-67.000000	26.000000	216.000000	800.000000	-4.085614
570	-67.000000	26.000000	216.000000	800.000000	-4.085614
571	-67.000000	26.000000	216.000000	800.000000	-4.085614
572	-67.000000	26.000000	213.000000	800.000000	-4.085614
573	-67.000000	26.000000	213.000000	800.000000	-4.085614
574	-67.000000	26.000000	209.000000	800.000000	-4.085614
575	-67.000000	26.000000	211.000000	800.000000	-4.085614
576	-67.000000	26.000000	211.000000	800.000000	-4.085614
577	-67.000000	26.000000	221.000000	800.000000	-4.085614
578	-67.000000	26.000000	221.000000	800.000000	-4.085614
579	-67.000000	26.000000	246.000000	800.000000	-4.085614
580	-67.000000	26.000000	246.000000	800.000000	-4.085614
581	-67.000000	26.000000	246.000000	800.000000	-4.085614
582	-67.000000	26.000000	228.000000	800.000000	-4.085614
583	-67.000000	26.000000	228.000000	800.000000	-4.085614
584	-67.000000	26.000000	211.000000	800.000000	-4.085614
585	-67.000000	26.000000	210.000000	800.000000	-4.085614
586	-67.000000	26.000000	210.000000	800.000000	-4.085614
587	-67.000000	26.000000	210.000000	800.000000	-4.085614
588	-67.000000	26.000000	208.000000	800.000000	-4.085614
589	-67.000000	26.000000	208.000000	800.000000	-4.085614
590	-67.000000	26.000000	213.000000	800.000000	-4.085614
591	-67.000000	26.000000	213.000000	800.000000	-4.085614
592	-67.000000	26.000000	213.000000	800.000000	-4.085614
593	-67.000000	26.000000	244.000000	800.000000	-4.085614
594	-67.000000	26.000000	244.000000	800.000000	-4.085614
595	-67.000000	26.000000	244.000000	800.000000	-4.085614
596	-67.000000	26.000000	249.000000	800.000000	-4.085614
597	-67.000000	26.000000	249.000000	800.000000	-4.085614
598	-67.000000	26.000000	260.000000	800.000000	-4.085614
599	-67.000000	26.000000	214.000000	800.000000	-4.085614
600	-67.000000	26.000000	214.000000	800.000000	-4.085614
601	-67.000000	26.000000	263.000000	800.000000	-4.085614
602	-67.000000	26.000000	263.000000	800.000000	-4.085614
603	-67.000000	26.000000	223.000000	800.000000	-4.085614
604	-67.000000	26.000000	223.000000	800.000000	-4.085614
605	-67.000000	26.000000	210.000000	800.000000	-4.085614
606	-67.000000	26.000000	210.000000	800.000000	-4.085614
607	-67.000000	26.000000	210.000000	800.000000	-4.085614
608	-67.000000	26.000000	238.000000	800.000000	-4.085614
609	-67.000000	26.000000	210.000000	800.000000	-4.085614
610	-67.000000	26.000000	210.000000	800.000000	-4.085614
611	-67.000000	26.000000	210.000000	800.000000	-4.085614
612	-67.000000	26.000000	203.000000	800.000000	-4.085614
613	-67.000000	26.000000	203.000000	800.000000	-4.085614
614	-67.000000	26.000000	254.000000	800.000000	-4.085614
615	-67.000000	26.000000	254.000000	800.000000	-4.085614
616	-67.000000	26.000000	271.000000	800.000000	-4.085614
617	-67.000000	26.000000	179.000000	800.000000	-4.085614
618	-67.000000	26.000000	179.000000	800.000000	-4.085614
619	-67.000000	26.000000	175.000000	800.000000	-4.085614
620	-67.000000	26.000000	175.000000	800.000000	-4.085614
621	-67.000000	26.000000	175.000000	800.000000	-4.085614
622	-67.000000	26.000000	175.000000	800.000000	-4.085614
623	-67.000000	26.000000	152.000000	800.000000	-4.085614
624	-67.000000	26.000000	152.000000	800.000000	-4.085614
625	-67.000000	26.000000	151.000000	800.000000	-4.085614
626	-67.000000	26.000000	151.000000	800.000000	-4.085614
627	-67.000000	26.000000	147.000000	800.000000	-4.085614
628	-67.000000	26.000000	147.000000	800.000000	-4.085614
629	-67.000000	26.000000	147.000000	800.000000	-4.085614
630	-67.000000	26.000000	154.000000	800.000000	-4.085614
631	-67.000000	26.000000	154.000000	800.000000	-4.085614
632	-67.000000	26.000000	141.000000	800.000000	-4.085614
633	-67.000000	26.000000	139.000000	800.000000	-4.085614
634	-67.000000	26.000000	139.000000	800.000000	-4.085614
635	-67.000000	26.000000	139.000000	800.000000	-4.085614
636	-67.000000	26.000000	139.000000	800.000000	-4.085614
637	-67.000000	26.000000	135.000000	800.000000	-4.085614
638	-67.000000	26.000000	137.000000	800.000000	-4.085614
639	-67.000000	26.000000	137.000000	800.000000	-4.085614
640	-67.000000	26.000000	137.000000	800.000000	-4.085614
641	-67.000000	26.000000	146.000000	800.000000	-4.085614
642	-67.000000	26.000000	146.000000	800.000000	-4.085614
643	-67.000000	26.000000	151.000000	800.000000	-4.085614
644	-67.000000	26.000000	151.000000	800.000000	-4.085614
645	-67.000000	26.000000	148.000000	800.000000	-4.085614
646	-67.000000	26.000000	148.000000	800.000000	-4.085614
647	-67.000000	26.000000	155.000000	800.000000	-4.085614
648	-67.000000	26.000000	155.000000	800.000000	-4.085614
649	-67.000000	26.000000	157.000000	800.000000	-4.085614
650	-67.000000	26.000000	157.000000	800.000000	-4.085614
651	-67.000000	26.000000	167.000000	800.000000	-4.085614
652	-67.000000	26.000000	167.000000	800.000000	-4.085614
653	-67.000000	26.000000	167.000000	800.000000	-4.085614
654	-67.000000	26.000000	160.000000	800.000000	-4.085614
655	-67.000000	26.000000	160.000000	800.000000	-4.085614
656	-67.000000	26.000000	160.000000	800.000000	-4.085614
657	-67.000000	26.000000	160.000000	800.000000	-4.085614
658	-67.000000	26.000000	161.000000	800.000000	-4.085614
659	-67.000000	26.000000	161.000000	800.000000	-4.085614
660	-67.000000	26.000000	160.000000	800.000000	-4.085614
661	-67.000000	26.000000	160.000000	800.000000	-4.085614
662	-67.000000	26.000000	151.000000	800.000000	-4.085614
663	-67.000000	26.000000	151.000000	800.000000	-4.085614
664	-67.000000	26.000000	150.000000	800.000000	-4.085614
665	-67.000000	26.000000	150.000000	800.000000	-4.085614
666	-67.000000	26.000000	146.000000	800.000000	-4.085614
667	-67.000000	26.000000	146.000000	800.000000	-4.085614
668	-67.000000	26.000000	146.000000	800.000000	-4.085614
669	-67.000000	26.000000	168.000000	800.000000	-4.085614
670	-67.000000	26.000000	168.000000	800.000000	-4.085614
671	-67.000000	26.000000	168.000000	800.000000	-4.085614
672	-67.000000	26.000000	144.000000	800.000000	-4.085614
673	-67.000000	26.000000	157.000000	800.000000	-4.085614
674	-67.000000	26.000000	157.000000	800.000000	-4.085614
675	-67.000000	26.000000	145.000000	800.000000	-4.085614
676	-67.000000	26.000000	145.000000	800.000000	-4.085614
677	-67.000000	26.000000	125.000000	800.000000	-4.085614
678	-67.000000	26.000000	125.000000	800.000000	-4.085614
679	-67.000000	26.000000	121.000000	800.000000	-4.085614
680	-67.000000	26.000000	121.000000	800.000000	-4.085614
681	-67.000000	26.000000	113.000000	800.000000	-4.085614
682	-67.000000	26.000000	113.000000	800.000000	-4.085614
683	-67.000000	26.000000	113.000000	800.000000	-4.085614
684	-67.000000	26.000000	108.000000	800.000000	-4.085614
685	-67.000000	26.000000	108.000000	800.000000	-4.085614
686	-67.000000	26.000000	103.000000	800.000000	-4.085614
687	-67.000000	26.000000	140.000000	800.000000	-4.085614
688	-67.000000	26.000000	140.000000	800.000000	-4.085614
689	-67.000000	26.000000	98.000000	800.000000	-4.085614
690	-67.000000	26.000000	98.000000	800.000000	-4.085614
691	-67.000000	26.000000	98.000000	800.000000	-4.085614
692	-67.000000	26.000000	103.000000	800.000000	-4.085614
693	-67.000000	26.000000	94.000000	800.000000	-4.085614
694	-67.000000	26.000000	94.000000	800.000000	-4.085614
695	-67.000000	26.000000	83.000000	800.000000	-4.085614
696	-67.000000	26.000000	83.000000	800.000000	-4.085614
697	-67.000000	26.000000	71.000000	800.000000	-4.085614
698	-67.000000	26.000000	71.000000	800.000000	-4.085614
699	-67.000000	26.000000	71.000000	800.000000	-4.085614
700	-67.000000	26.000000	77.000000	800.000000	-4.085614
701	-67.000000	26.000000	69.000000	800.000000	-4.085614
702	-67.000000	26.000000	69.000000	800.000000	-4.085614
703	-67.000000	26.000000	60.000000	800.000000	-4.085614
704	-67.000000	26.000000	60.000000	800.000000	-4.085614
705	-67.000000	26.000000	68.000000	800.000000	-4.085614
706	-67.000000	26.000000	68.000000	800.000000	-4.085614
707	-67.000000	26.000000	62.000000	800.000000	-4.085614
708	-67.000000	26.000000	62.000000	800.000000	-4.085614
709	-67.000000	26.000000	59.000000	800.000000	-4.085614
710	-67.000000	26.000000	59.000000	800.000000	-4.085614
711	-67.000000	26.000000	62.000000	800.000000	-4.085614
712	-67.000000	26.000000	62.000000	800.000000	-4.085614
713	-67.000000	26.000000	57.000000	800.000000	-4.085614
714	-67.000000	26.000000	57.000000	800.000000	-4.085614
715	-67.000000	26.000000	57.000000	800.000000	-4.085614
716	-67.000000	26.000000	60.000000	800.000000	-4.085614
717	-67.000000	26.000000	56.000000	800.000000	-4.085614
718	-67.000000	26.000000	56.000000	800.000000	-4.085614
719	-67.000000	26.000000	44.000000	800.000000	-4.085614
720	-67.000000	26.000000	44.000000	800.000000	-4.085614
721	-67.000000	26.000000	42.000000	800.000000	-4.085614
722	-67.000000	26.000000	42.000000	800.000000	-4.085614
723	-67.000000	26.000000	39.000000	800.000000	-4.085614
724	-67.000000	26.000000	39.000000	800.000000	-4.085614
725	-67.000000	26.000000	39.000000	800.000000	-4.085614
726	-67.000000	26.000000	39.000000	800.000000	-4.085614
727	-67.000000	26.000000	43.000000	800.000000	-4.085614
728	-67.000000	26.000000	43.000000	800.000000	-4.085614
729	-67.000000	26.000000	36.000000	800.000000	-4.085614
730	-67.000000	26.000000	36.000000	800.000000	-4.085614
731	-67.000000	26.000000	36.000000	800.000000	-4.085614
732	-67.000000	26.000000	32.000000	800.000000	-4.085614
733	-67.000000	26.000000	25.000000	800.000000	-4.085614
734	-67.000000	26.000000	25.000000	800.000000	-4.085614
735	-67.000000	26.000000	21.000000	800.000000	-4.085614
736	-67.000000	26.000000	21.000000	800.000000	-4.085614
737	-67.000000	26.000000	21.000000	800.000000	-4.085614
738	-67.000000	26.000000	19.000000	800.000000	-4.085614
739	-67.000000	26.000000	18.000000	800.000000	-4.085614
740	-67.000000	26.000000	18.000000	800.000000	-4.085614
741	-67.000000	26.000000	18.000000	800.000000	-4.085614
742	-67.000000	26.000000	18.000000	800.000000	-4.085614
743	-67.000000	26.000000	15.000000	800.000000	-4.085614
744	-67.000000	26.000000	16.000000	800.000000	-4.085614
745	-67.000000	26.000000	16.000000	800.000000	-4.085614
746	-67.000000	26.000000	13.000000	800.000000	-4.085614
747	-67.000000	26.000000	13.000000	800.000000	-4.085614
748	-67.000000	26.000000	13.000000	800.000000	-4.085614
749	-67.000000	26.000000	7.000000	800.000000	-4.085614
750	-67.000000	26.000000	7.000000	800.000000	-4.085614
751	-67.000000	26.000000	7.000000	800.000000	-4.085614
752	-67.000000	26.000000	7.000000	800.000000	-4.085614
753	-67.000000	26.000000	4.000000	800.000000	-4.085614
754	-67.000000	26.000000	4.000000	800.000000	-4.085614
755	-67.000000	26.000000	8.000000	800.000000	-4.085614
756	-67.000000	26.000000	8.000000	800.000000	-4.085614
757	-67.000000	26.000000	7.000000	800.000000	-4.085614
758	-67.000000	26.000000	7.000000	800.000000	-4.085614
759	-67.000000	26.000000	4.000000	800.000000	-4.085614
760	-67.000000	26.000000	2.000000	800.000000	-4.085614
761	-67.000000	26.000000	2.000000	800.000000	-4.085614
762	-67.000000	26.000000	2.000000	800.000000	-4.085614
763	-67.000000	26.000000	3.000000	800.000000	-4.085614
764	-67.000000	26.000000	3.000000	800.000000	-4.085614
765	-67.000000	26.000000	1.000000	800.000000	-4.085614
766	-67.000000	26.000000	1.000000	800.000000	-4.085614
767	-67.000000	26.000000	1.000000	800.000000	-4.085614
768	-67.000000	26.000000	1.000000	800.000000	-4.085614
769	-67.000000	26.000000	1.000000	800.000000	-4.085614
770	-67.000000	26.000000	1.000000	800.000000	-4.085614
771	-67.000000	26.000000	1.000000	800.000000	-4.085614
772	-67.000000	26.000000	1.000000	800.000000	-4.085614
773	-67.000000	26.000000	1.000000	800.000000	-4.085614
774	-67.000000	26.000000	1.000000	800.000000	-4.085614
775	-67.000000	26.000000	43.000000	800.000000	-4.085614
776	-67.000000	26.000000	43.000000	800.000000	-4.085614
777	-67.000000	26.000000	43.000000	800.000000	-4.085614
778	-67.000000	26.000000	3.000000	800.000000	-4.085614
779	-67.000000	26.000000	3.000000	800.000000	-4.085614
780	-67.000000	26.000000	3.000000	800.000000	-4.085614
781	-67.000000	26.000000	0.000000	800.000000	-4.085614
782	-67.000000	26.000000	0.000000	800.000000	-4.085614
783	-67.000000	26.000000	0.000000	800.000000	-4.085614
784	-67.000000	26.000000	1.000000	800.000000	-4.085614
785	-67.000000	26.000000	0.000000	800.000000	-4.085614
786	-67.000000	26.000000	1.000000	800.000000	-4.085614
787	-67.000000	26.000000	1.000000	800.000000	-4.085614
788	-67.000000	26.000000	1.000000	800.000000	-4.085614
789	-67.000000	26.000000	1.000000	800.000000	-4.085614
790	-67.000000	26.000000	1.000000	800.000000	-4.085614
791	-67.000000	26.000000	1.000000	800.000000	-4.085614
792	-67.000000	26.000000	1.000000	800.000000	-4.085614
793	-67.000000	26.000000	1.000000	800.000000	-4.085614
794	-67.000000	26.000000	1.000000	800.000000	-4.085614
795	-67.000000	26.000000	1.000000	800.000000	-4.085614
796	-67.000000	26.000000	1.000000	800.000000	-4.085614
797	-67.000000	26.000000	1.000000	800.000000	-4.085614
798	-67.000000	26.000000	1.000000	800.000000	-4.085614
799	-67.000000	26.000000	1.000000	800.000000	-4.085614
800	-67.000000	26.000000	1.000000	800.000000	-4.085614
801	-67.000000	26.000000	1.000000	800.000000	-4.085614
802	-67.000000	26.000000	0.000000	800.000000	-4.085614
803	-67.000000	26.000000	3.000000	800.000000	-4.085614
804	-67.000000	26.000000	0.000000	800.000000	-4.085614
805	-67.000000	26.000000	0.000000	800.000000	-4.085614
806	-1.000000	-1.000000	0.000000	800.000000	90.000000
807	-1.000000	-1.000000	1.000000	800.000000	90.000000
808	-1.000000	-1.000000	2.000000	800.000000	90.000000
809	-1.000000	-1.000000	2.000000	800.000000	90.000000
810	-1.000000	-1.000000	1.000000	800.000000	90.000000
811	-1.000000	-1.000000	1.000000	800.000000	90.000000
812	-1.000000	-1.000000	1.000000	800.000000	90.000000
813	-1.000000	-1.000000	1.000000	800.000000	90.000000
814	-1.000000	-1.000000	0.000000	800.000000	90.000000
815	-1.000000	-1.000000	0.000000	800.000000	90.000000
816	-1.000000	-1.000000	1.000000	800.000000	90.000000
817	-1.000000	-1.000000	1.000000	800.000000	90.000000
818	-1.000000	-1.000000	1.000000	800.000000	90.000000
819	-1.000000	-1.000000	1.000000	800.000000	90.000000
820	-1.000000	-1.000000	1.000000	800.000000	90.000000
821	-1.000000	-1.000000	1.000000	800.000000	90.000000
822	-1.000000	-1.000000	1.000000	800.000000	90.000000
823	-1.000000	-1.000000	0.000000	800.000000	90.000000
824	-1.000000	-1.000000	0.000000	800.000000	90.000000
825	-1.000000	-1.000000	0.000000	800.000000	90.000000
826	-1.000000	-1.000000	6.000000	800.000000	90.000000
827	-1.000000	-1.000000	6.000000	800.000000	90.000000
828	-1.000000	-1.000000	6.000000	800.000000	90.000000
829	-1.000000	-1.000000	1.000000	800.000000	90.000000
830	-1.000000	-1.000000	1.000000	800.000000	90.000000
831	-1.000000	-1.000000	1.000000	800.000000	90.000000
832	-1.000000	-1.000000	0.000000	800.000000	90.000000
833	-1.000000	-1.000000	0.000000	800.000000	90.000000
834	-1.000000	-1.000000	1.000000	800.000000	90.000000
835	-1.000000	-1.000000	1.000000	800.000000	90.000000
836	-1.000000	-1.000000	1.000000	800.000000	90.000000
837	-1.000000	-1.000000	14.000000	800.000000	90.000000
838	-1.000000	-1.000000	1.000000	800.000000	90.000000
839	-1.000000	-1.000000	1.000000	800.000000	90.000000
840	-1.000000	-1.000000	1.000000	800.000000	90.000000
841	-1.000000	-1.000000	0.000000	800.000000	90.000000
842	-1.000000	-1.000000	1.000000	800.000000	90.000000
843	-1.000000	-1.000000	1.000000	800.000000	90.000000
844	-1.000000	-1.000000	1.000000	800.000000	90.000000
845	-1.000000	-1.000000	1.000000	800.000000	90.000000
846	-1.000000	-1.000000	1.000000	800.000000	90.000000
847	-1.000000	-1.000000	1.000000	800.000000	90.000000
848	-1.000000	-1.000000	1.000000	800.000000	90.000000
849	-1.000000	-1.000000	0.000000	800.000000	90.000000
850	-1.000000	-1.000000	0.000000	800.000000	90.000000
851	-1.000000	-1.000000	0.000000	800.000000	90.000000
852	-1.000000	-1.000000	0.000000	800.000000	90.000000
853	-1.000000	-1.000000	0.000000	800.000000	90.000000
854	-1.000000	-1.000000	1.000000	800.000000	90.000000
855	-1.000000	-1.000000	1.000000	800.000000	90.000000
856	-1.000000	-1.000000	0.000000	800.000000	90.000000
857	-1.000000	-1.000000	0.000000	800.000000	90.000000
858	-1.000000	-1.000000	1.000000	800.000000	90.000000
859	-1.000000	-1.000000	0.000000	800.000000	90.000000
860	-1.000000	-1.000000	0.000000	800.000000	90.000000
861	-1.000000	-1.000000	1.000000	800.000000	90.000000
862	-1.000000	-1.000000	1.000000	800.000000	90.000000
863	-1.000000	-1.000000	1.000000	800.000000	90.000000
864	-1.000000	-1.000000	1.000000	800.000000	90.000000
865	-1.000000	-1.000000	1.000000	800.000000	90.000000
866	-1.000000	-1.000000	1.000000	800.000000	90.000000
867	-1.000000	-1.000000	1.000000	800.000000	90.000000
868	-1.000000	-1.000000	1.000000	800.000000	90.000000
869	-1.000000	-1.000000	1.000000	800.000000	90.000000
870	-1.000000	-1.000000	1.000000	800.000000	90.000000
871	-1.000000	-1.000000	1.000000	800.000000	90.000000
872	-1.000000	-1.000000	2.000000	800.000000	90.000000
873	-1.000000	-1.000000	2.000000	800.000000	90.000000
874	-1.000000	-1.000000	0.000000	800.000000	90.000000
875	-1.000000	-1.000000	0.000000	800.000000	90.000000
876	-1.000000	-1.000000	0.000000	800.000000	90.000000
877	-1.000000	-1.000000	1.000000	800.000000	90.000000
878	-1.000000	-1.000000	1.000000	800.000000	90.000000
879	-1.000000	-1.000000	1.000000	800.000000	90.000000
880	-1.000000	-1.000000	1.000000	800.000000	90.000000
881	-1.000000	-1.000000	0.000000	800.000000	90.000000
882	-1.000000	-1.000000	0.000000	800.000000	90.000000
883	-1.000000	-1.000000	0.000000	800.000000	90.000000
884	-1.000000	-1.000000	0.000000	800.000000	90.000000
885	-1.000000	-1.000000	0.000000	800.000000	90.000000
886	-1.000000	-1.000000	1.000000	800.000000	90.000000
887	-1.000000	-1.000000	1.000000	800.000000	90.000000
888	-1.000000	-1.000000	0.000000	800.000000	90.000000
889	-1.000000	-1.000000	0.000000	800.000000	90.000000
890	-1.000000	-1.000000	0.000000	800.000000	90.000000
891	-1.000000	-1.000000	0.000000	800.000000	90.000000
892	-1.000000	-1.000000	0.000000	800.000000	90.000000
893	-1.000000	-1.000000	0.000000	800.000000	90.000000
894	-1.000000	-1.000000	0.000000	800.000000	90.000000
895	-1.000000	-1.000000	0.000000	800.000000	90.000000
896	-1.000000	-1.000000	0.000000	800.000000	90.000000
897	-1.000000	-1.000000	0.000000	800.000000	90.000000
898	-1.000000	-1.000000	0.000000	800.000000	90.000000
899	-1.000000	-1.000000	0.000000	800.000000	90.000000
900	-1.000000	-1.000000	0.000000	800.000000	90.000000
901	-1.000000	-1.000000	1.000000	800.000000	90.000000
902	-1.000000	-1.000000	1.000000	800.000000	90.000000
903	-1.000000	-1.000000	1.000000	800.000000	90.000000
904	-1.000000	-1.000000	1.000000	800.000000	90.000000
905	-1.000000	-1.000000	0.000000	800.000000	90.000000
906	-1.000000	-1.000000	0.000000	800.000000	90.000000
907	-1.000000	-1.000000	0.000000	800.000000	90.000000
908	-1.000000	-1.000000	1.000000	800.000000	90.000000
909	-1.000000	-1.000000	1.000000	800.000000	90.000000
910	-1.000000	-1.000000	0.000000	800.000000	90.000000
911	-1.000000	-1.000000	0.000000	800.000000	90.000000
912	-1.000000	-1.000000	0.000000	800.000000	90.000000
913	-1.000000	-1.000000	0.000000	800.000000	90.000000
914	-1.000000	-1.000000	0.000000	800.000000	90.000000
915	-1.000000	-1.000000	1.000000	800.000000	90.000000
916	-1.000000	-1.000000	1.000000	800.000000	90.000000
917	-1.000000	-1.000000	1.000000	800.000000	90.000000
918	-1.000000	-1.000000	1.000000	800.000000	90.000000
919	-1.000000	-1.000000	1.000000	800.000000	90.000000
920	-1.000000	-1.000000	1.000000	800.000000	90.000000
921	-1.000000	-1.000000	1.000000	800.000000	90.000000
922	-1.000000	-1.000000	30.000000	800.000000	90.000000
923	-1.000000	-1.000000	30.000000	800.000000	90.000000
924	-1.000000	-1.000000	1.000000	800.000000	90.000000
925	-1.000000	-1.000000	1.000000	800.000000	90.000000
926	-1.000000	-1.000000	1.000000	800.000000	90.000000
927	-1.000000	-1.000000	1.000000	800.000000	90.000000
928	-1.000000	-1.000000	1.000000	800.000000	90.000000
929	-1.000000	-1.000000	1.000000	800.000000	90.000000
930	-1.000000	-1.000000	1.000000	800.000000	90.000000
931	-1.000000	-1.000000	1.000000	800.000000	90.000000
932	-1.000000	-1.000000	0.000000	800.000000	90.000000
933	-1.000000	-1.000000	0.000000	800.000000	90.000000
934	-1.000000	-1.000000	1.000000	800.000000	90.000000
935	-1.000000	-1.000000	1.000000	800.000000	90.000000
936	-1.000000	-1.000000	1.000000	800.000000	90.000000
937	-1.000000	-1.000000	1.000000	800.000000	90.000000
938	-1.000000	-1.000000	1.000000	800.000000	90.000000
939	-1.000000	-1.000000	1.000000	800.000000	90.000000
940	-1.000000	-1.000000	1.000000	800.000000	90.000000
941	-1.000000	-1.000000	1.000000	800.000000	90.000000
942	-1.000000	-1.000000	1.000000	800.000000	90.000000
943	-1.000000	-1.000000	1.000000	800.000000	90.000000
944	-1.000000	-1.000000	0.000000	800.000000	90.000000
945	-1.000000	-1.000000	0.000000	800.000000	90.000000
946	-1.000000	-1.000000	0.000000	800.000000	90.000000
947	-1.000000	-1.000000	1.000000	800.000000	90.000000
948	-1.000000	-1.000000	1.000000	800.000000	90.000000
949	-1.000000	-1.000000	1.000000	800.000000	90.000000
950	-1.000000	-1.000000	1.000000	800.000000	90.000000
951	-1.000000	-1.000000	1.000000	800.000000	90.000000
952	-1.000000	-1.000000	1.000000	800.000000	90.000000
953	-1.000000	-1.000000	1.000000	800.000000	90.000000
954	-1.000000	-1.000000	1.000000	800.000000	90.000000
955	-1.000000	-1.000000	1.000000	800.000000	90.000000
956	-1.000000	-1.000000	1.000000	800.000000	90.000000
957	-1.000000	-1.000000	1.000000	800.000000	90.000000
958	-1.000000	-1.000000	2.000000	800.000000	90.000000
959	-1.000000	-1.000000	2.000000	800.000000	90.000000
960	-1.000000	-1.000000	4.000000	800.000000	90.000000
961	-1.000000	-1.000000	4.000000	800.000000	90.000000
962	-1.000000	-1.000000	1.000000	800.000000	90.000000
963	-1.000000	-1.000000	1.000000	800.000000	90.000000
964	-1.000000	-1.000000	15.000000	800.000000	90.000000
965	-1.000000	-1.000000	15.000000	800.000000	90.000000
966	-1.000000	-1.000000	2.000000	800.000000	90.000000
967	-1.000000	-1.000000	2.000000	800.000000	90.000000
968	-1.000000	-1.000000	1.000000	800.000000	90.000000
969	-1.000000	-1.000000	1.000000	800.000000	90.000000
970	-1.000000	-1.000000	1.000000	800.000000	90.000000
971	-1.000000	-1.000000	1.000000	800.000000	90.000000
972	-1.000000	-1.000000	1.000000	800.000000	90.000000
973	-1.000000	-1.000000	1.000000	800.000000	90.000000
974	-1.000000	-1.000000	16.000000	800.000000	90.000000
975	-1.000000	-1.000000	16.000000	800.000000	90.000000
976	-1.000000	-1.000000	2.000000	800.000000	90.000000
977	-1.000000	-1.000000	2.000000	800.000000	90.000000
978	-1.000000	-1.000000	1.000000	800.000000	90.000000
979	-1.000000	-1.000000	1.000000	800.000000	90.000000
980	-1.000000	-1.000000	1.000000	800.000000	90.000000
981	-1.000000	-1.000000	1.000000	800.000000	90.000000
982	-1.000000	-1.000000	1.000000	800.000000	90.000000
983	-1.000000	-1.000000	1.000000	800.000000	90.000000
984	-1.000000	-1.000000	1.000000	800.000000	90.000000
985	-1.000000	-1.000000	1.000000	800.000000	90.000000
986	-1.000000	-1.000000	1.000000	800.000000	90.000000
987	-1.000000	-1.000000	1.000000	800.000000	90.000000
988	-1.000000	-1.000000	1.000000	800.000000	90.000000
989	-1.000000	-1.000000	1.000000	800.000000	90.000000
990	-1.000000	-1.000000	0.000000	800.000000	90.000000
991	-1.000000	-1.000000	0.000000	800.000000	90.000000
992	-1.000000	-1.000000	0.000000	800.000000	90.000000
993	-1.000000	-1.000000	0.000000	800.000000	90.000000
994	-1.000000	-1.000000	1.000000	800.000000	90.000000
995	-1.000000	-1.000000	1.000000	800.000000	90.000000
996	-1.000000	-1.000000	1.000000	800.000000	90.000000
997	-1.000000	-1.000000	1.000000	800.000000	90.000000
998	-1.000000	-1.000000	1.000000	800.000000	90.000000
999	-1.000000	-1.000000	1.000000	800.000000	90.000000
1000	-1.000000	-1.000000	1.000000	800.000000	90.000000
1001	-1.000000	-1.000000	1.000000	800.000000	90.000000
1002	-1.000000	-1.000000	0.000000	800.000000	90.000000
1003	-1.000000	-1.000000	1.000000	800.000000	90.000000
1004	-1.000000	-1.000000	1.000000	800.000000	90.000000
1005	-1.000000	-1.000000	1.000000	800.000000	90.000000
1006	-1.000000	-1.000000	1.000000	800.000000	90.000000
1007	-1.000000	-1.000000	1.000000	800.000000	90.000000
1008	-1.000000	-1.000000	0.000000	800.000000	90.000000
1009	-1.000000	-1.000000	0.000000	800.000000	90.000000
1010	-1.000000	-1.000000	1.000000	800.000000	90.000000
1011	-1.000000	-1.000000	1.000000	800.000000	90.000000
1012	-1.000000	-1.000000	1.000000	800.000000	90.000000
1013	-1.000000	-1.000000	1.000000	800.000000	90.000000
1014	-1.000000	-1.000000	1.000000	800.000000	90.000000
1015	-1.000000	-1.000000	1.000000	800.000000	90.000000
1016	-1.000000	-1.000000	1.000000	800.000000	90.000000
1017	-1.000000	-1.000000	1.000000	800.000000	90.000000
1018	-1.000000	-1.000000	1.000000	800.000000	90.000000
1019	-1.000000	-1.000000	1.000000	800.000000	90.000000
1020	-1.000000	-1.000000	1.000000	800.000000	90.000000
1021	-1.000000	-1.000000	1.000000	800.000000	90.000000
1022	-1.000000	-1.000000	1.000000	800.000000	90.000000
1023	-1.000000	-1.000000	1.000000	800.000000	90.000000
1024	-1.000000	-1.000000	1.000000	800.000000	90.000000
1025	-1.000000	-1.000000	1.000000	800.000000	90.000000
1026	-1.000000	-1.000000	0.000000	800.000000	90.000000
1027	-1.000000	-1.000000	1.000000	800.000000	90.000000
1028	-1.000000	-1.000000	1.000000	800.000000	90.000000
1029	-1.000000	-1.000000	1.000000	800.000000	90.000000
1030	-1.000000	-1.000000	1.000000	800.000000	90.000000
1031	-1.000000	-1.000000	1.000000	800.000000	90.000000
1032	-1.000000	-1.000000	1.000000	800.000000	90.000000
1033	-1.000000	-1.000000	6.000000	800.000000	90.000000
1034	-1.000000	-1.000000	6.000000	800.000000	90.000000
1035	-1.000000	-1.000000	219.000000	800.000000	90.000000
1036	-1.000000	-1.000000	219.000000	800.000000	90.000000
1037	-1.000000	-1.000000	221.000000	800.000000	90.000000
1038	-1.000000	-1.000000	221.000000	800.000000	90.000000
1039	-1.000000	-1.000000	221.000000	800.000000	90.000000
1040	-1.000000	-1.000000	227.000000	800.000000	90.000000
1041	-1.000000	-1.000000	217.000000	800.000000	90.000000
1042	-1.000000	-1.000000	217.000000	800.000000	90.000000
1043	-1.000000	-1.000000	220.000000	800.000000	90.000000
1044	-1.000000	-1.000000	220.000000	800.000000	90.000000
1045	-1.000000	-1.000000	218.000000	800.000000	90.000000
1046	-1.000000	-1.000000	218.000000	800.000000	90.000000
1047	-1.000000	-1.000000	218.000000	800.000000	90.000000
1048	-1.000000	-1.000000	218.000000	800.000000	90.000000
1049	-1.000000	-1.000000	218.000000	800.000000	90.000000
1050	-1.000000	-1.000000	218.000000	800.000000	90.000000
1051	-1.000000	-1.000000	218.000000	800.000000	90.000000
1052	-1.000000	-1.000000	218.000000	800.000000	90.000000
1053	-1.000000	-1.000000	218.000000	800.000000	90.000000
1054	-1.000000	-1.000000	218.000000	800.000000	90.000000
1055	-1.000000	-1.000000	218.000000	800.000000	90.000000
1056	-1.000000	-1.000000	218.000000	800.000000	90.000000
1057	-1.000000	-1.000000	218.000000	800.000000	90.000000
1058	-1.000000	-1.000000	218.000000	800.000000	90.000000
1059	-1.000000	-1.000000	218.000000	800.000000	90.000000
1060	-1.000000	-1.000000	218.000000	800.000000	90.000000
1061	-1.000000	-1.000000	218.000000	800.000000	90.000000
1062	-1.000000	-1.000000	218.000000	800.000000	90.000000
1063	-1.000000	-1.000000	218.000000	800.000000	90.000000
1064	-1.000000	-1.000000	218.000000	800.000000	90.000000
1065	-1.000000	-1.000000	218.000000	800.000000	90.000000
1066	-1.000000	-1.000000	218.000000	800.000000	90.000000
1067	-1.000000	-1.000000	218.000000	800.000000	90.000000
1068	-1.000000	-1.000000	218.000000	800.000000	90.000000
1069	-1.000000	-1.000000	218.000000	800.000000	90.000000
1070	-1.000000	-1.000000	218.000000	800.000000	90.000000
1071	-1.000000	-1.000000	218.000000	800.000000	90.000000
1072	-1.000000	-1.000000	218.000000	800.000000	90.000000
1073	-1.000000	-1.000000	218.000000	800.000000	90.000000
1074	-1.000000	-1.000000	218.000000	800.000000	90.000000
1075	-1.000000	-1.000000	218.000000	800.000000	90.000000
1076	-1.000000	-1.000000	218.000000	800.000000	90.000000
1077	-1.000000	-1.000000	218.000000	800.000000	90.000000
1078	-1.000000	-1.000000	218.000000	800.000000	90.000000
1079	-1.000000	-1.000000	218.000000	800.000000	90.000000
1080	-1.000000	-1.000000	218.000000	800.000000	90.000000
1081	-1.000000	-1.000000	218.000000	800.000000	90.000000
1082	-1.000000	-1.000000	218.000000	800.000000	90.000000
1083	-1.000000	-1.000000	218.000000	800.000000	90.000000
1084	-1.000000	-1.000000	218.000000	800.000000	90.000000
1085	-1.000000	-1.000000	218.000000	800.000000	90.000000
1086	-1.000000	-1.000000	218.000000	800.000000	90.000000
1087	-1.000000	-1.000000	218.000000	800.000000	90.000000
1088	-1.000000	-1.000000	218.000000	800.000000	90.000000
1089	-1.000000	-1.000000	218.000000	800.000000	90.000000
1090	-1.000000	-1.000000	218.000000	800.000000	90.000000
1091	-1.000000	-1.000000	218.000000	800.000000	90.000000
1092	-1.000000	-1.000000	218.000000	800.000000	90.000000
1093	-1.000000	-1.000000	218.000000	800.000000	90.000000
1094	-1.000000	-1.000000	218.000000	800.000000	90.000000
1095	-1.000000	-1.000000	218.000000	800.000000	90.000000
1096	-1.000000	-1.000000	218.000000	800.000000	90.000000
1097	-1.000000	-1.000000	218.000000	800.000000	90.000000
1098	-1.000000	-1.000000	218.000000	800.000000	90.000000
1099	-1.000000	-1.000000	218.000000	800.000000	90.000000
1100	-1.000000	-1.000000	218.000000	800.000000	90.000000
1101	-1.000000	-1.000000	218.000000	800.000000	90.000000
1102	-1.000000	-1.000000	218.000000	800.000000	90.000000
1103	-1.000000	-1.000000	218.000000	800.000000	90.000000
1104	-1.000000	-1.000000	218.000000	800.000000	90.000000
1105	-1.000000	-1.000000	218.000000	800.000000	90.000000
1106	-1.000000	-1.000000	218.000000	800.000000	90.000000
1107	-1.000000	-1.000000	218.000000	800.000000	90.000000
1108	-1.000000	-1.000000	218.000000	800.000000	90.000000
1109	-1.000000	-1.000000	218.000000	800.000000	90.000000
1110	-1.000000	-1.000000	218.000000	800.000000	90.000000
1111	-1.000000	-1.000000	218.000000	800.000000	90.000000
1112	-1.000000	-1.000000	218.000000	800.000000	90.000000
1113	-1.000000	-1.000000	218.000000	800.000000	90.000000
1114	-1.000000	-1.000000	218.000000	800.000000	90.000000
1115	-1.000000	-1.000000	218.000000	800.000000	90.000000
1116	-1.000000	-1.000000	218.000000	800.000000	90.000000
1117	-1.000000	-1.000000	218.000000	800.000000	90.000000
1118	-1.000000	-1.000000	218.000000	800.000000	90.000000
1119	-1.000000	-1.000000	218.000000	800.000000	90.000000
1120	-1.000000	-1.000000	218.000000	800.000000	90.000000
1121	-1.000000	-1.000000	218.000000	800.000000	90.000000
1122	-1.000000	-1.000000	218.000000	800.000000	90.000000
1123	-1.000000	-1.000000	218.000000	800.000000	90.000000
1124	-1.000000	-1.000000	218.000000	800.000000	90.000000
1125	-1.000000	-1.000000	218.000000	800.000000	90.000000
1126	-1.000000	-1.000000	218.000000	800.000000	90.000000
1127	-1.000000	-1.000000	218.000000	800.000000	90.000000
1128	-1.000000	-1.000000	218.000000	800.000000	90.000000
1129	-1.000000	-1.000000	218.000000	800.000000	90.000000
1130	-1.000000	-1.000000	218.000000	800.000000	90.000000
