#	Proyecto: Control de un Quadrotor por VA
#	Datos para la gráfica en GNUplot.

#	Error X	    	Error Y	 	Altura		Alt. Ref	Yaw
0	0.000000	0.000000	0.000000	500.000000	0.000000
1	0.000000	0.000000	0.000000	500.000000	0.000000
2	0.000000	0.000000	0.000000	500.000000	0.000000
3	0.000000	0.000000	0.000000	500.000000	0.000000
4	0.000000	0.000000	0.000000	500.000000	0.000000
5	0.000000	0.000000	0.000000	500.000000	0.000000
6	0.000000	0.000000	0.000000	500.000000	0.000000
7	0.000000	0.000000	0.000000	500.000000	0.000000
8	0.000000	0.000000	0.000000	500.000000	0.000000
9	0.000000	0.000000	0.000000	500.000000	0.000000
10	0.000000	0.000000	0.000000	500.000000	0.000000
11	0.000000	0.000000	0.000000	500.000000	0.000000
12	0.000000	0.000000	0.000000	500.000000	0.000000
13	0.000000	0.000000	0.000000	500.000000	0.000000
14	0.000000	0.000000	0.000000	500.000000	0.000000
15	0.000000	0.000000	0.000000	500.000000	0.000000
16	0.000000	0.000000	0.000000	500.000000	0.000000
17	0.000000	0.000000	0.000000	500.000000	0.000000
18	0.000000	0.000000	0.000000	500.000000	0.000000
19	0.000000	0.000000	0.000000	500.000000	0.000000
20	0.000000	0.000000	0.000000	500.000000	0.000000
21	0.000000	0.000000	0.000000	500.000000	0.000000
22	0.000000	0.000000	0.000000	500.000000	0.000000
23	0.000000	0.000000	0.000000	500.000000	0.000000
24	0.000000	0.000000	0.000000	500.000000	0.000000
25	0.000000	0.000000	0.000000	500.000000	0.000000
26	0.000000	0.000000	0.000000	500.000000	0.000000
27	0.000000	0.000000	0.000000	500.000000	0.000000
28	0.000000	0.000000	0.000000	500.000000	0.000000
29	0.000000	0.000000	0.000000	500.000000	0.000000
30	0.000000	0.000000	0.000000	500.000000	0.000000
31	0.000000	0.000000	0.000000	500.000000	0.000000
32	0.000000	0.000000	0.000000	500.000000	0.000000
33	0.000000	0.000000	0.000000	500.000000	0.000000
34	0.000000	0.000000	0.000000	500.000000	0.000000
35	0.000000	0.000000	0.000000	500.000000	0.000000
36	0.000000	0.000000	0.000000	500.000000	0.000000
37	0.000000	0.000000	0.000000	500.000000	0.000000
38	0.000000	0.000000	0.000000	500.000000	0.000000
39	0.000000	0.000000	0.000000	500.000000	0.000000
40	0.000000	0.000000	0.000000	500.000000	0.000000
41	0.000000	0.000000	0.000000	500.000000	0.000000
42	0.000000	0.000000	0.000000	500.000000	0.000000
43	0.000000	0.000000	0.000000	500.000000	0.000000
44	0.000000	0.000000	0.000000	500.000000	0.000000
45	0.000000	0.000000	0.000000	500.000000	0.000000
46	0.000000	0.000000	0.000000	500.000000	0.000000
47	0.000000	0.000000	0.000000	500.000000	0.000000
48	0.000000	0.000000	0.000000	500.000000	0.000000
49	0.000000	0.000000	0.000000	500.000000	0.000000
50	0.000000	0.000000	220.000000	500.000000	0.000000
51	0.000000	0.000000	221.000000	500.000000	0.000000
52	0.000000	0.000000	221.000000	500.000000	0.000000
53	0.000000	0.000000	221.000000	500.000000	0.000000
54	0.000000	0.000000	221.000000	500.000000	0.000000
55	0.000000	0.000000	221.000000	500.000000	0.000000
56	0.000000	0.000000	221.000000	500.000000	0.000000
57	0.000000	0.000000	221.000000	500.000000	0.000000
58	0.000000	0.000000	221.000000	500.000000	0.000000
59	0.000000	0.000000	221.000000	500.000000	0.000000
60	0.000000	0.000000	220.000000	500.000000	0.000000
61	0.000000	0.000000	220.000000	500.000000	0.000000
62	0.000000	0.000000	220.000000	500.000000	0.000000
63	0.000000	0.000000	220.000000	500.000000	0.000000
64	0.000000	0.000000	220.000000	500.000000	0.000000
65	0.000000	0.000000	220.000000	500.000000	0.000000
66	0.000000	0.000000	221.000000	500.000000	0.000000
67	0.000000	0.000000	221.000000	500.000000	0.000000
68	0.000000	0.000000	220.000000	500.000000	0.000000
69	0.000000	0.000000	220.000000	500.000000	0.000000
70	0.000000	0.000000	220.000000	500.000000	0.000000
71	0.000000	0.000000	220.000000	500.000000	0.000000
72	0.000000	0.000000	220.000000	500.000000	0.000000
73	0.000000	0.000000	220.000000	500.000000	0.000000
74	0.000000	0.000000	221.000000	500.000000	0.000000
75	0.000000	0.000000	221.000000	500.000000	0.000000
76	0.000000	0.000000	221.000000	500.000000	0.000000
77	0.000000	0.000000	221.000000	500.000000	0.000000
78	0.000000	0.000000	221.000000	500.000000	0.000000
79	0.000000	0.000000	221.000000	500.000000	0.000000
80	0.000000	0.000000	220.000000	500.000000	0.000000
81	0.000000	0.000000	220.000000	500.000000	0.000000
82	0.000000	0.000000	220.000000	500.000000	0.000000
83	0.000000	0.000000	220.000000	500.000000	0.000000
84	0.000000	0.000000	221.000000	500.000000	0.000000
85	0.000000	0.000000	221.000000	500.000000	0.000000
86	0.000000	0.000000	220.000000	500.000000	0.000000
87	0.000000	0.000000	220.000000	500.000000	0.000000
88	0.000000	0.000000	221.000000	500.000000	0.000000
89	0.000000	0.000000	221.000000	500.000000	0.000000
90	0.000000	0.000000	221.000000	500.000000	0.000000
91	0.000000	0.000000	221.000000	500.000000	0.000000
92	0.000000	0.000000	221.000000	500.000000	0.000000
93	0.000000	0.000000	221.000000	500.000000	0.000000
94	0.000000	0.000000	221.000000	500.000000	0.000000
95	0.000000	0.000000	221.000000	500.000000	0.000000
96	0.000000	0.000000	220.000000	500.000000	0.000000
97	0.000000	0.000000	220.000000	500.000000	0.000000
98	0.000000	0.000000	221.000000	500.000000	0.000000
99	0.000000	0.000000	221.000000	500.000000	0.000000
100	0.000000	0.000000	221.000000	500.000000	0.000000
101	0.000000	0.000000	220.000000	500.000000	0.000000
102	0.000000	0.000000	221.000000	500.000000	0.000000
103	0.000000	0.000000	221.000000	500.000000	0.000000
104	0.000000	0.000000	221.000000	500.000000	0.000000
105	0.000000	0.000000	221.000000	500.000000	0.000000
106	0.000000	0.000000	221.000000	500.000000	0.000000
107	0.000000	0.000000	221.000000	500.000000	0.000000
108	0.000000	0.000000	221.000000	500.000000	0.000000
109	0.000000	0.000000	221.000000	500.000000	0.000000
110	0.000000	0.000000	221.000000	500.000000	0.000000
111	0.000000	0.000000	221.000000	500.000000	0.000000
112	0.000000	0.000000	221.000000	500.000000	0.000000
113	0.000000	0.000000	221.000000	500.000000	0.000000
114	0.000000	0.000000	221.000000	500.000000	0.000000
115	0.000000	0.000000	221.000000	500.000000	0.000000
116	0.000000	0.000000	221.000000	500.000000	0.000000
117	0.000000	0.000000	221.000000	500.000000	0.000000
118	0.000000	0.000000	221.000000	500.000000	0.000000
119	0.000000	0.000000	221.000000	500.000000	0.000000
120	0.000000	0.000000	0.000000	500.000000	0.000000
121	0.000000	0.000000	0.000000	500.000000	0.000000
122	0.000000	0.000000	0.000000	500.000000	0.000000
123	0.000000	0.000000	0.000000	500.000000	0.000000
124	0.000000	0.000000	0.000000	500.000000	0.000000
125	0.000000	0.000000	0.000000	500.000000	0.000000
126	0.000000	0.000000	0.000000	500.000000	0.000000
127	0.000000	0.000000	0.000000	500.000000	0.000000
128	0.000000	0.000000	0.000000	500.000000	0.000000
129	0.000000	0.000000	0.000000	500.000000	0.000000
130	0.000000	0.000000	0.000000	500.000000	0.000000
131	0.000000	0.000000	0.000000	500.000000	0.000000
132	0.000000	0.000000	0.000000	500.000000	0.000000
133	0.000000	0.000000	0.000000	500.000000	0.000000
134	0.000000	0.000000	0.000000	500.000000	0.000000
135	0.000000	0.000000	0.000000	500.000000	0.000000
136	0.000000	0.000000	0.000000	500.000000	0.000000
137	0.000000	0.000000	0.000000	500.000000	0.000000
138	0.000000	0.000000	0.000000	500.000000	0.000000
139	0.000000	0.000000	0.000000	500.000000	0.000000
140	0.000000	0.000000	0.000000	500.000000	0.000000
141	0.000000	0.000000	0.000000	500.000000	0.000000
142	0.000000	0.000000	0.000000	500.000000	0.000000
143	0.000000	0.000000	0.000000	500.000000	0.000000
144	0.000000	0.000000	0.000000	500.000000	0.000000
145	0.000000	0.000000	0.000000	500.000000	0.000000
146	0.000000	0.000000	0.000000	500.000000	0.000000
147	0.000000	0.000000	0.000000	500.000000	0.000000
148	0.000000	0.000000	-1.000000	500.000000	0.000000
149	0.000000	0.000000	-1.000000	500.000000	0.000000
150	0.000000	0.000000	1.000000	500.000000	0.000000
151	0.000000	0.000000	1.000000	500.000000	0.000000
152	0.000000	0.000000	1.000000	500.000000	0.000000
153	0.000000	0.000000	1.000000	500.000000	0.000000
154	0.000000	0.000000	1.000000	500.000000	0.000000
155	0.000000	0.000000	1.000000	500.000000	0.000000
156	0.000000	0.000000	1.000000	500.000000	0.000000
157	0.000000	0.000000	1.000000	500.000000	0.000000
158	0.000000	0.000000	1.000000	500.000000	0.000000
159	0.000000	0.000000	1.000000	500.000000	0.000000
160	0.000000	0.000000	1.000000	500.000000	0.000000
161	0.000000	0.000000	1.000000	500.000000	0.000000
162	0.000000	0.000000	1.000000	500.000000	0.000000
163	0.000000	0.000000	1.000000	500.000000	0.000000
164	0.000000	0.000000	-2.000000	500.000000	0.000000
165	0.000000	0.000000	-2.000000	500.000000	0.000000
166	0.000000	0.000000	-2.000000	500.000000	0.000000
167	0.000000	0.000000	-2.000000	500.000000	0.000000
168	0.000000	0.000000	0.000000	500.000000	0.000000
169	0.000000	0.000000	0.000000	500.000000	0.000000
170	0.000000	0.000000	-1.000000	500.000000	0.000000
171	0.000000	0.000000	-1.000000	500.000000	0.000000
172	0.000000	0.000000	0.000000	500.000000	0.000000
173	0.000000	0.000000	0.000000	500.000000	0.000000
174	0.000000	0.000000	0.000000	500.000000	0.000000
175	0.000000	0.000000	0.000000	500.000000	0.000000
176	0.000000	0.000000	1.000000	500.000000	0.000000
177	0.000000	0.000000	1.000000	500.000000	0.000000
178	0.000000	0.000000	1.000000	500.000000	0.000000
179	0.000000	0.000000	1.000000	500.000000	0.000000
180	0.000000	0.000000	-1.000000	500.000000	0.000000
181	0.000000	0.000000	-1.000000	500.000000	0.000000
182	0.000000	0.000000	-1.000000	500.000000	0.000000
183	0.000000	0.000000	-1.000000	500.000000	0.000000
184	0.000000	0.000000	-2.000000	500.000000	0.000000
185	0.000000	0.000000	-2.000000	500.000000	0.000000
186	0.000000	0.000000	-2.000000	500.000000	0.000000
187	0.000000	0.000000	-2.000000	500.000000	0.000000
188	0.000000	0.000000	-2.000000	500.000000	0.000000
189	0.000000	0.000000	-2.000000	500.000000	0.000000
190	0.000000	0.000000	-1.000000	500.000000	0.000000
191	0.000000	0.000000	-1.000000	500.000000	0.000000
192	0.000000	0.000000	0.000000	500.000000	0.000000
193	0.000000	0.000000	0.000000	500.000000	0.000000
194	0.000000	0.000000	0.000000	500.000000	0.000000
195	0.000000	0.000000	0.000000	500.000000	0.000000
196	0.000000	0.000000	5.000000	500.000000	0.000000
197	0.000000	0.000000	5.000000	500.000000	0.000000
198	0.000000	0.000000	24.000000	500.000000	0.000000
199	0.000000	0.000000	24.000000	500.000000	0.000000
200	0.000000	0.000000	24.000000	500.000000	0.000000
201	0.000000	0.000000	24.000000	500.000000	0.000000
202	0.000000	0.000000	24.000000	500.000000	0.000000
203	0.000000	0.000000	24.000000	500.000000	0.000000
204	0.000000	0.000000	26.000000	500.000000	0.000000
205	0.000000	0.000000	26.000000	500.000000	0.000000
206	0.000000	0.000000	20.000000	500.000000	0.000000
207	0.000000	0.000000	20.000000	500.000000	0.000000
208	0.000000	0.000000	31.000000	500.000000	0.000000
209	0.000000	0.000000	31.000000	500.000000	0.000000
210	0.000000	0.000000	60.000000	500.000000	0.000000
211	0.000000	0.000000	60.000000	500.000000	0.000000
212	0.000000	0.000000	44.000000	500.000000	0.000000
213	0.000000	0.000000	44.000000	500.000000	0.000000
214	0.000000	0.000000	45.000000	500.000000	0.000000
215	0.000000	0.000000	45.000000	500.000000	0.000000
216	0.000000	0.000000	50.000000	500.000000	0.000000
217	0.000000	0.000000	50.000000	500.000000	0.000000
218	0.000000	0.000000	43.000000	500.000000	0.000000
219	0.000000	0.000000	43.000000	500.000000	0.000000
220	0.000000	0.000000	43.000000	500.000000	0.000000
221	0.000000	0.000000	43.000000	500.000000	0.000000
222	0.000000	0.000000	34.000000	500.000000	0.000000
223	0.000000	0.000000	34.000000	500.000000	0.000000
224	0.000000	0.000000	45.000000	500.000000	0.000000
225	0.000000	0.000000	45.000000	500.000000	0.000000
226	0.000000	0.000000	41.000000	500.000000	0.000000
227	0.000000	0.000000	41.000000	500.000000	0.000000
228	0.000000	0.000000	41.000000	500.000000	0.000000
229	0.000000	0.000000	41.000000	500.000000	0.000000
230	0.000000	0.000000	31.000000	500.000000	0.000000
231	0.000000	0.000000	31.000000	500.000000	0.000000
232	0.000000	0.000000	32.000000	500.000000	0.000000
233	0.000000	0.000000	32.000000	500.000000	0.000000
234	0.000000	0.000000	37.000000	500.000000	0.000000
235	0.000000	0.000000	37.000000	500.000000	0.000000
236	0.000000	0.000000	40.000000	500.000000	0.000000
237	0.000000	0.000000	40.000000	500.000000	0.000000
238	0.000000	0.000000	22.000000	500.000000	0.000000
239	0.000000	0.000000	22.000000	500.000000	0.000000
240	0.000000	0.000000	35.000000	500.000000	0.000000
241	0.000000	0.000000	35.000000	500.000000	0.000000
242	0.000000	0.000000	29.000000	500.000000	0.000000
243	0.000000	0.000000	29.000000	500.000000	0.000000
244	0.000000	0.000000	64.000000	500.000000	0.000000
245	0.000000	0.000000	64.000000	500.000000	0.000000
246	0.000000	0.000000	64.000000	500.000000	0.000000
247	0.000000	0.000000	64.000000	500.000000	0.000000
248	0.000000	0.000000	64.000000	500.000000	0.000000
249	0.000000	0.000000	64.000000	500.000000	0.000000
250	0.000000	0.000000	64.000000	500.000000	0.000000
251	0.000000	0.000000	64.000000	500.000000	0.000000
252	0.000000	0.000000	64.000000	500.000000	0.000000
253	0.000000	0.000000	64.000000	500.000000	0.000000
254	0.000000	0.000000	64.000000	500.000000	0.000000
255	0.000000	0.000000	64.000000	500.000000	0.000000
256	0.000000	0.000000	48.000000	500.000000	0.000000
257	0.000000	0.000000	48.000000	500.000000	0.000000
258	0.000000	0.000000	-8.000000	500.000000	0.000000
259	0.000000	0.000000	-8.000000	500.000000	0.000000
260	0.000000	0.000000	-8.000000	500.000000	0.000000
261	0.000000	0.000000	-8.000000	500.000000	0.000000
262	0.000000	0.000000	-8.000000	500.000000	0.000000
263	0.000000	0.000000	-8.000000	500.000000	0.000000
264	0.000000	0.000000	-8.000000	500.000000	0.000000
265	0.000000	0.000000	-8.000000	500.000000	0.000000
266	0.000000	0.000000	-8.000000	500.000000	0.000000
267	0.000000	0.000000	-8.000000	500.000000	0.000000
268	0.000000	0.000000	-9.000000	500.000000	0.000000
269	0.000000	0.000000	-9.000000	500.000000	0.000000
270	0.000000	0.000000	-10.000000	500.000000	0.000000
271	0.000000	0.000000	-10.000000	500.000000	0.000000
272	0.000000	0.000000	-10.000000	500.000000	0.000000
273	0.000000	0.000000	-10.000000	500.000000	0.000000
274	0.000000	0.000000	-10.000000	500.000000	0.000000
275	0.000000	0.000000	-10.000000	500.000000	0.000000
276	0.000000	0.000000	-10.000000	500.000000	0.000000
277	0.000000	0.000000	-10.000000	500.000000	0.000000
278	0.000000	0.000000	-10.000000	500.000000	0.000000
279	0.000000	0.000000	-10.000000	500.000000	0.000000
280	0.000000	0.000000	-10.000000	500.000000	0.000000
281	0.000000	0.000000	-10.000000	500.000000	0.000000
282	0.000000	0.000000	-10.000000	500.000000	0.000000
283	0.000000	0.000000	-10.000000	500.000000	0.000000
284	0.000000	0.000000	-10.000000	500.000000	0.000000
285	0.000000	0.000000	-10.000000	500.000000	0.000000
286	0.000000	0.000000	-9.000000	500.000000	0.000000
287	0.000000	0.000000	-9.000000	500.000000	0.000000
288	0.000000	0.000000	-10.000000	500.000000	0.000000
289	0.000000	0.000000	-10.000000	500.000000	0.000000
290	0.000000	0.000000	-9.000000	500.000000	0.000000
291	0.000000	0.000000	-9.000000	500.000000	0.000000
292	0.000000	0.000000	-8.000000	500.000000	0.000000
293	0.000000	0.000000	-8.000000	500.000000	0.000000
294	0.000000	0.000000	-11.000000	500.000000	0.000000
295	0.000000	0.000000	-11.000000	500.000000	0.000000
296	0.000000	0.000000	-10.000000	500.000000	0.000000
297	0.000000	0.000000	-10.000000	500.000000	0.000000
298	0.000000	0.000000	-10.000000	500.000000	0.000000
299	0.000000	0.000000	-10.000000	500.000000	0.000000
300	0.000000	0.000000	-9.000000	500.000000	0.000000
301	0.000000	0.000000	-9.000000	500.000000	0.000000
302	0.000000	0.000000	-10.000000	500.000000	0.000000
303	0.000000	0.000000	-10.000000	500.000000	0.000000
304	0.000000	0.000000	-9.000000	500.000000	0.000000
305	0.000000	0.000000	-9.000000	500.000000	0.000000
306	0.000000	0.000000	-6.000000	500.000000	0.000000
307	0.000000	0.000000	-6.000000	500.000000	0.000000
308	0.000000	0.000000	-9.000000	500.000000	0.000000
309	0.000000	0.000000	-9.000000	500.000000	0.000000
310	0.000000	0.000000	-9.000000	500.000000	0.000000
311	0.000000	0.000000	-9.000000	500.000000	0.000000
312	0.000000	0.000000	-9.000000	500.000000	0.000000
313	0.000000	0.000000	-9.000000	500.000000	0.000000
314	0.000000	0.000000	-9.000000	500.000000	0.000000
315	0.000000	0.000000	-9.000000	500.000000	0.000000
316	0.000000	0.000000	-9.000000	500.000000	0.000000
317	0.000000	0.000000	-9.000000	500.000000	0.000000
318	0.000000	0.000000	-8.000000	500.000000	0.000000
319	0.000000	0.000000	-8.000000	500.000000	0.000000
320	0.000000	0.000000	-3.000000	500.000000	0.000000
321	0.000000	0.000000	-3.000000	500.000000	0.000000
322	0.000000	0.000000	4.000000	500.000000	0.000000
323	0.000000	0.000000	4.000000	500.000000	0.000000
324	0.000000	0.000000	14.000000	500.000000	0.000000
325	0.000000	0.000000	14.000000	500.000000	0.000000
326	22.000000	40.000000	25.000000	500.000000	84.610688
327	22.000000	40.000000	25.000000	500.000000	84.610688
328	22.000000	40.000000	25.000000	500.000000	84.610688
329	22.000000	40.000000	25.000000	500.000000	84.610688
330	22.000000	40.000000	53.000000	500.000000	84.610688
331	22.000000	40.000000	53.000000	500.000000	84.610688
332	22.000000	27.000000	73.000000	500.000000	90.000000
333	22.000000	27.000000	73.000000	500.000000	90.000000
334	17.000000	21.000000	94.000000	500.000000	90.000000
335	17.000000	21.000000	94.000000	500.000000	90.000000
336	17.000000	21.000000	115.000000	500.000000	90.000000
337	9.000000	15.000000	115.000000	500.000000	90.000000
338	9.000000	15.000000	139.000000	500.000000	90.000000
339	9.000000	15.000000	139.000000	500.000000	90.000000
340	1.000000	21.000000	161.000000	500.000000	-1.101709
341	1.000000	21.000000	161.000000	500.000000	-1.101709
342	1.000000	21.000000	186.000000	500.000000	-1.101709
343	-6.000000	10.000000	186.000000	500.000000	0.000000
344	-6.000000	10.000000	206.000000	500.000000	0.000000
345	-13.000000	0.000000	206.000000	500.000000	-1.363927
346	-13.000000	0.000000	227.000000	500.000000	-1.363927
347	-13.000000	0.000000	227.000000	500.000000	-1.363927
348	-18.000000	-8.000000	246.000000	500.000000	-2.602562
349	-18.000000	-8.000000	246.000000	500.000000	-2.602562
350	-18.000000	-8.000000	262.000000	500.000000	-2.602562
351	-25.000000	-15.000000	274.000000	500.000000	-2.792700
352	-25.000000	-15.000000	274.000000	500.000000	-2.792700
353	-29.000000	-17.000000	274.000000	500.000000	-3.179829
354	-29.000000	-17.000000	287.000000	500.000000	-3.179829
355	-29.000000	-17.000000	287.000000	500.000000	-3.179829
356	-33.000000	-19.000000	299.000000	500.000000	-3.012790
357	-33.000000	-19.000000	311.000000	500.000000	-3.012790
358	-36.000000	-19.000000	311.000000	500.000000	-3.576335
359	-36.000000	-19.000000	322.000000	500.000000	-3.576335
360	-36.000000	-19.000000	322.000000	500.000000	-3.576335
361	-36.000000	-19.000000	332.000000	500.000000	-3.576335
362	-38.000000	-16.000000	332.000000	500.000000	-4.398703
363	-38.000000	-16.000000	346.000000	500.000000	-4.398703
364	-39.000000	-14.000000	346.000000	500.000000	-4.085614
365	-39.000000	-14.000000	361.000000	500.000000	-4.085614
366	-39.000000	-14.000000	361.000000	500.000000	-4.085614
367	-40.000000	-11.000000	367.000000	500.000000	-3.468227
368	-40.000000	-11.000000	367.000000	500.000000	-3.468227
369	-40.000000	-8.000000	382.000000	500.000000	-3.366464
370	-40.000000	-8.000000	382.000000	500.000000	-3.366464
371	-39.000000	-5.000000	390.000000	500.000000	-3.576335
372	-39.000000	-5.000000	390.000000	500.000000	-3.576335
373	-39.000000	-5.000000	409.000000	500.000000	-3.576335
374	-39.000000	-5.000000	409.000000	500.000000	-3.576335
375	-38.000000	-3.000000	403.000000	500.000000	-3.576335
376	-38.000000	-3.000000	403.000000	500.000000	-3.576335
377	-38.000000	-3.000000	416.000000	500.000000	-3.576335
378	-37.000000	-2.000000	416.000000	500.000000	-3.576335
379	-37.000000	-2.000000	421.000000	500.000000	-3.576335
380	-37.000000	-2.000000	421.000000	500.000000	-3.814073
381	-37.000000	-2.000000	420.000000	500.000000	-3.814073
382	-37.000000	-2.000000	420.000000	500.000000	-3.814073
383	-37.000000	-1.000000	435.000000	500.000000	-3.945185
384	-37.000000	-1.000000	435.000000	500.000000	-3.945185
385	-37.000000	-1.000000	461.000000	500.000000	-3.945185
386	-39.000000	1.000000	461.000000	500.000000	-3.691389
387	-39.000000	1.000000	451.000000	500.000000	-3.691389
388	-40.000000	1.000000	451.000000	500.000000	-1.974935
389	-40.000000	1.000000	445.000000	500.000000	-1.974935
390	-40.000000	1.000000	445.000000	500.000000	-1.974935
391	-41.000000	2.000000	455.000000	500.000000	-3.468227
392	-41.000000	2.000000	455.000000	500.000000	-3.468227
393	-40.000000	2.000000	469.000000	500.000000	-2.045409
394	-40.000000	2.000000	469.000000	500.000000	-2.045409
395	-40.000000	2.000000	454.000000	500.000000	-2.045409
396	-40.000000	2.000000	454.000000	500.000000	-2.726311
397	-40.000000	2.000000	460.000000	500.000000	-2.726311
398	-40.000000	2.000000	460.000000	500.000000	-2.726311
399	-40.000000	2.000000	469.000000	500.000000	-3.814073
400	-40.000000	2.000000	469.000000	500.000000	-3.814073
401	-40.000000	2.000000	479.000000	500.000000	-3.814073
402	-40.000000	-2.000000	479.000000	500.000000	-4.085614
403	-40.000000	-2.000000	491.000000	500.000000	-4.085614
404	-41.000000	-5.000000	491.000000	500.000000	-2.202599
405	-41.000000	-5.000000	492.000000	500.000000	-2.202599
406	-41.000000	-5.000000	492.000000	500.000000	-2.202599
407	-40.000000	-8.000000	490.000000	500.000000	-3.814073
408	-40.000000	-8.000000	490.000000	500.000000	-3.814073
409	-40.000000	-8.000000	494.000000	500.000000	-3.814073
410	-38.000000	-10.000000	494.000000	500.000000	-3.945185
411	-38.000000	-10.000000	491.000000	500.000000	-3.945185
412	-37.000000	-12.000000	491.000000	500.000000	-3.814073
413	-37.000000	-12.000000	494.000000	500.000000	-3.814073
414	-37.000000	-12.000000	494.000000	500.000000	-3.814073
415	-36.000000	-13.000000	494.000000	500.000000	-3.945185
416	-36.000000	-13.000000	495.000000	500.000000	-3.945185
417	-36.000000	-13.000000	491.000000	500.000000	-3.945185
418	-35.000000	-14.000000	491.000000	500.000000	-2.385942
419	-35.000000	-14.000000	488.000000	500.000000	-2.385942
420	-34.000000	-14.000000	488.000000	500.000000	-2.121095
421	-34.000000	-14.000000	488.000000	500.000000	-2.121095
422	-34.000000	-14.000000	488.000000	500.000000	-2.121095
423	-33.000000	-14.000000	489.000000	500.000000	-4.236397
424	-33.000000	-14.000000	489.000000	500.000000	-4.236397
425	-32.000000	-14.000000	482.000000	500.000000	-4.085614
426	-32.000000	-14.000000	482.000000	500.000000	-4.085614
427	-32.000000	-14.000000	469.000000	500.000000	-4.085614
428	-31.000000	-12.000000	469.000000	500.000000	-3.945185
429	-31.000000	-12.000000	464.000000	500.000000	-3.945185
430	-31.000000	-12.000000	464.000000	500.000000	-3.945185
431	-32.000000	-10.000000	454.000000	500.000000	-3.814073
432	-32.000000	-10.000000	454.000000	500.000000	-3.814073
433	-32.000000	-10.000000	446.000000	500.000000	-3.814073
434	-33.000000	-8.000000	446.000000	500.000000	-3.814073
435	-33.000000	-8.000000	439.000000	500.000000	-3.814073
436	-34.000000	-5.000000	439.000000	500.000000	-2.290613
437	-34.000000	-5.000000	425.000000	500.000000	-2.290613
438	-34.000000	-5.000000	425.000000	500.000000	-2.290613
439	-34.000000	-2.000000	418.000000	500.000000	-3.576335
440	-34.000000	-2.000000	418.000000	500.000000	-3.576335
441	-34.000000	-2.000000	410.000000	500.000000	-3.576335
442	-35.000000	2.000000	410.000000	500.000000	-3.366464
443	-35.000000	2.000000	404.000000	500.000000	-3.366464
444	-33.000000	4.000000	404.000000	500.000000	-3.814073
445	-33.000000	4.000000	403.000000	500.000000	-3.814073
446	-33.000000	4.000000	403.000000	500.000000	-3.814073
447	-33.000000	6.000000	404.000000	500.000000	-3.366464
448	-33.000000	6.000000	404.000000	500.000000	-3.366464
449	-31.000000	8.000000	404.000000	500.000000	-3.576335
450	-31.000000	8.000000	404.000000	500.000000	-3.576335
451	-31.000000	8.000000	408.000000	500.000000	-3.576335
452	-31.000000	8.000000	408.000000	500.000000	-3.576335
453	-28.000000	9.000000	412.000000	500.000000	-5.194427
454	-28.000000	9.000000	412.000000	500.000000	-5.194427
455	-25.000000	9.000000	421.000000	500.000000	-3.814073
456	-25.000000	9.000000	421.000000	500.000000	-3.814073
457	-25.000000	9.000000	434.000000	500.000000	-3.814073
458	-23.000000	10.000000	434.000000	500.000000	-4.398703
459	-23.000000	10.000000	447.000000	500.000000	-4.398703
460	-20.000000	12.000000	447.000000	500.000000	-5.355824
461	-20.000000	12.000000	467.000000	500.000000	-5.355824
462	-20.000000	12.000000	467.000000	500.000000	-5.355824
463	-16.000000	13.000000	477.000000	500.000000	-4.398703
464	-16.000000	13.000000	477.000000	500.000000	-4.398703
465	-16.000000	13.000000	497.000000	500.000000	-4.398703
466	-12.000000	12.000000	497.000000	500.000000	-5.194427
467	-12.000000	12.000000	518.000000	500.000000	-5.194427
468	-12.000000	12.000000	518.000000	500.000000	-5.194427
469	-8.000000	11.000000	531.000000	500.000000	-4.398703
470	-8.000000	11.000000	531.000000	500.000000	-4.398703
471	-5.000000	10.000000	550.000000	500.000000	-4.398703
472	-5.000000	10.000000	550.000000	500.000000	-4.398703
473	-5.000000	10.000000	564.000000	500.000000	-4.398703
474	0.000000	9.000000	564.000000	500.000000	-4.398703
475	0.000000	9.000000	576.000000	500.000000	-4.398703
476	0.000000	9.000000	576.000000	500.000000	-4.398703
477	3.000000	9.000000	584.000000	500.000000	-2.385942
478	3.000000	9.000000	584.000000	500.000000	-2.385942
479	5.000000	9.000000	597.000000	500.000000	0.000000
480	5.000000	9.000000	597.000000	500.000000	0.000000
481	5.000000	9.000000	600.000000	500.000000	0.000000
482	6.000000	9.000000	600.000000	500.000000	-2.385942
483	6.000000	9.000000	607.000000	500.000000	-2.385942
484	8.000000	8.000000	607.000000	500.000000	-2.385942
485	8.000000	8.000000	607.000000	500.000000	-4.763640
486	8.000000	8.000000	607.000000	500.000000	-4.763640
487	10.000000	7.000000	601.000000	500.000000	-4.763640
488	10.000000	7.000000	601.000000	500.000000	-4.763640
489	10.000000	7.000000	599.000000	500.000000	-4.763640
490	10.000000	5.000000	599.000000	500.000000	-4.398703
491	10.000000	5.000000	590.000000	500.000000	-4.398703
492	12.000000	3.000000	590.000000	500.000000	-4.763640
493	12.000000	3.000000	577.000000	500.000000	-4.763640
494	12.000000	3.000000	577.000000	500.000000	-4.763640
495	14.000000	1.000000	565.000000	500.000000	-2.602562
496	14.000000	1.000000	565.000000	500.000000	-2.602562
497	14.000000	1.000000	549.000000	500.000000	-2.602562
498	19.000000	-3.000000	549.000000	500.000000	-4.573918
499	19.000000	-3.000000	531.000000	500.000000	-4.573918
500	19.000000	-3.000000	531.000000	500.000000	-4.573918
501	23.000000	-4.000000	516.000000	500.000000	-2.290613
502	23.000000	-4.000000	516.000000	500.000000	-2.290613
503	26.000000	-7.000000	496.000000	500.000000	-4.085614
504	26.000000	-7.000000	496.000000	500.000000	-4.085614
505	26.000000	-7.000000	479.000000	500.000000	-4.085614
506	29.000000	-11.000000	479.000000	500.000000	-3.012790
507	29.000000	-11.000000	456.000000	500.000000	-3.012790
508	29.000000	-11.000000	456.000000	500.000000	-3.012790
509	32.000000	-15.000000	439.000000	500.000000	-2.045409
510	32.000000	-15.000000	439.000000	500.000000	-2.045409
511	32.000000	-15.000000	417.000000	500.000000	-2.045409
512	31.000000	-18.000000	417.000000	500.000000	-3.691389
513	31.000000	-18.000000	402.000000	500.000000	-3.691389
514	28.000000	-20.000000	402.000000	500.000000	-3.576335
515	28.000000	-20.000000	379.000000	500.000000	-3.576335
516	28.000000	-20.000000	379.000000	500.000000	-3.576335
517	24.000000	-22.000000	365.000000	500.000000	-1.974935
518	24.000000	-22.000000	365.000000	500.000000	-1.974935
519	24.000000	-22.000000	353.000000	500.000000	-1.974935
520	15.000000	-22.000000	353.000000	500.000000	-3.366464
521	15.000000	-22.000000	343.000000	500.000000	-3.366464
522	9.000000	-22.000000	343.000000	500.000000	-3.094055
523	9.000000	-22.000000	338.000000	500.000000	-3.094055
524	9.000000	-22.000000	338.000000	500.000000	-3.094055
525	3.000000	-19.000000	337.000000	500.000000	-3.179829
526	3.000000	-19.000000	337.000000	500.000000	-3.179829
527	-5.000000	-15.000000	340.000000	500.000000	-4.513990
528	-5.000000	-15.000000	340.000000	500.000000	-4.513990
529	-5.000000	-15.000000	345.000000	500.000000	-4.513990
530	-13.000000	-10.000000	345.000000	500.000000	-6.009002
531	-13.000000	-10.000000	352.000000	500.000000	-6.009002
532	-13.000000	-10.000000	352.000000	500.000000	-6.009002
533	-20.000000	-9.000000	353.000000	500.000000	-6.340191
534	-20.000000	-9.000000	353.000000	500.000000	-6.340191
535	-20.000000	-9.000000	360.000000	500.000000	-6.340191
536	-27.000000	-7.000000	360.000000	500.000000	-6.519805
537	-27.000000	-7.000000	371.000000	500.000000	-6.519805
538	-34.000000	-5.000000	371.000000	500.000000	-8.365889
539	-34.000000	-5.000000	387.000000	500.000000	-8.365889
540	-39.000000	-4.000000	387.000000	500.000000	-10.007982
541	-39.000000	-4.000000	406.000000	500.000000	-10.007982
542	-39.000000	-4.000000	406.000000	500.000000	-10.007982
543	-39.000000	-4.000000	427.000000	500.000000	-10.007982
544	-43.000000	-2.000000	427.000000	500.000000	-12.339085
545	-43.000000	-2.000000	454.000000	500.000000	-12.339085
546	-46.000000	0.000000	454.000000	500.000000	-12.994619
547	-46.000000	0.000000	477.000000	500.000000	-12.994619
548	-46.000000	0.000000	477.000000	500.000000	-12.994619
549	-47.000000	3.000000	527.000000	500.000000	-13.134023
550	-47.000000	3.000000	527.000000	500.000000	-13.134023
551	-47.000000	5.000000	534.000000	500.000000	-15.945397
552	-47.000000	5.000000	534.000000	500.000000	-15.945397
553	-47.000000	5.000000	549.000000	500.000000	-15.945397
554	-47.000000	5.000000	549.000000	500.000000	-15.945397
555	-46.000000	4.000000	558.000000	500.000000	-14.534458
556	-46.000000	4.000000	558.000000	500.000000	-14.534458
557	-46.000000	1.000000	570.000000	500.000000	-14.036243
558	-46.000000	1.000000	570.000000	500.000000	-14.036243
559	-46.000000	1.000000	587.000000	500.000000	-14.036243
560	-47.000000	-3.000000	587.000000	500.000000	-14.620873
561	-47.000000	-3.000000	610.000000	500.000000	-14.620873
562	-48.000000	-8.000000	610.000000	500.000000	-12.994619
563	-48.000000	-8.000000	620.000000	500.000000	-12.994619
564	-48.000000	-8.000000	620.000000	500.000000	-12.994619
565	-49.000000	-18.000000	636.000000	500.000000	-9.865805
566	-49.000000	-18.000000	636.000000	500.000000	-9.865805
567	-49.000000	-18.000000	640.000000	500.000000	-9.865805
568	-50.000000	-25.000000	640.000000	500.000000	-8.530763
569	-50.000000	-25.000000	667.000000	500.000000	-8.530763
570	-50.000000	-32.000000	667.000000	500.000000	-10.885525
571	-50.000000	-32.000000	704.000000	500.000000	-10.885525
572	-50.000000	-32.000000	704.000000	500.000000	-10.885525
573	-51.000000	-36.000000	679.000000	500.000000	-5.710591
574	-51.000000	-36.000000	679.000000	500.000000	-5.710591
575	-51.000000	-36.000000	643.000000	500.000000	-5.710591
576	-51.000000	-37.000000	643.000000	500.000000	-6.581946
577	-51.000000	-37.000000	623.000000	500.000000	-6.581946
578	-51.000000	-36.000000	623.000000	500.000000	-5.194427
579	-51.000000	-36.000000	612.000000	500.000000	-5.194427
580	-51.000000	-36.000000	612.000000	500.000000	-5.194427
581	-51.000000	-35.000000	597.000000	500.000000	-4.763640
582	-51.000000	-35.000000	597.000000	500.000000	-4.763640
583	-51.000000	-35.000000	575.000000	500.000000	-4.763640
584	-52.000000	-34.000000	575.000000	500.000000	-6.115505
585	-52.000000	-34.000000	558.000000	500.000000	-6.115505
586	-52.000000	-34.000000	558.000000	500.000000	-6.115505
587	-53.000000	-35.000000	538.000000	500.000000	-7.594644
588	-53.000000	-35.000000	538.000000	500.000000	-7.594644
589	-53.000000	-36.000000	530.000000	500.000000	-7.594644
590	-53.000000	-36.000000	530.000000	500.000000	-7.594644
591	-53.000000	-36.000000	503.000000	500.000000	-7.594644
592	-52.000000	-38.000000	503.000000	500.000000	-7.352377
593	-52.000000	-38.000000	470.000000	500.000000	-7.352377
594	-50.000000	-41.000000	470.000000	500.000000	-8.880660
595	-50.000000	-41.000000	434.000000	500.000000	-8.880660
596	-50.000000	-41.000000	434.000000	500.000000	-8.880660
597	-47.000000	-44.000000	412.000000	500.000000	-9.462325
598	-47.000000	-44.000000	412.000000	500.000000	-9.462325
599	-47.000000	-44.000000	374.000000	500.000000	-9.462325
600	-45.000000	-45.000000	374.000000	500.000000	-7.594644
601	-45.000000	-45.000000	349.000000	500.000000	-7.594644
602	-45.000000	-45.000000	349.000000	500.000000	-7.594644
603	-43.000000	-35.000000	324.000000	500.000000	-7.125014
604	-43.000000	-35.000000	324.000000	500.000000	-7.125014
605	-42.000000	-42.000000	305.000000	500.000000	-7.305761
606	-42.000000	-42.000000	305.000000	500.000000	-7.305761
607	-42.000000	-42.000000	291.000000	500.000000	-7.305761
608	-42.000000	-36.000000	291.000000	500.000000	-6.709834
609	-42.000000	-36.000000	277.000000	500.000000	-6.709834
610	-42.000000	-36.000000	277.000000	500.000000	-6.709834
611	-43.000000	-27.000000	262.000000	500.000000	-7.305761
612	-43.000000	-27.000000	262.000000	500.000000	-7.305761
613	-43.000000	-27.000000	258.000000	500.000000	-7.305761
614	-44.000000	-18.000000	258.000000	500.000000	-7.765167
615	-44.000000	-18.000000	252.000000	500.000000	-7.765167
616	-45.000000	-8.000000	252.000000	500.000000	-8.530763
617	-45.000000	-8.000000	250.000000	500.000000	-8.530763
618	-43.000000	2.000000	250.000000	500.000000	-7.431410
619	-43.000000	2.000000	276.000000	500.000000	-7.431410
620	-43.000000	2.000000	276.000000	500.000000	-7.431410
621	-43.000000	2.000000	259.000000	500.000000	-7.431410
622	-39.000000	15.000000	259.000000	500.000000	-8.972628
623	-39.000000	15.000000	262.000000	500.000000	-8.972628
624	-34.000000	24.000000	262.000000	500.000000	-9.727582
625	-34.000000	24.000000	270.000000	500.000000	-9.727582
626	-34.000000	24.000000	270.000000	500.000000	-9.727582
627	-28.000000	32.000000	286.000000	500.000000	-10.619653
628	-28.000000	32.000000	286.000000	500.000000	-10.619653
629	-24.000000	36.000000	294.000000	500.000000	-10.619653
630	-24.000000	36.000000	294.000000	500.000000	-10.619653
631	-24.000000	36.000000	306.000000	500.000000	-10.619653
632	-21.000000	34.000000	306.000000	500.000000	-12.094755
633	-21.000000	34.000000	317.000000	500.000000	-12.094755
634	-21.000000	34.000000	317.000000	500.000000	-12.094755
635	-20.000000	28.000000	332.000000	500.000000	-11.592176
636	-20.000000	28.000000	332.000000	500.000000	-11.592176
637	-19.000000	21.000000	346.000000	500.000000	-11.309932
638	-19.000000	21.000000	361.000000	500.000000	-11.309932
639	-19.000000	21.000000	361.000000	500.000000	-11.309932
640	-22.000000	11.000000	361.000000	500.000000	-12.994619
641	-22.000000	11.000000	377.000000	500.000000	-12.994619
642	-25.000000	1.000000	388.000000	500.000000	-12.994619
643	-25.000000	1.000000	388.000000	500.000000	-12.994619
644	-25.000000	1.000000	396.000000	500.000000	-12.994619
645	-25.000000	1.000000	396.000000	500.000000	-12.994619
646	-30.000000	-10.000000	426.000000	500.000000	-14.036243
647	-30.000000	-10.000000	426.000000	500.000000	-14.036243
648	-35.000000	-18.000000	426.000000	500.000000	-14.036243
649	-35.000000	-18.000000	430.000000	500.000000	-14.036243
650	-35.000000	-18.000000	430.000000	500.000000	-14.036243
651	-39.000000	-25.000000	454.000000	500.000000	-12.724355
652	-39.000000	-25.000000	490.000000	500.000000	-12.724355
653	-42.000000	-30.000000	490.000000	500.000000	-14.036243
654	-42.000000	-30.000000	514.000000	500.000000	-14.036243
655	-42.000000	-30.000000	514.000000	500.000000	-14.036243
656	-43.000000	-34.000000	506.000000	500.000000	-13.570431
657	-43.000000	-34.000000	506.000000	500.000000	-13.570431
658	-43.000000	-34.000000	506.000000	500.000000	-13.570431
659	-44.000000	-35.000000	527.000000	500.000000	-12.994619
660	-44.000000	-35.000000	536.000000	500.000000	-12.994619
661	-47.000000	-36.000000	536.000000	500.000000	-12.994619
662	-47.000000	-36.000000	557.000000	500.000000	-12.994619
663	-47.000000	-36.000000	557.000000	500.000000	-12.994619
664	-49.000000	-38.000000	573.000000	500.000000	-12.528807
665	-49.000000	-38.000000	573.000000	500.000000	-12.528807
666	-49.000000	-38.000000	564.000000	500.000000	-12.528807
667	-56.000000	-43.000000	564.000000	500.000000	-11.768293
668	-56.000000	-43.000000	577.000000	500.000000	-11.768293
669	-56.000000	-43.000000	577.000000	500.000000	-11.768293
670	-62.000000	-47.000000	589.000000	500.000000	-11.309932
671	-62.000000	-47.000000	589.000000	500.000000	-11.309932
672	-62.000000	-44.000000	573.000000	500.000000	0.000000
673	-62.000000	-44.000000	573.000000	500.000000	0.000000
674	-62.000000	-44.000000	565.000000	500.000000	0.000000
675	-70.000000	-48.000000	565.000000	500.000000	77.471192
676	-70.000000	-48.000000	559.000000	500.000000	77.471192
677	-70.000000	-48.000000	559.000000	500.000000	77.471192
678	-73.000000	-53.000000	556.000000	500.000000	75.963757
679	-73.000000	-53.000000	556.000000	500.000000	75.963757
680	-73.000000	-53.000000	539.000000	500.000000	75.963757
681	-75.000000	-56.000000	539.000000	500.000000	75.963757
682	-75.000000	-56.000000	551.000000	500.000000	75.963757
683	-75.000000	-56.000000	551.000000	500.000000	75.963757
684	-75.000000	-56.000000	507.000000	500.000000	75.963757
685	-75.000000	-56.000000	507.000000	500.000000	75.963757
686	-75.000000	-56.000000	498.000000	500.000000	75.963757
687	-75.000000	-56.000000	498.000000	500.000000	75.963757
688	-75.000000	-56.000000	482.000000	500.000000	75.963757
689	-75.000000	-56.000000	482.000000	500.000000	75.963757
690	-75.000000	-56.000000	481.000000	500.000000	75.963757
691	-75.000000	-56.000000	481.000000	500.000000	75.963757
692	-75.000000	-56.000000	443.000000	500.000000	75.963757
693	-75.000000	-56.000000	443.000000	500.000000	75.963757
694	-75.000000	-56.000000	411.000000	500.000000	75.963757
695	-75.000000	-56.000000	411.000000	500.000000	75.963757
696	-75.000000	-56.000000	389.000000	500.000000	75.963757
697	-75.000000	-56.000000	389.000000	500.000000	75.963757
698	-75.000000	-56.000000	372.000000	500.000000	75.963757
699	-75.000000	-56.000000	372.000000	500.000000	75.963757
700	-75.000000	-56.000000	359.000000	500.000000	75.963757
701	-75.000000	-56.000000	359.000000	500.000000	75.963757
702	-75.000000	-56.000000	360.000000	500.000000	75.963757
703	-75.000000	-56.000000	360.000000	500.000000	75.963757
704	-75.000000	-56.000000	331.000000	500.000000	75.963757
705	-75.000000	-56.000000	331.000000	500.000000	75.963757
706	-75.000000	-56.000000	331.000000	500.000000	75.963757
707	-75.000000	-56.000000	320.000000	500.000000	75.963757
708	-75.000000	-56.000000	312.000000	500.000000	75.963757
709	-75.000000	-56.000000	312.000000	500.000000	75.963757
710	-75.000000	-56.000000	319.000000	500.000000	75.963757
711	-75.000000	-56.000000	319.000000	500.000000	75.963757
712	-75.000000	-56.000000	317.000000	500.000000	75.963757
713	-75.000000	-56.000000	317.000000	500.000000	75.963757
714	-75.000000	-56.000000	315.000000	500.000000	75.963757
715	-75.000000	-56.000000	315.000000	500.000000	75.963757
716	-75.000000	-56.000000	321.000000	500.000000	75.963757
717	-75.000000	-56.000000	321.000000	500.000000	75.963757
718	-75.000000	-56.000000	331.000000	500.000000	75.963757
719	-75.000000	-56.000000	331.000000	500.000000	75.963757
720	-75.000000	-56.000000	339.000000	500.000000	75.963757
721	-75.000000	-56.000000	339.000000	500.000000	75.963757
722	-75.000000	-56.000000	358.000000	500.000000	75.963757
723	-75.000000	-56.000000	358.000000	500.000000	75.963757
724	-75.000000	-56.000000	358.000000	500.000000	75.963757
725	-75.000000	-56.000000	358.000000	500.000000	75.963757
726	-75.000000	-56.000000	360.000000	500.000000	75.963757
727	-75.000000	-56.000000	360.000000	500.000000	75.963757
728	-75.000000	-56.000000	360.000000	500.000000	75.963757
729	-75.000000	-56.000000	360.000000	500.000000	75.963757
730	-75.000000	-56.000000	341.000000	500.000000	75.963757
731	-75.000000	-56.000000	341.000000	500.000000	75.963757
732	-75.000000	-56.000000	375.000000	500.000000	75.963757
733	-75.000000	-56.000000	375.000000	500.000000	75.963757
734	-75.000000	-56.000000	375.000000	500.000000	75.963757
735	-75.000000	-56.000000	375.000000	500.000000	75.963757
736	-75.000000	-56.000000	431.000000	500.000000	75.963757
737	-75.000000	-56.000000	431.000000	500.000000	75.963757
738	-75.000000	-56.000000	459.000000	500.000000	75.963757
739	-75.000000	-56.000000	459.000000	500.000000	75.963757
740	-75.000000	-56.000000	497.000000	500.000000	75.963757
741	-75.000000	-56.000000	497.000000	500.000000	75.963757
742	-75.000000	-56.000000	535.000000	500.000000	75.963757
743	-75.000000	-56.000000	535.000000	500.000000	75.963757
744	-75.000000	-56.000000	535.000000	500.000000	75.963757
745	-75.000000	-56.000000	535.000000	500.000000	75.963757
746	-75.000000	-56.000000	535.000000	500.000000	75.963757
747	-75.000000	-56.000000	535.000000	500.000000	75.963757
748	-75.000000	-56.000000	535.000000	500.000000	75.963757
749	-75.000000	-56.000000	535.000000	500.000000	75.963757
750	-75.000000	-56.000000	535.000000	500.000000	75.963757
751	-75.000000	-56.000000	535.000000	500.000000	75.963757
752	-75.000000	-56.000000	416.000000	500.000000	75.963757
753	-75.000000	-56.000000	416.000000	500.000000	75.963757
754	-75.000000	-56.000000	416.000000	500.000000	75.963757
755	-75.000000	-56.000000	416.000000	500.000000	75.963757
756	-75.000000	-56.000000	465.000000	500.000000	75.963757
757	-75.000000	-56.000000	465.000000	500.000000	75.963757
758	-75.000000	-56.000000	465.000000	500.000000	75.963757
759	-75.000000	-56.000000	465.000000	500.000000	75.963757
760	-75.000000	-56.000000	371.000000	500.000000	75.963757
761	-75.000000	-56.000000	371.000000	500.000000	75.963757
762	-75.000000	-56.000000	369.000000	500.000000	75.963757
763	-75.000000	-56.000000	369.000000	500.000000	75.963757
764	-75.000000	-56.000000	364.000000	500.000000	75.963757
765	-75.000000	-56.000000	364.000000	500.000000	75.963757
766	-75.000000	-56.000000	364.000000	500.000000	75.963757
767	-75.000000	-56.000000	364.000000	500.000000	75.963757
768	-75.000000	-56.000000	433.000000	500.000000	75.963757
769	-75.000000	-56.000000	433.000000	500.000000	75.963757
770	-75.000000	-56.000000	433.000000	500.000000	75.963757
771	-75.000000	-56.000000	433.000000	500.000000	75.963757
772	-75.000000	-56.000000	442.000000	500.000000	75.963757
773	-75.000000	-56.000000	442.000000	500.000000	75.963757
774	-75.000000	-56.000000	476.000000	500.000000	75.963757
775	-75.000000	-56.000000	476.000000	500.000000	75.963757
776	-75.000000	-56.000000	480.000000	500.000000	75.963757
777	-75.000000	-56.000000	480.000000	500.000000	75.963757
778	-75.000000	-56.000000	476.000000	500.000000	75.963757
779	-75.000000	-56.000000	476.000000	500.000000	75.963757
780	-75.000000	-56.000000	509.000000	500.000000	75.963757
781	-75.000000	-56.000000	509.000000	500.000000	75.963757
782	-75.000000	-56.000000	499.000000	500.000000	75.963757
783	-75.000000	-56.000000	499.000000	500.000000	75.963757
784	-75.000000	-56.000000	537.000000	500.000000	75.963757
785	-75.000000	-56.000000	537.000000	500.000000	75.963757
786	-75.000000	-56.000000	509.000000	500.000000	75.963757
787	-75.000000	-56.000000	509.000000	500.000000	75.963757
788	-75.000000	-56.000000	543.000000	500.000000	75.963757
789	-75.000000	-56.000000	543.000000	500.000000	75.963757
790	-75.000000	-56.000000	553.000000	500.000000	75.963757
791	-75.000000	-56.000000	553.000000	500.000000	75.963757
792	-75.000000	-56.000000	574.000000	500.000000	75.963757
793	-75.000000	-56.000000	574.000000	500.000000	75.963757
794	-75.000000	-56.000000	574.000000	500.000000	75.963757
795	-75.000000	-56.000000	574.000000	500.000000	75.963757
796	-75.000000	-56.000000	519.000000	500.000000	75.963757
797	-75.000000	-56.000000	519.000000	500.000000	75.963757
798	-75.000000	-56.000000	519.000000	500.000000	75.963757
799	-75.000000	-56.000000	519.000000	500.000000	75.963757
800	-75.000000	-56.000000	629.000000	500.000000	75.963757
801	-75.000000	-56.000000	629.000000	500.000000	75.963757
802	-75.000000	-56.000000	703.000000	500.000000	75.963757
803	-75.000000	-56.000000	703.000000	500.000000	75.963757
804	-75.000000	-56.000000	703.000000	500.000000	75.963757
805	-75.000000	-56.000000	813.000000	500.000000	75.963757
806	-75.000000	-56.000000	813.000000	500.000000	75.963757
807	-75.000000	-56.000000	813.000000	500.000000	75.963757
808	-75.000000	-56.000000	761.000000	500.000000	75.963757
809	-75.000000	-56.000000	761.000000	500.000000	75.963757
810	-75.000000	-56.000000	761.000000	500.000000	75.963757
811	-75.000000	-56.000000	761.000000	500.000000	75.963757
812	-75.000000	-56.000000	719.000000	500.000000	75.963757
813	-75.000000	-56.000000	719.000000	500.000000	75.963757
814	-75.000000	-56.000000	719.000000	500.000000	75.963757
815	-75.000000	-56.000000	719.000000	500.000000	75.963757
816	-75.000000	-56.000000	719.000000	500.000000	75.963757
817	-75.000000	-56.000000	719.000000	500.000000	75.963757
818	-75.000000	-56.000000	719.000000	500.000000	75.963757
819	-75.000000	-56.000000	719.000000	500.000000	75.963757
820	-75.000000	-56.000000	658.000000	500.000000	75.963757
821	-75.000000	-56.000000	658.000000	500.000000	75.963757
822	-75.000000	-56.000000	658.000000	500.000000	75.963757
823	-75.000000	-56.000000	658.000000	500.000000	75.963757
824	-75.000000	-56.000000	601.000000	500.000000	75.963757
825	-75.000000	-56.000000	601.000000	500.000000	75.963757
826	-75.000000	-56.000000	541.000000	500.000000	75.963757
827	-75.000000	-56.000000	541.000000	500.000000	75.963757
828	-75.000000	-56.000000	456.000000	500.000000	75.963757
829	-75.000000	-56.000000	456.000000	500.000000	75.963757
830	-75.000000	-56.000000	386.000000	500.000000	75.963757
831	-75.000000	-56.000000	386.000000	500.000000	75.963757
832	-75.000000	-56.000000	297.000000	500.000000	75.963757
833	-75.000000	-56.000000	297.000000	500.000000	75.963757
834	-75.000000	-56.000000	213.000000	500.000000	75.963757
835	-75.000000	-56.000000	213.000000	500.000000	75.963757
836	-75.000000	-56.000000	112.000000	500.000000	75.963757
837	-75.000000	-56.000000	112.000000	500.000000	75.963757
838	-75.000000	-56.000000	572.000000	500.000000	75.963757
839	-75.000000	-56.000000	572.000000	500.000000	75.963757
840	-75.000000	-56.000000	467.000000	500.000000	75.963757
841	-75.000000	-56.000000	467.000000	500.000000	75.963757
842	-75.000000	-56.000000	467.000000	500.000000	75.963757
843	-75.000000	-56.000000	467.000000	500.000000	75.963757
844	-75.000000	-56.000000	330.000000	500.000000	75.963757
845	-75.000000	-56.000000	330.000000	500.000000	75.963757
846	-75.000000	-56.000000	229.000000	500.000000	75.963757
847	-75.000000	-56.000000	229.000000	500.000000	75.963757
848	-75.000000	-56.000000	229.000000	500.000000	75.963757
849	-75.000000	-56.000000	220.000000	500.000000	75.963757
850	-75.000000	-56.000000	217.000000	500.000000	75.963757
851	-75.000000	-56.000000	217.000000	500.000000	75.963757
852	-75.000000	-56.000000	217.000000	500.000000	75.963757
853	-75.000000	-56.000000	217.000000	500.000000	75.963757
854	-75.000000	-56.000000	218.000000	500.000000	75.963757
855	-75.000000	-56.000000	218.000000	500.000000	75.963757
856	-75.000000	-56.000000	219.000000	500.000000	75.963757
857	-75.000000	-56.000000	219.000000	500.000000	75.963757
858	-75.000000	-56.000000	218.000000	500.000000	75.963757
859	-75.000000	-56.000000	218.000000	500.000000	75.963757
860	-75.000000	-56.000000	244.000000	500.000000	75.963757
861	-75.000000	-56.000000	244.000000	500.000000	75.963757
862	-75.000000	-56.000000	230.000000	500.000000	75.963757
863	-75.000000	-56.000000	230.000000	500.000000	75.963757
864	-75.000000	-56.000000	218.000000	500.000000	75.963757
865	-75.000000	-56.000000	218.000000	500.000000	75.963757
866	-75.000000	-56.000000	218.000000	500.000000	75.963757
867	-75.000000	-56.000000	218.000000	500.000000	75.963757
868	-75.000000	-56.000000	217.000000	500.000000	75.963757
869	-75.000000	-56.000000	217.000000	500.000000	75.963757
870	-75.000000	-56.000000	218.000000	500.000000	75.963757
871	-75.000000	-56.000000	218.000000	500.000000	75.963757
872	-75.000000	-56.000000	218.000000	500.000000	75.963757
873	-75.000000	-56.000000	218.000000	500.000000	75.963757
874	-75.000000	-56.000000	218.000000	500.000000	75.963757
875	-75.000000	-56.000000	218.000000	500.000000	75.963757
876	-75.000000	-56.000000	217.000000	500.000000	75.963757
877	-75.000000	-56.000000	217.000000	500.000000	75.963757
878	-75.000000	-56.000000	218.000000	500.000000	75.963757
879	-75.000000	-56.000000	218.000000	500.000000	75.963757
880	-75.000000	-56.000000	218.000000	500.000000	75.963757
881	-75.000000	-56.000000	218.000000	500.000000	75.963757
882	-75.000000	-56.000000	218.000000	500.000000	75.963757
883	-75.000000	-56.000000	218.000000	500.000000	75.963757
884	-75.000000	-56.000000	217.000000	500.000000	75.963757
885	-75.000000	-56.000000	217.000000	500.000000	75.963757
886	-75.000000	-56.000000	217.000000	500.000000	75.963757
887	-75.000000	-56.000000	218.000000	500.000000	75.963757
888	-75.000000	-56.000000	218.000000	500.000000	75.963757
889	-75.000000	-56.000000	218.000000	500.000000	75.963757
890	-75.000000	-56.000000	218.000000	500.000000	75.963757
891	-75.000000	-56.000000	218.000000	500.000000	75.963757
892	-75.000000	-56.000000	218.000000	500.000000	75.963757
893	-75.000000	-56.000000	217.000000	500.000000	75.963757
894	-75.000000	-56.000000	217.000000	500.000000	75.963757
895	-75.000000	-56.000000	217.000000	500.000000	75.963757
896	-75.000000	-56.000000	218.000000	500.000000	75.963757
897	-75.000000	-56.000000	218.000000	500.000000	75.963757
898	-75.000000	-56.000000	218.000000	500.000000	75.963757
899	-75.000000	-56.000000	218.000000	500.000000	75.963757
900	-75.000000	-56.000000	217.000000	500.000000	75.963757
901	-75.000000	-56.000000	217.000000	500.000000	75.963757
902	-75.000000	-56.000000	217.000000	500.000000	75.963757
903	-75.000000	-56.000000	217.000000	500.000000	75.963757
904	-75.000000	-56.000000	217.000000	500.000000	75.963757
905	-75.000000	-56.000000	217.000000	500.000000	75.963757
906	-75.000000	-56.000000	218.000000	500.000000	75.963757
907	-75.000000	-56.000000	218.000000	500.000000	75.963757
908	-75.000000	-56.000000	217.000000	500.000000	75.963757
909	-75.000000	-56.000000	217.000000	500.000000	75.963757
910	-75.000000	-56.000000	217.000000	500.000000	75.963757
911	-75.000000	-56.000000	217.000000	500.000000	75.963757
912	-75.000000	-56.000000	217.000000	500.000000	75.963757
913	-75.000000	-56.000000	217.000000	500.000000	75.963757
914	-75.000000	-56.000000	218.000000	500.000000	75.963757
915	-75.000000	-56.000000	218.000000	500.000000	75.963757
916	-75.000000	-56.000000	217.000000	500.000000	75.963757
917	-75.000000	-56.000000	217.000000	500.000000	75.963757
918	-75.000000	-56.000000	217.000000	500.000000	75.963757
919	-75.000000	-56.000000	217.000000	500.000000	75.963757
920	-75.000000	-56.000000	217.000000	500.000000	75.963757
921	-75.000000	-56.000000	217.000000	500.000000	75.963757
922	-75.000000	-56.000000	218.000000	500.000000	75.963757
923	-75.000000	-56.000000	218.000000	500.000000	75.963757
924	-75.000000	-56.000000	218.000000	500.000000	75.963757
925	-75.000000	-56.000000	218.000000	500.000000	75.963757
926	-75.000000	-56.000000	217.000000	500.000000	75.963757
927	-75.000000	-56.000000	217.000000	500.000000	75.963757
928	-75.000000	-56.000000	218.000000	500.000000	75.963757
929	-75.000000	-56.000000	218.000000	500.000000	75.963757
930	-75.000000	-56.000000	218.000000	500.000000	75.963757
931	-75.000000	-56.000000	218.000000	500.000000	75.963757
932	-75.000000	-56.000000	217.000000	500.000000	75.963757
933	-75.000000	-56.000000	217.000000	500.000000	75.963757
934	-75.000000	-56.000000	217.000000	500.000000	75.963757
935	-75.000000	-56.000000	217.000000	500.000000	75.963757
936	-75.000000	-56.000000	217.000000	500.000000	75.963757
937	-75.000000	-56.000000	217.000000	500.000000	75.963757
938	-75.000000	-56.000000	218.000000	500.000000	75.963757
939	-75.000000	-56.000000	217.000000	500.000000	75.963757
940	-75.000000	-56.000000	217.000000	500.000000	75.963757
941	-75.000000	-56.000000	217.000000	500.000000	75.963757
942	-75.000000	-56.000000	217.000000	500.000000	75.963757
943	-75.000000	-56.000000	217.000000	500.000000	75.963757
944	-75.000000	-56.000000	217.000000	500.000000	75.963757
945	-75.000000	-56.000000	217.000000	500.000000	75.963757
946	-75.000000	-56.000000	217.000000	500.000000	75.963757
947	-75.000000	-56.000000	217.000000	500.000000	75.963757
948	-75.000000	-56.000000	217.000000	500.000000	75.963757
949	-75.000000	-56.000000	217.000000	500.000000	75.963757
950	-75.000000	-56.000000	217.000000	500.000000	75.963757
951	-75.000000	-56.000000	217.000000	500.000000	75.963757
952	-75.000000	-56.000000	217.000000	500.000000	75.963757
953	-75.000000	-56.000000	218.000000	500.000000	75.963757
954	-75.000000	-56.000000	218.000000	500.000000	75.963757
955	-75.000000	-56.000000	218.000000	500.000000	75.963757
956	-75.000000	-56.000000	218.000000	500.000000	75.963757
957	-75.000000	-56.000000	218.000000	500.000000	75.963757
958	-75.000000	-56.000000	218.000000	500.000000	75.963757
959	-75.000000	-56.000000	218.000000	500.000000	75.963757
960	-75.000000	-56.000000	218.000000	500.000000	75.963757
961	-75.000000	-56.000000	218.000000	500.000000	75.963757
962	-75.000000	-56.000000	218.000000	500.000000	75.963757
963	-75.000000	-56.000000	217.000000	500.000000	75.963757
964	-75.000000	-56.000000	217.000000	500.000000	75.963757
965	-75.000000	-56.000000	217.000000	500.000000	75.963757
966	-75.000000	-56.000000	217.000000	500.000000	75.963757
967	-75.000000	-56.000000	217.000000	500.000000	75.963757
968	-75.000000	-56.000000	217.000000	500.000000	75.963757
969	-75.000000	-56.000000	217.000000	500.000000	75.963757
970	-75.000000	-56.000000	217.000000	500.000000	75.963757
971	-75.000000	-56.000000	217.000000	500.000000	75.963757
972	-75.000000	-56.000000	217.000000	500.000000	75.963757
973	-75.000000	-56.000000	217.000000	500.000000	75.963757
974	-75.000000	-56.000000	217.000000	500.000000	75.963757
975	-75.000000	-56.000000	217.000000	500.000000	75.963757
976	-75.000000	-56.000000	217.000000	500.000000	75.963757
977	-75.000000	-56.000000	217.000000	500.000000	75.963757
978	-75.000000	-56.000000	217.000000	500.000000	75.963757
979	-75.000000	-56.000000	217.000000	500.000000	75.963757
980	-75.000000	-56.000000	217.000000	500.000000	75.963757
981	-75.000000	-56.000000	218.000000	500.000000	75.963757
982	-75.000000	-56.000000	218.000000	500.000000	75.963757
983	-75.000000	-56.000000	218.000000	500.000000	75.963757
984	-75.000000	-56.000000	218.000000	500.000000	75.963757
985	-75.000000	-56.000000	218.000000	500.000000	75.963757
986	-75.000000	-56.000000	218.000000	500.000000	75.963757
987	-75.000000	-56.000000	217.000000	500.000000	75.963757
988	-75.000000	-56.000000	217.000000	500.000000	75.963757
989	-75.000000	-56.000000	217.000000	500.000000	75.963757
990	-75.000000	-56.000000	217.000000	500.000000	75.963757
991	-75.000000	-56.000000	217.000000	500.000000	75.963757
992	-75.000000	-56.000000	217.000000	500.000000	75.963757
993	-75.000000	-56.000000	217.000000	500.000000	75.963757
994	-75.000000	-56.000000	217.000000	500.000000	75.963757
995	-75.000000	-56.000000	217.000000	500.000000	75.963757
996	-75.000000	-56.000000	217.000000	500.000000	75.963757
997	-75.000000	-56.000000	217.000000	500.000000	75.963757
998	-75.000000	-56.000000	217.000000	500.000000	75.963757
999	-75.000000	-56.000000	217.000000	500.000000	75.963757
1000	-75.000000	-56.000000	217.000000	500.000000	75.963757
1001	-75.000000	-56.000000	217.000000	500.000000	75.963757
1002	-75.000000	-56.000000	217.000000	500.000000	75.963757
1003	-75.000000	-56.000000	217.000000	500.000000	75.963757
1004	-75.000000	-56.000000	217.000000	500.000000	75.963757
1005	-75.000000	-56.000000	217.000000	500.000000	75.963757
1006	-75.000000	-56.000000	217.000000	500.000000	75.963757
1007	-75.000000	-56.000000	217.000000	500.000000	75.963757
1008	-75.000000	-56.000000	217.000000	500.000000	75.963757
1009	-75.000000	-56.000000	217.000000	500.000000	75.963757
1010	-75.000000	-56.000000	217.000000	500.000000	75.963757
1011	-75.000000	-56.000000	217.000000	500.000000	75.963757
1012	-75.000000	-56.000000	218.000000	500.000000	75.963757
1013	-75.000000	-56.000000	217.000000	500.000000	75.963757
1014	-75.000000	-56.000000	217.000000	500.000000	75.963757
1015	-75.000000	-56.000000	217.000000	500.000000	75.963757
1016	-75.000000	-56.000000	217.000000	500.000000	75.963757
1017	-75.000000	-56.000000	217.000000	500.000000	75.963757
1018	-75.000000	-56.000000	217.000000	500.000000	75.963757
1019	-75.000000	-56.000000	217.000000	500.000000	75.963757
1020	-75.000000	-56.000000	217.000000	500.000000	75.963757
1021	-75.000000	-56.000000	217.000000	500.000000	75.963757
1022	-75.000000	-56.000000	217.000000	500.000000	75.963757
1023	-75.000000	-56.000000	217.000000	500.000000	75.963757
1024	-75.000000	-56.000000	217.000000	500.000000	75.963757
1025	-75.000000	-56.000000	217.000000	500.000000	75.963757
1026	-75.000000	-56.000000	217.000000	500.000000	75.963757
1027	-75.000000	-56.000000	217.000000	500.000000	75.963757
1028	-75.000000	-56.000000	217.000000	500.000000	75.963757
1029	-75.000000	-56.000000	217.000000	500.000000	75.963757
1030	-75.000000	-56.000000	218.000000	500.000000	75.963757
1031	-75.000000	-56.000000	217.000000	500.000000	75.963757
1032	-75.000000	-56.000000	217.000000	500.000000	75.963757
1033	-75.000000	-56.000000	217.000000	500.000000	75.963757
1034	-75.000000	-56.000000	217.000000	500.000000	75.963757
1035	-75.000000	-56.000000	217.000000	500.000000	75.963757
1036	-75.000000	-56.000000	217.000000	500.000000	75.963757
1037	-75.000000	-56.000000	218.000000	500.000000	75.963757
1038	-75.000000	-56.000000	218.000000	500.000000	75.963757
1039	-75.000000	-56.000000	217.000000	500.000000	75.963757
1040	-75.000000	-56.000000	217.000000	500.000000	75.963757
1041	-75.000000	-56.000000	217.000000	500.000000	75.963757
1042	-75.000000	-56.000000	217.000000	500.000000	75.963757
1043	-75.000000	-56.000000	217.000000	500.000000	75.963757
1044	-75.000000	-56.000000	217.000000	500.000000	75.963757
1045	-75.000000	-56.000000	217.000000	500.000000	75.963757
1046	-75.000000	-56.000000	217.000000	500.000000	75.963757
1047	-75.000000	-56.000000	217.000000	500.000000	75.963757
1048	-75.000000	-56.000000	217.000000	500.000000	75.963757
1049	-75.000000	-56.000000	217.000000	500.000000	75.963757
1050	-75.000000	-56.000000	217.000000	500.000000	75.963757
1051	-75.000000	-56.000000	217.000000	500.000000	75.963757
1052	-75.000000	-56.000000	217.000000	500.000000	75.963757
1053	-75.000000	-56.000000	217.000000	500.000000	75.963757
1054	-75.000000	-56.000000	217.000000	500.000000	75.963757
1055	-75.000000	-56.000000	217.000000	500.000000	75.963757
1056	-75.000000	-56.000000	217.000000	500.000000	75.963757
1057	-75.000000	-56.000000	218.000000	500.000000	75.963757
1058	-75.000000	-56.000000	218.000000	500.000000	75.963757
1059	-75.000000	-56.000000	217.000000	500.000000	75.963757
1060	-75.000000	-56.000000	217.000000	500.000000	75.963757
1061	-75.000000	-56.000000	217.000000	500.000000	75.963757
1062	-75.000000	-56.000000	217.000000	500.000000	75.963757
1063	-75.000000	-56.000000	217.000000	500.000000	75.963757
1064	-75.000000	-56.000000	217.000000	500.000000	75.963757
1065	-75.000000	-56.000000	217.000000	500.000000	75.963757
1066	-75.000000	-56.000000	217.000000	500.000000	75.963757
1067	-75.000000	-56.000000	217.000000	500.000000	75.963757
1068	-75.000000	-56.000000	218.000000	500.000000	75.963757
1069	-75.000000	-56.000000	218.000000	500.000000	75.963757
1070	-75.000000	-56.000000	218.000000	500.000000	75.963757
1071	-75.000000	-56.000000	220.000000	500.000000	75.963757
1072	-75.000000	-56.000000	220.000000	500.000000	75.963757
1073	-75.000000	-56.000000	220.000000	500.000000	75.963757
1074	-75.000000	-56.000000	225.000000	500.000000	75.963757
1075	-75.000000	-56.000000	221.000000	500.000000	75.963757
1076	-75.000000	-56.000000	221.000000	500.000000	75.963757
1077	-75.000000	-56.000000	220.000000	500.000000	75.963757
1078	-75.000000	-56.000000	220.000000	500.000000	75.963757
1079	-75.000000	-56.000000	220.000000	500.000000	75.963757
1080	-75.000000	-56.000000	219.000000	500.000000	75.963757
1081	-75.000000	-56.000000	220.000000	500.000000	75.963757
1082	-75.000000	-56.000000	220.000000	500.000000	75.963757
1083	-75.000000	-56.000000	225.000000	500.000000	75.963757
1084	-75.000000	-56.000000	225.000000	500.000000	75.963757
1085	-75.000000	-56.000000	225.000000	500.000000	75.963757
1086	-75.000000	-56.000000	225.000000	500.000000	75.963757
1087	-75.000000	-56.000000	218.000000	500.000000	75.963757
1088	-75.000000	-56.000000	218.000000	500.000000	75.963757
1089	-75.000000	-56.000000	219.000000	500.000000	75.963757
1090	-75.000000	-56.000000	219.000000	500.000000	75.963757
1091	-75.000000	-56.000000	219.000000	500.000000	75.963757
1092	-75.000000	-56.000000	219.000000	500.000000	75.963757
1093	-75.000000	-56.000000	219.000000	500.000000	75.963757
1094	-75.000000	-56.000000	219.000000	500.000000	75.963757
1095	-75.000000	-56.000000	220.000000	500.000000	75.963757
1096	-75.000000	-56.000000	220.000000	500.000000	75.963757
1097	-75.000000	-56.000000	220.000000	500.000000	75.963757
1098	-75.000000	-56.000000	220.000000	500.000000	75.963757
1099	-75.000000	-56.000000	223.000000	500.000000	75.963757
1100	-75.000000	-56.000000	223.000000	500.000000	75.963757
1101	-75.000000	-56.000000	226.000000	500.000000	75.963757
1102	-75.000000	-56.000000	226.000000	500.000000	75.963757
1103	-75.000000	-56.000000	231.000000	500.000000	75.963757
1104	-75.000000	-56.000000	231.000000	500.000000	75.963757
1105	-75.000000	-56.000000	236.000000	500.000000	75.963757
1106	-75.000000	-56.000000	236.000000	500.000000	75.963757
1107	-75.000000	-56.000000	238.000000	500.000000	75.963757
1108	-75.000000	-56.000000	238.000000	500.000000	75.963757
1109	-75.000000	-56.000000	234.000000	500.000000	75.963757
1110	-75.000000	-56.000000	234.000000	500.000000	75.963757
1111	-75.000000	-56.000000	234.000000	500.000000	75.963757
1112	-75.000000	-56.000000	244.000000	500.000000	75.963757
1113	-75.000000	-56.000000	254.000000	500.000000	75.963757
1114	-75.000000	-56.000000	254.000000	500.000000	75.963757
1115	-75.000000	-56.000000	264.000000	500.000000	75.963757
1116	-75.000000	-56.000000	264.000000	500.000000	75.963757
1117	-75.000000	-56.000000	264.000000	500.000000	75.963757
1118	-75.000000	-56.000000	279.000000	500.000000	75.963757
1119	-75.000000	-56.000000	331.000000	500.000000	75.963757
1120	-75.000000	-56.000000	331.000000	500.000000	75.963757
1121	-75.000000	-56.000000	342.000000	500.000000	75.963757
1122	-75.000000	-56.000000	342.000000	500.000000	75.963757
1123	-75.000000	-56.000000	342.000000	500.000000	75.963757
1124	-75.000000	-56.000000	319.000000	500.000000	75.963757
1125	-75.000000	-56.000000	329.000000	500.000000	75.963757
1126	-75.000000	-56.000000	329.000000	500.000000	75.963757
1127	-75.000000	-56.000000	322.000000	500.000000	75.963757
1128	-75.000000	-56.000000	322.000000	500.000000	75.963757
1129	-75.000000	-56.000000	322.000000	500.000000	75.963757
1130	-75.000000	-56.000000	342.000000	500.000000	75.963757
1131	-75.000000	-56.000000	339.000000	500.000000	75.963757
1132	-75.000000	-56.000000	339.000000	500.000000	75.963757
1133	-75.000000	-56.000000	382.000000	500.000000	75.963757
1134	-75.000000	-56.000000	382.000000	500.000000	75.963757
1135	-75.000000	-56.000000	382.000000	500.000000	75.963757
1136	-75.000000	-56.000000	386.000000	500.000000	75.963757
1137	-75.000000	-56.000000	401.000000	500.000000	75.963757
1138	-75.000000	-56.000000	401.000000	500.000000	75.963757
1139	-75.000000	-56.000000	415.000000	500.000000	75.963757
1140	-75.000000	-56.000000	415.000000	500.000000	75.963757
1141	-75.000000	-56.000000	415.000000	500.000000	75.963757
1142	-75.000000	-56.000000	466.000000	500.000000	75.963757
1143	-75.000000	-56.000000	496.000000	500.000000	75.963757
1144	-75.000000	-56.000000	496.000000	500.000000	75.963757
1145	-75.000000	-56.000000	499.000000	500.000000	75.963757
1146	-75.000000	-56.000000	499.000000	500.000000	75.963757
1147	-75.000000	-56.000000	499.000000	500.000000	75.963757
1148	-75.000000	-56.000000	499.000000	500.000000	75.963757
1149	-75.000000	-56.000000	557.000000	500.000000	75.963757
1150	-75.000000	-56.000000	557.000000	500.000000	75.963757
1151	-75.000000	-56.000000	601.000000	500.000000	75.963757
1152	-75.000000	-56.000000	601.000000	500.000000	75.963757
1153	-75.000000	-56.000000	601.000000	500.000000	75.963757
1154	-75.000000	-56.000000	601.000000	500.000000	75.963757
1155	-75.000000	-56.000000	652.000000	500.000000	75.963757
1156	-75.000000	-56.000000	652.000000	500.000000	75.963757
1157	-75.000000	-56.000000	695.000000	500.000000	75.963757
1158	-75.000000	-56.000000	695.000000	500.000000	75.963757
1159	-75.000000	-56.000000	695.000000	500.000000	75.963757
1160	-75.000000	-56.000000	695.000000	500.000000	75.963757
1161	-75.000000	-56.000000	745.000000	500.000000	75.963757
1162	-75.000000	-56.000000	745.000000	500.000000	75.963757
1163	-75.000000	-56.000000	735.000000	500.000000	75.963757
1164	-75.000000	-56.000000	735.000000	500.000000	75.963757
1165	-75.000000	-56.000000	688.000000	500.000000	75.963757
1166	-75.000000	-56.000000	688.000000	500.000000	75.963757
1167	-75.000000	-56.000000	706.000000	500.000000	75.963757
1168	-75.000000	-56.000000	706.000000	500.000000	75.963757
1169	-75.000000	-56.000000	713.000000	500.000000	75.963757
1170	-75.000000	-56.000000	713.000000	500.000000	75.963757
1171	-75.000000	-56.000000	0.000000	500.000000	75.963757
1172	-75.000000	-56.000000	0.000000	500.000000	75.963757
1173	-75.000000	-56.000000	0.000000	500.000000	75.963757
1174	-75.000000	-56.000000	787.000000	500.000000	75.963757
1175	-75.000000	-56.000000	771.000000	500.000000	75.963757
1176	-75.000000	-56.000000	771.000000	500.000000	75.963757
1177	-75.000000	-56.000000	791.000000	500.000000	75.963757
1178	-75.000000	-56.000000	791.000000	500.000000	75.963757
1179	-75.000000	-56.000000	791.000000	500.000000	75.963757
1180	-75.000000	-56.000000	769.000000	500.000000	75.963757
1181	-75.000000	-56.000000	810.000000	500.000000	75.963757
1182	-75.000000	-56.000000	810.000000	500.000000	75.963757
1183	-75.000000	-56.000000	822.000000	500.000000	75.963757
1184	-75.000000	-56.000000	822.000000	500.000000	75.963757
1185	-75.000000	-56.000000	822.000000	500.000000	75.963757
1186	-75.000000	-56.000000	834.000000	500.000000	75.963757
1187	-75.000000	-56.000000	871.000000	500.000000	75.963757
1188	-75.000000	-56.000000	871.000000	500.000000	75.963757
1189	-75.000000	-56.000000	1126.000000	500.000000	75.963757
1190	-75.000000	-56.000000	1126.000000	500.000000	75.963757
1191	-75.000000	-56.000000	1126.000000	500.000000	75.963757
1192	-75.000000	-56.000000	576.000000	500.000000	75.963757
1193	-75.000000	-56.000000	534.000000	500.000000	75.963757
1194	-75.000000	-56.000000	534.000000	500.000000	75.963757
1195	-75.000000	-56.000000	0.000000	500.000000	75.963757
1196	-75.000000	-56.000000	0.000000	500.000000	75.963757
1197	-75.000000	-56.000000	0.000000	500.000000	75.963757
1198	-75.000000	-56.000000	0.000000	500.000000	75.963757
1199	-75.000000	-56.000000	2546.000000	500.000000	75.963757
1200	-75.000000	-56.000000	2546.000000	500.000000	75.963757
1201	-24.000000	19.000000	2577.000000	500.000000	33.690071
1202	-24.000000	19.000000	2577.000000	500.000000	33.690071
1203	-24.000000	19.000000	2577.000000	500.000000	33.690071
1204	-24.000000	19.000000	2577.000000	500.000000	33.690071
1205	-24.000000	19.000000	1251.000000	500.000000	33.690071
1206	-24.000000	19.000000	1251.000000	500.000000	33.690071
1207	-24.000000	19.000000	1556.000000	500.000000	33.690071
1208	-24.000000	19.000000	1556.000000	500.000000	33.690071
1209	-24.000000	19.000000	1571.000000	500.000000	33.690071
1210	-24.000000	19.000000	1571.000000	500.000000	33.690071
1211	-24.000000	19.000000	0.000000	500.000000	33.690071
1212	-24.000000	19.000000	0.000000	500.000000	33.690071
1213	-24.000000	19.000000	2401.000000	500.000000	33.690071
1214	-24.000000	19.000000	2401.000000	500.000000	33.690071
1215	-24.000000	19.000000	2372.000000	500.000000	33.690071
1216	-24.000000	19.000000	2372.000000	500.000000	33.690071
1217	-24.000000	19.000000	491.000000	500.000000	33.690071
1218	-24.000000	19.000000	491.000000	500.000000	33.690071
1219	-24.000000	19.000000	467.000000	500.000000	33.690071
1220	-24.000000	19.000000	467.000000	500.000000	33.690071
1221	-24.000000	19.000000	414.000000	500.000000	33.690071
1222	31.000000	-40.000000	414.000000	500.000000	-75.963757
1223	31.000000	-40.000000	414.000000	500.000000	-75.963757
1224	31.000000	-40.000000	376.000000	500.000000	-75.963757
1225	31.000000	-40.000000	350.000000	500.000000	-75.963757
1226	31.000000	-40.000000	350.000000	500.000000	-75.963757
1227	31.000000	-40.000000	344.000000	500.000000	-75.963757
1228	31.000000	-40.000000	344.000000	500.000000	-75.963757
1229	31.000000	-40.000000	344.000000	500.000000	-75.963757
1230	31.000000	-40.000000	297.000000	500.000000	-75.963757
1231	31.000000	-40.000000	259.000000	500.000000	-75.963757
1232	31.000000	-40.000000	259.000000	500.000000	-75.963757
1233	31.000000	-40.000000	239.000000	500.000000	-75.963757
1234	31.000000	-40.000000	239.000000	500.000000	-75.963757
1235	31.000000	-40.000000	239.000000	500.000000	-75.963757
1236	31.000000	-40.000000	223.000000	500.000000	-75.963757
1237	31.000000	-40.000000	220.000000	500.000000	-75.963757
1238	-1.000000	-1.000000	220.000000	500.000000	90.000000
1239	-1.000000	-1.000000	218.000000	500.000000	90.000000
1240	-1.000000	-1.000000	218.000000	500.000000	90.000000
1241	-1.000000	-1.000000	218.000000	500.000000	90.000000
1242	-1.000000	-1.000000	218.000000	500.000000	90.000000
1243	-1.000000	-1.000000	218.000000	500.000000	90.000000
1244	-1.000000	-1.000000	218.000000	500.000000	90.000000
1245	-1.000000	-1.000000	218.000000	500.000000	90.000000
1246	-1.000000	-1.000000	218.000000	500.000000	90.000000
1247	-1.000000	-1.000000	218.000000	500.000000	90.000000
1248	-1.000000	-1.000000	218.000000	500.000000	90.000000
1249	-1.000000	-1.000000	219.000000	500.000000	90.000000
1250	-1.000000	-1.000000	219.000000	500.000000	90.000000
1251	-1.000000	-1.000000	218.000000	500.000000	90.000000
1252	-1.000000	-1.000000	218.000000	500.000000	90.000000
1253	-1.000000	-1.000000	218.000000	500.000000	90.000000
1254	-1.000000	-1.000000	223.000000	500.000000	90.000000
1255	-1.000000	-1.000000	220.000000	500.000000	90.000000
1256	-1.000000	-1.000000	220.000000	500.000000	90.000000
1257	-1.000000	-1.000000	222.000000	500.000000	90.000000
1258	-1.000000	-1.000000	222.000000	500.000000	90.000000
1259	-1.000000	-1.000000	220.000000	500.000000	90.000000
1260	-1.000000	-1.000000	220.000000	500.000000	90.000000
1261	-1.000000	-1.000000	220.000000	500.000000	90.000000
1262	-1.000000	-1.000000	220.000000	500.000000	90.000000
1263	-1.000000	-1.000000	220.000000	500.000000	90.000000
1264	-1.000000	-1.000000	220.000000	500.000000	90.000000
1265	-1.000000	-1.000000	260.000000	500.000000	90.000000
1266	-1.000000	-1.000000	260.000000	500.000000	90.000000
1267	-1.000000	-1.000000	225.000000	500.000000	90.000000
1268	-1.000000	-1.000000	225.000000	500.000000	90.000000
1269	-1.000000	-1.000000	236.000000	500.000000	90.000000
1270	-1.000000	-1.000000	236.000000	500.000000	90.000000
1271	-1.000000	-1.000000	220.000000	500.000000	90.000000
1272	-1.000000	-1.000000	220.000000	500.000000	90.000000
1273	-1.000000	-1.000000	230.000000	500.000000	90.000000
1274	-1.000000	-1.000000	230.000000	500.000000	90.000000
1275	-1.000000	-1.000000	266.000000	500.000000	90.000000
1276	-1.000000	-1.000000	266.000000	500.000000	90.000000
1277	-1.000000	-1.000000	0.000000	500.000000	90.000000
1278	-1.000000	-1.000000	0.000000	500.000000	90.000000
1279	-1.000000	-1.000000	0.000000	500.000000	90.000000
1280	-1.000000	-1.000000	0.000000	500.000000	90.000000
1281	-1.000000	-1.000000	0.000000	500.000000	90.000000
1282	-1.000000	-1.000000	0.000000	500.000000	90.000000
1283	-1.000000	-1.000000	252.000000	500.000000	90.000000
1284	-1.000000	-1.000000	252.000000	500.000000	90.000000
1285	-1.000000	-1.000000	252.000000	500.000000	90.000000
1286	-1.000000	-1.000000	254.000000	500.000000	90.000000
1287	-1.000000	-1.000000	257.000000	500.000000	90.000000
1288	-1.000000	-1.000000	257.000000	500.000000	90.000000
1289	-1.000000	-1.000000	270.000000	500.000000	90.000000
1290	-1.000000	-1.000000	270.000000	500.000000	90.000000
1291	-1.000000	-1.000000	270.000000	500.000000	90.000000
1292	-1.000000	-1.000000	259.000000	500.000000	90.000000
1293	-1.000000	-1.000000	257.000000	500.000000	90.000000
1294	-1.000000	-1.000000	257.000000	500.000000	90.000000
1295	-1.000000	-1.000000	264.000000	500.000000	90.000000
1296	-1.000000	-1.000000	264.000000	500.000000	90.000000
1297	-1.000000	-1.000000	264.000000	500.000000	90.000000
1298	-1.000000	-1.000000	0.000000	500.000000	90.000000
1299	-1.000000	-1.000000	0.000000	500.000000	90.000000
1300	-1.000000	-1.000000	0.000000	500.000000	90.000000
1301	-1.000000	-1.000000	0.000000	500.000000	90.000000
1302	-1.000000	-1.000000	0.000000	500.000000	90.000000
1303	-1.000000	-1.000000	0.000000	500.000000	90.000000
1304	-1.000000	-1.000000	0.000000	500.000000	90.000000
1305	-1.000000	-1.000000	256.000000	500.000000	90.000000
1306	-1.000000	-1.000000	255.000000	500.000000	90.000000
1307	-1.000000	-1.000000	255.000000	500.000000	90.000000
1308	-1.000000	-1.000000	255.000000	500.000000	90.000000
1309	-1.000000	-1.000000	262.000000	500.000000	90.000000
1310	-1.000000	-1.000000	262.000000	500.000000	90.000000
1311	-1.000000	-1.000000	0.000000	500.000000	90.000000
1312	-1.000000	-1.000000	276.000000	500.000000	90.000000
1313	-1.000000	-1.000000	276.000000	500.000000	90.000000
1314	-1.000000	-1.000000	255.000000	500.000000	90.000000
1315	-1.000000	-1.000000	255.000000	500.000000	90.000000
1316	-1.000000	-1.000000	255.000000	500.000000	90.000000
1317	-1.000000	-1.000000	257.000000	500.000000	90.000000
1318	-1.000000	-1.000000	257.000000	500.000000	90.000000
1319	-1.000000	-1.000000	258.000000	500.000000	90.000000
1320	-1.000000	-1.000000	258.000000	500.000000	90.000000
1321	-1.000000	-1.000000	258.000000	500.000000	90.000000
1322	-1.000000	-1.000000	258.000000	500.000000	90.000000
1323	-1.000000	-1.000000	255.000000	500.000000	90.000000
1324	-1.000000	-1.000000	258.000000	500.000000	90.000000
1325	-1.000000	-1.000000	258.000000	500.000000	90.000000
1326	-1.000000	-1.000000	258.000000	500.000000	90.000000
1327	-1.000000	-1.000000	259.000000	500.000000	90.000000
1328	-1.000000	-1.000000	259.000000	500.000000	90.000000
1329	-1.000000	-1.000000	0.000000	500.000000	90.000000
1330	-1.000000	-1.000000	0.000000	500.000000	90.000000
1331	-1.000000	-1.000000	0.000000	500.000000	90.000000
1332	-1.000000	-1.000000	0.000000	500.000000	90.000000
1333	-1.000000	-1.000000	0.000000	500.000000	90.000000
1334	-1.000000	-1.000000	0.000000	500.000000	90.000000
1335	-1.000000	-1.000000	0.000000	500.000000	90.000000
1336	-1.000000	-1.000000	260.000000	500.000000	90.000000
1337	-1.000000	-1.000000	260.000000	500.000000	90.000000
1338	-1.000000	-1.000000	269.000000	500.000000	90.000000
1339	-1.000000	-1.000000	269.000000	500.000000	90.000000
1340	-1.000000	-1.000000	269.000000	500.000000	90.000000
1341	-1.000000	-1.000000	269.000000	500.000000	90.000000
1342	-1.000000	-1.000000	263.000000	500.000000	90.000000
1343	-1.000000	-1.000000	263.000000	500.000000	90.000000
1344	-1.000000	-1.000000	263.000000	500.000000	90.000000
1345	-1.000000	-1.000000	263.000000	500.000000	90.000000
1346	-1.000000	-1.000000	263.000000	500.000000	90.000000
1347	-1.000000	-1.000000	263.000000	500.000000	90.000000
1348	-1.000000	-1.000000	0.000000	500.000000	90.000000
1349	-1.000000	-1.000000	0.000000	500.000000	90.000000
1350	-1.000000	-1.000000	282.000000	500.000000	90.000000
1351	-1.000000	-1.000000	282.000000	500.000000	90.000000
1352	-1.000000	-1.000000	282.000000	500.000000	90.000000
1353	-1.000000	-1.000000	282.000000	500.000000	90.000000
1354	-1.000000	-1.000000	275.000000	500.000000	90.000000
1355	-1.000000	-1.000000	275.000000	500.000000	90.000000
1356	-1.000000	-1.000000	264.000000	500.000000	90.000000
1357	-1.000000	-1.000000	264.000000	500.000000	90.000000
1358	-1.000000	-1.000000	265.000000	500.000000	90.000000
1359	-1.000000	-1.000000	265.000000	500.000000	90.000000
1360	-1.000000	-1.000000	265.000000	500.000000	90.000000
1361	-1.000000	-1.000000	269.000000	500.000000	90.000000
1362	-1.000000	-1.000000	291.000000	500.000000	90.000000
1363	-1.000000	-1.000000	291.000000	500.000000	90.000000
1364	-1.000000	-1.000000	276.000000	500.000000	90.000000
1365	-1.000000	-1.000000	276.000000	500.000000	90.000000
1366	-1.000000	-1.000000	276.000000	500.000000	90.000000
1367	-1.000000	-1.000000	269.000000	500.000000	90.000000
1368	-1.000000	-1.000000	270.000000	500.000000	90.000000
1369	-1.000000	-1.000000	270.000000	500.000000	90.000000
1370	-1.000000	-1.000000	290.000000	500.000000	90.000000
1371	-1.000000	-1.000000	290.000000	500.000000	90.000000
1372	-1.000000	-1.000000	290.000000	500.000000	90.000000
1373	-1.000000	-1.000000	0.000000	500.000000	90.000000
1374	-1.000000	-1.000000	287.000000	500.000000	90.000000
1375	-1.000000	-1.000000	287.000000	500.000000	90.000000
1376	-1.000000	-1.000000	277.000000	500.000000	90.000000
1377	-1.000000	-1.000000	277.000000	500.000000	90.000000
1378	-1.000000	-1.000000	277.000000	500.000000	90.000000
1379	-1.000000	-1.000000	271.000000	500.000000	90.000000
1380	-1.000000	-1.000000	270.000000	500.000000	90.000000
1381	-1.000000	-1.000000	270.000000	500.000000	90.000000
1382	-1.000000	-1.000000	270.000000	500.000000	90.000000
1383	-1.000000	-1.000000	270.000000	500.000000	90.000000
1384	-1.000000	-1.000000	270.000000	500.000000	90.000000
1385	-1.000000	-1.000000	270.000000	500.000000	90.000000
1386	-1.000000	-1.000000	288.000000	500.000000	90.000000
1387	-1.000000	-1.000000	288.000000	500.000000	90.000000
1388	-1.000000	-1.000000	286.000000	500.000000	90.000000
1389	-1.000000	-1.000000	286.000000	500.000000	90.000000
1390	-1.000000	-1.000000	286.000000	500.000000	90.000000
1391	-1.000000	-1.000000	273.000000	500.000000	90.000000
1392	-1.000000	-1.000000	270.000000	500.000000	90.000000
1393	-1.000000	-1.000000	270.000000	500.000000	90.000000
1394	-1.000000	-1.000000	273.000000	500.000000	90.000000
1395	-1.000000	-1.000000	273.000000	500.000000	90.000000
1396	-1.000000	-1.000000	273.000000	500.000000	90.000000
1397	-1.000000	-1.000000	273.000000	500.000000	90.000000
1398	-1.000000	-1.000000	286.000000	500.000000	90.000000
1399	-1.000000	-1.000000	286.000000	500.000000	90.000000
1400	-1.000000	-1.000000	275.000000	500.000000	90.000000
1401	-1.000000	-1.000000	275.000000	500.000000	90.000000
1402	-1.000000	-1.000000	275.000000	500.000000	90.000000
1403	-1.000000	-1.000000	275.000000	500.000000	90.000000
1404	-1.000000	-1.000000	0.000000	500.000000	90.000000
1405	-1.000000	-1.000000	0.000000	500.000000	90.000000
1406	-1.000000	-1.000000	0.000000	500.000000	90.000000
1407	-1.000000	-1.000000	0.000000	500.000000	90.000000
1408	-1.000000	-1.000000	0.000000	500.000000	90.000000
1409	-1.000000	-1.000000	0.000000	500.000000	90.000000
1410	-1.000000	-1.000000	0.000000	500.000000	90.000000
1411	-1.000000	-1.000000	0.000000	500.000000	90.000000
1412	-1.000000	-1.000000	0.000000	500.000000	90.000000
1413	-1.000000	-1.000000	0.000000	500.000000	90.000000
1414	-1.000000	-1.000000	0.000000	500.000000	90.000000
1415	-1.000000	-1.000000	0.000000	500.000000	90.000000
1416	-1.000000	-1.000000	0.000000	500.000000	90.000000
1417	-1.000000	-1.000000	0.000000	500.000000	90.000000
1418	-1.000000	-1.000000	0.000000	500.000000	90.000000
1419	-1.000000	-1.000000	0.000000	500.000000	90.000000
1420	-1.000000	-1.000000	0.000000	500.000000	90.000000
1421	-1.000000	-1.000000	0.000000	500.000000	90.000000
1422	-1.000000	-1.000000	0.000000	500.000000	90.000000
1423	-1.000000	-1.000000	0.000000	500.000000	90.000000
1424	-1.000000	-1.000000	0.000000	500.000000	90.000000
1425	-1.000000	-1.000000	0.000000	500.000000	90.000000
1426	-1.000000	-1.000000	0.000000	500.000000	90.000000
1427	-1.000000	-1.000000	0.000000	500.000000	90.000000
1428	-1.000000	-1.000000	0.000000	500.000000	90.000000
1429	-1.000000	-1.000000	0.000000	500.000000	90.000000
1430	-1.000000	-1.000000	0.000000	500.000000	90.000000
1431	-1.000000	-1.000000	0.000000	500.000000	90.000000
1432	-1.000000	-1.000000	0.000000	500.000000	90.000000
1433	-1.000000	-1.000000	0.000000	500.000000	90.000000
1434	-1.000000	-1.000000	0.000000	500.000000	90.000000
1435	-1.000000	-1.000000	0.000000	500.000000	90.000000
1436	-1.000000	-1.000000	0.000000	500.000000	90.000000
1437	-1.000000	-1.000000	0.000000	500.000000	90.000000
1438	-1.000000	-1.000000	0.000000	500.000000	90.000000
1439	-1.000000	-1.000000	0.000000	500.000000	90.000000
1440	-1.000000	-1.000000	0.000000	500.000000	90.000000
1441	-1.000000	-1.000000	0.000000	500.000000	90.000000
1442	-1.000000	-1.000000	0.000000	500.000000	90.000000
1443	-1.000000	-1.000000	0.000000	500.000000	90.000000
1444	-1.000000	-1.000000	0.000000	500.000000	90.000000
1445	-1.000000	-1.000000	0.000000	500.000000	90.000000
1446	-1.000000	-1.000000	0.000000	500.000000	90.000000
1447	-1.000000	-1.000000	0.000000	500.000000	90.000000
1448	-1.000000	-1.000000	0.000000	500.000000	90.000000
1449	-1.000000	-1.000000	0.000000	500.000000	90.000000
1450	-1.000000	-1.000000	0.000000	500.000000	90.000000
1451	-1.000000	-1.000000	0.000000	500.000000	90.000000
1452	-1.000000	-1.000000	0.000000	500.000000	90.000000
1453	-1.000000	-1.000000	0.000000	500.000000	90.000000
1454	-1.000000	-1.000000	0.000000	500.000000	90.000000
1455	-1.000000	-1.000000	0.000000	500.000000	90.000000
1456	-1.000000	-1.000000	0.000000	500.000000	90.000000
1457	-1.000000	-1.000000	0.000000	500.000000	90.000000
1458	-1.000000	-1.000000	0.000000	500.000000	90.000000
1459	-1.000000	-1.000000	0.000000	500.000000	90.000000
1460	-1.000000	-1.000000	0.000000	500.000000	90.000000
1461	-1.000000	-1.000000	0.000000	500.000000	90.000000
1462	-1.000000	-1.000000	0.000000	500.000000	90.000000
1463	-1.000000	-1.000000	0.000000	500.000000	90.000000
1464	-1.000000	-1.000000	0.000000	500.000000	90.000000
1465	-1.000000	-1.000000	0.000000	500.000000	90.000000
1466	-1.000000	-1.000000	0.000000	500.000000	90.000000
1467	-1.000000	-1.000000	0.000000	500.000000	90.000000
1468	-1.000000	-1.000000	0.000000	500.000000	90.000000
1469	-1.000000	-1.000000	0.000000	500.000000	90.000000
1470	-1.000000	-1.000000	0.000000	500.000000	90.000000
1471	-1.000000	-1.000000	0.000000	500.000000	90.000000
1472	-1.000000	-1.000000	0.000000	500.000000	90.000000
1473	-1.000000	-1.000000	0.000000	500.000000	90.000000
1474	-1.000000	-1.000000	0.000000	500.000000	90.000000
1475	-1.000000	-1.000000	0.000000	500.000000	90.000000
1476	-1.000000	-1.000000	0.000000	500.000000	90.000000
1477	-1.000000	-1.000000	0.000000	500.000000	90.000000
1478	-1.000000	-1.000000	0.000000	500.000000	90.000000
1479	-1.000000	-1.000000	0.000000	500.000000	90.000000
1480	-1.000000	-1.000000	0.000000	500.000000	90.000000
1481	-1.000000	-1.000000	0.000000	500.000000	90.000000
1482	-1.000000	-1.000000	0.000000	500.000000	90.000000
1483	-1.000000	-1.000000	0.000000	500.000000	90.000000
1484	-1.000000	-1.000000	0.000000	500.000000	90.000000
1485	-1.000000	-1.000000	0.000000	500.000000	90.000000
1486	-1.000000	-1.000000	0.000000	500.000000	90.000000
1487	-1.000000	-1.000000	0.000000	500.000000	90.000000
1488	-1.000000	-1.000000	0.000000	500.000000	90.000000
1489	-1.000000	-1.000000	0.000000	500.000000	90.000000
1490	-1.000000	-1.000000	0.000000	500.000000	90.000000
1491	-1.000000	-1.000000	0.000000	500.000000	90.000000
1492	-1.000000	-1.000000	0.000000	500.000000	90.000000
1493	-1.000000	-1.000000	0.000000	500.000000	90.000000
1494	-1.000000	-1.000000	0.000000	500.000000	90.000000
1495	-1.000000	-1.000000	0.000000	500.000000	90.000000
1496	-1.000000	-1.000000	0.000000	500.000000	90.000000
1497	-1.000000	-1.000000	0.000000	500.000000	90.000000
1498	-1.000000	-1.000000	0.000000	500.000000	90.000000
1499	-1.000000	-1.000000	0.000000	500.000000	90.000000
1500	-1.000000	-1.000000	0.000000	500.000000	90.000000
1501	-1.000000	-1.000000	0.000000	500.000000	90.000000
1502	-1.000000	-1.000000	0.000000	500.000000	90.000000
1503	-1.000000	-1.000000	0.000000	500.000000	90.000000
1504	-1.000000	-1.000000	0.000000	500.000000	90.000000
1505	-1.000000	-1.000000	0.000000	500.000000	90.000000
1506	-1.000000	-1.000000	0.000000	500.000000	90.000000
1507	-1.000000	-1.000000	0.000000	500.000000	90.000000
1508	-1.000000	-1.000000	0.000000	500.000000	90.000000
1509	-1.000000	-1.000000	0.000000	500.000000	90.000000
1510	-1.000000	-1.000000	0.000000	500.000000	90.000000
1511	-1.000000	-1.000000	0.000000	500.000000	90.000000
1512	-1.000000	-1.000000	0.000000	500.000000	90.000000
1513	-1.000000	-1.000000	0.000000	500.000000	90.000000
1514	-1.000000	-1.000000	0.000000	500.000000	90.000000
1515	-1.000000	-1.000000	0.000000	500.000000	90.000000
1516	-1.000000	-1.000000	0.000000	500.000000	90.000000
1517	-1.000000	-1.000000	0.000000	500.000000	90.000000
1518	-1.000000	-1.000000	0.000000	500.000000	90.000000
1519	-1.000000	-1.000000	0.000000	500.000000	90.000000
1520	-1.000000	-1.000000	0.000000	500.000000	90.000000
1521	-1.000000	-1.000000	0.000000	500.000000	90.000000
1522	-1.000000	-1.000000	0.000000	500.000000	90.000000
1523	-1.000000	-1.000000	0.000000	500.000000	90.000000
1524	-1.000000	-1.000000	0.000000	500.000000	90.000000
1525	-1.000000	-1.000000	0.000000	500.000000	90.000000
1526	-1.000000	-1.000000	0.000000	500.000000	90.000000
1527	-1.000000	-1.000000	0.000000	500.000000	90.000000
1528	-1.000000	-1.000000	0.000000	500.000000	90.000000
1529	-1.000000	-1.000000	0.000000	500.000000	90.000000
1530	-1.000000	-1.000000	0.000000	500.000000	90.000000
1531	-1.000000	-1.000000	0.000000	500.000000	90.000000
1532	-1.000000	-1.000000	0.000000	500.000000	90.000000
1533	-1.000000	-1.000000	0.000000	500.000000	90.000000
1534	-1.000000	-1.000000	0.000000	500.000000	90.000000
1535	-1.000000	-1.000000	0.000000	500.000000	90.000000
1536	-1.000000	-1.000000	0.000000	500.000000	90.000000
1537	-1.000000	-1.000000	0.000000	500.000000	90.000000
1538	-1.000000	-1.000000	0.000000	500.000000	90.000000
1539	-1.000000	-1.000000	0.000000	500.000000	90.000000
1540	-1.000000	-1.000000	0.000000	500.000000	90.000000
1541	-1.000000	-1.000000	0.000000	500.000000	90.000000
1542	-1.000000	-1.000000	0.000000	500.000000	90.000000
1543	-1.000000	-1.000000	0.000000	500.000000	90.000000
1544	-1.000000	-1.000000	0.000000	500.000000	90.000000
1545	-1.000000	-1.000000	0.000000	500.000000	90.000000
1546	-1.000000	-1.000000	0.000000	500.000000	90.000000
1547	-1.000000	-1.000000	0.000000	500.000000	90.000000
1548	-1.000000	-1.000000	0.000000	500.000000	90.000000
1549	-1.000000	-1.000000	0.000000	500.000000	90.000000
1550	-1.000000	-1.000000	0.000000	500.000000	90.000000
1551	-1.000000	-1.000000	0.000000	500.000000	90.000000
1552	-1.000000	-1.000000	0.000000	500.000000	90.000000
1553	-1.000000	-1.000000	0.000000	500.000000	90.000000
1554	-1.000000	-1.000000	0.000000	500.000000	90.000000
1555	-1.000000	-1.000000	0.000000	500.000000	90.000000
1556	-1.000000	-1.000000	0.000000	500.000000	90.000000
1557	-1.000000	-1.000000	0.000000	500.000000	90.000000
1558	-1.000000	-1.000000	0.000000	500.000000	90.000000
1559	-1.000000	-1.000000	0.000000	500.000000	90.000000
1560	-1.000000	-1.000000	0.000000	500.000000	90.000000
1561	-1.000000	-1.000000	0.000000	500.000000	90.000000
1562	-1.000000	-1.000000	0.000000	500.000000	90.000000
1563	-1.000000	-1.000000	0.000000	500.000000	90.000000
1564	-1.000000	-1.000000	0.000000	500.000000	90.000000
1565	-1.000000	-1.000000	0.000000	500.000000	90.000000
1566	-1.000000	-1.000000	0.000000	500.000000	90.000000
1567	-1.000000	-1.000000	0.000000	500.000000	90.000000
1568	-1.000000	-1.000000	0.000000	500.000000	90.000000
1569	-1.000000	-1.000000	0.000000	500.000000	90.000000
1570	-1.000000	-1.000000	0.000000	500.000000	90.000000
1571	-1.000000	-1.000000	0.000000	500.000000	90.000000
1572	-1.000000	-1.000000	0.000000	500.000000	90.000000
1573	-1.000000	-1.000000	0.000000	500.000000	90.000000
1574	-1.000000	-1.000000	0.000000	500.000000	90.000000
1575	-1.000000	-1.000000	0.000000	500.000000	90.000000
1576	-1.000000	-1.000000	0.000000	500.000000	90.000000
1577	-1.000000	-1.000000	0.000000	500.000000	90.000000
1578	-1.000000	-1.000000	0.000000	500.000000	90.000000
1579	-1.000000	-1.000000	0.000000	500.000000	90.000000
1580	-1.000000	-1.000000	0.000000	500.000000	90.000000
1581	-1.000000	-1.000000	0.000000	500.000000	90.000000
1582	-1.000000	-1.000000	0.000000	500.000000	90.000000
1583	-1.000000	-1.000000	0.000000	500.000000	90.000000
1584	-1.000000	-1.000000	0.000000	500.000000	90.000000
1585	-1.000000	-1.000000	0.000000	500.000000	90.000000
1586	-1.000000	-1.000000	0.000000	500.000000	90.000000
1587	-1.000000	-1.000000	0.000000	500.000000	90.000000
1588	-1.000000	-1.000000	0.000000	500.000000	90.000000
1589	-1.000000	-1.000000	0.000000	500.000000	90.000000
1590	-1.000000	-1.000000	0.000000	500.000000	90.000000
1591	-1.000000	-1.000000	0.000000	500.000000	90.000000
1592	-1.000000	-1.000000	0.000000	500.000000	90.000000
1593	-1.000000	-1.000000	0.000000	500.000000	90.000000
1594	-1.000000	-1.000000	0.000000	500.000000	90.000000
