#	Proyecto: Control de un Quadrotor por VA
#	Datos para la gráfica en GNUplot.

#	Error X	    	Error Y	 	Altura		Alt. Ref	Yaw
0	0.000000	0.000000	0.000000	500.000000	0.000000
1	0.000000	0.000000	0.000000	500.000000	0.000000
2	0.000000	0.000000	0.000000	500.000000	0.000000
3	0.000000	0.000000	0.000000	500.000000	0.000000
4	0.000000	0.000000	0.000000	500.000000	0.000000
5	0.000000	0.000000	0.000000	500.000000	0.000000
6	0.000000	0.000000	0.000000	500.000000	0.000000
7	0.000000	0.000000	0.000000	500.000000	0.000000
8	0.000000	0.000000	0.000000	500.000000	0.000000
9	0.000000	0.000000	0.000000	500.000000	0.000000
10	0.000000	0.000000	0.000000	500.000000	0.000000
11	0.000000	0.000000	0.000000	500.000000	0.000000
12	0.000000	0.000000	0.000000	500.000000	0.000000
13	0.000000	0.000000	0.000000	500.000000	0.000000
14	0.000000	0.000000	0.000000	500.000000	0.000000
15	0.000000	0.000000	0.000000	500.000000	0.000000
16	0.000000	0.000000	0.000000	500.000000	0.000000
17	0.000000	0.000000	0.000000	500.000000	0.000000
18	0.000000	0.000000	0.000000	500.000000	0.000000
19	0.000000	0.000000	0.000000	500.000000	0.000000
20	0.000000	0.000000	0.000000	500.000000	0.000000
21	0.000000	0.000000	0.000000	500.000000	0.000000
22	0.000000	0.000000	0.000000	500.000000	0.000000
23	0.000000	0.000000	0.000000	500.000000	0.000000
24	0.000000	0.000000	0.000000	500.000000	0.000000
25	0.000000	0.000000	0.000000	500.000000	0.000000
26	0.000000	0.000000	0.000000	500.000000	0.000000
27	0.000000	0.000000	0.000000	500.000000	0.000000
28	0.000000	0.000000	0.000000	500.000000	0.000000
29	0.000000	0.000000	0.000000	500.000000	0.000000
30	0.000000	0.000000	0.000000	500.000000	0.000000
31	0.000000	0.000000	0.000000	500.000000	0.000000
32	0.000000	0.000000	0.000000	500.000000	0.000000
33	0.000000	0.000000	0.000000	500.000000	0.000000
34	0.000000	0.000000	0.000000	500.000000	0.000000
35	0.000000	0.000000	0.000000	500.000000	0.000000
36	0.000000	0.000000	0.000000	500.000000	0.000000
37	0.000000	0.000000	0.000000	500.000000	0.000000
38	0.000000	0.000000	0.000000	500.000000	0.000000
39	0.000000	0.000000	0.000000	500.000000	0.000000
40	0.000000	0.000000	0.000000	500.000000	0.000000
41	0.000000	0.000000	0.000000	500.000000	0.000000
42	0.000000	0.000000	0.000000	500.000000	0.000000
43	0.000000	0.000000	0.000000	500.000000	0.000000
44	0.000000	0.000000	0.000000	500.000000	0.000000
45	0.000000	0.000000	0.000000	500.000000	0.000000
46	0.000000	0.000000	0.000000	500.000000	0.000000
47	0.000000	0.000000	0.000000	500.000000	0.000000
48	0.000000	0.000000	0.000000	500.000000	0.000000
49	0.000000	0.000000	0.000000	500.000000	0.000000
50	0.000000	0.000000	0.000000	500.000000	0.000000
51	0.000000	0.000000	224.000000	500.000000	0.000000
52	0.000000	0.000000	224.000000	500.000000	0.000000
53	0.000000	0.000000	224.000000	500.000000	0.000000
54	0.000000	0.000000	224.000000	500.000000	0.000000
55	0.000000	0.000000	224.000000	500.000000	0.000000
56	0.000000	0.000000	224.000000	500.000000	0.000000
57	0.000000	0.000000	224.000000	500.000000	0.000000
58	0.000000	0.000000	224.000000	500.000000	0.000000
59	0.000000	0.000000	224.000000	500.000000	0.000000
60	0.000000	0.000000	224.000000	500.000000	0.000000
61	0.000000	0.000000	224.000000	500.000000	0.000000
62	0.000000	0.000000	224.000000	500.000000	0.000000
63	0.000000	0.000000	224.000000	500.000000	0.000000
64	0.000000	0.000000	224.000000	500.000000	0.000000
65	0.000000	0.000000	224.000000	500.000000	0.000000
66	0.000000	0.000000	224.000000	500.000000	0.000000
67	0.000000	0.000000	224.000000	500.000000	0.000000
68	0.000000	0.000000	224.000000	500.000000	0.000000
69	0.000000	0.000000	224.000000	500.000000	0.000000
70	0.000000	0.000000	224.000000	500.000000	0.000000
71	0.000000	0.000000	224.000000	500.000000	0.000000
72	0.000000	0.000000	224.000000	500.000000	0.000000
73	0.000000	0.000000	224.000000	500.000000	0.000000
74	0.000000	0.000000	224.000000	500.000000	0.000000
75	0.000000	0.000000	224.000000	500.000000	0.000000
76	0.000000	0.000000	224.000000	500.000000	0.000000
77	0.000000	0.000000	224.000000	500.000000	0.000000
78	0.000000	0.000000	224.000000	500.000000	0.000000
79	0.000000	0.000000	224.000000	500.000000	0.000000
80	0.000000	0.000000	224.000000	500.000000	0.000000
81	0.000000	0.000000	224.000000	500.000000	0.000000
82	0.000000	0.000000	224.000000	500.000000	0.000000
83	0.000000	0.000000	224.000000	500.000000	0.000000
84	0.000000	0.000000	224.000000	500.000000	0.000000
85	0.000000	0.000000	224.000000	500.000000	0.000000
86	0.000000	0.000000	224.000000	500.000000	0.000000
87	0.000000	0.000000	224.000000	500.000000	0.000000
88	0.000000	0.000000	224.000000	500.000000	0.000000
89	0.000000	0.000000	224.000000	500.000000	0.000000
90	0.000000	0.000000	224.000000	500.000000	0.000000
91	0.000000	0.000000	224.000000	500.000000	0.000000
92	0.000000	0.000000	224.000000	500.000000	0.000000
93	0.000000	0.000000	224.000000	500.000000	0.000000
94	0.000000	0.000000	225.000000	500.000000	0.000000
95	0.000000	0.000000	225.000000	500.000000	0.000000
96	0.000000	0.000000	226.000000	500.000000	0.000000
97	0.000000	0.000000	226.000000	500.000000	0.000000
98	0.000000	0.000000	226.000000	500.000000	0.000000
99	0.000000	0.000000	226.000000	500.000000	0.000000
100	0.000000	0.000000	225.000000	500.000000	0.000000
101	0.000000	0.000000	225.000000	500.000000	0.000000
102	0.000000	0.000000	224.000000	500.000000	0.000000
103	0.000000	0.000000	224.000000	500.000000	0.000000
104	0.000000	0.000000	224.000000	500.000000	0.000000
105	0.000000	0.000000	224.000000	500.000000	0.000000
106	0.000000	0.000000	224.000000	500.000000	0.000000
107	0.000000	0.000000	224.000000	500.000000	0.000000
108	0.000000	0.000000	224.000000	500.000000	0.000000
109	0.000000	0.000000	224.000000	500.000000	0.000000
110	0.000000	0.000000	224.000000	500.000000	0.000000
111	0.000000	0.000000	224.000000	500.000000	0.000000
112	0.000000	0.000000	224.000000	500.000000	0.000000
113	0.000000	0.000000	224.000000	500.000000	0.000000
114	0.000000	0.000000	224.000000	500.000000	0.000000
115	0.000000	0.000000	224.000000	500.000000	0.000000
116	0.000000	0.000000	224.000000	500.000000	0.000000
117	0.000000	0.000000	224.000000	500.000000	0.000000
118	0.000000	0.000000	224.000000	500.000000	0.000000
119	0.000000	0.000000	224.000000	500.000000	0.000000
120	0.000000	0.000000	224.000000	500.000000	0.000000
121	0.000000	0.000000	224.000000	500.000000	0.000000
122	0.000000	0.000000	224.000000	500.000000	0.000000
123	0.000000	0.000000	224.000000	500.000000	0.000000
124	0.000000	0.000000	224.000000	500.000000	0.000000
125	0.000000	0.000000	224.000000	500.000000	0.000000
126	0.000000	0.000000	224.000000	500.000000	0.000000
127	0.000000	0.000000	224.000000	500.000000	0.000000
128	0.000000	0.000000	224.000000	500.000000	0.000000
129	0.000000	0.000000	224.000000	500.000000	0.000000
130	0.000000	0.000000	224.000000	500.000000	0.000000
131	0.000000	0.000000	224.000000	500.000000	0.000000
132	0.000000	0.000000	224.000000	500.000000	0.000000
133	0.000000	0.000000	224.000000	500.000000	0.000000
134	0.000000	0.000000	224.000000	500.000000	0.000000
135	0.000000	0.000000	224.000000	500.000000	0.000000
136	0.000000	0.000000	224.000000	500.000000	0.000000
137	0.000000	0.000000	224.000000	500.000000	0.000000
138	0.000000	0.000000	224.000000	500.000000	0.000000
139	0.000000	0.000000	224.000000	500.000000	0.000000
140	0.000000	0.000000	224.000000	500.000000	0.000000
141	0.000000	0.000000	224.000000	500.000000	0.000000
142	0.000000	0.000000	224.000000	500.000000	0.000000
143	0.000000	0.000000	224.000000	500.000000	0.000000
144	0.000000	0.000000	224.000000	500.000000	0.000000
145	0.000000	0.000000	224.000000	500.000000	0.000000
146	0.000000	0.000000	224.000000	500.000000	0.000000
147	0.000000	0.000000	224.000000	500.000000	0.000000
148	0.000000	0.000000	224.000000	500.000000	0.000000
149	0.000000	0.000000	224.000000	500.000000	0.000000
150	0.000000	0.000000	224.000000	500.000000	0.000000
151	0.000000	0.000000	224.000000	500.000000	0.000000
152	0.000000	0.000000	224.000000	500.000000	0.000000
153	0.000000	0.000000	224.000000	500.000000	0.000000
154	0.000000	0.000000	224.000000	500.000000	0.000000
155	0.000000	0.000000	224.000000	500.000000	0.000000
156	0.000000	0.000000	224.000000	500.000000	0.000000
157	0.000000	0.000000	224.000000	500.000000	0.000000
158	0.000000	0.000000	224.000000	500.000000	0.000000
159	0.000000	0.000000	224.000000	500.000000	0.000000
160	0.000000	0.000000	224.000000	500.000000	0.000000
161	0.000000	0.000000	224.000000	500.000000	0.000000
162	0.000000	0.000000	224.000000	500.000000	0.000000
163	0.000000	0.000000	224.000000	500.000000	0.000000
164	0.000000	0.000000	224.000000	500.000000	0.000000
165	0.000000	0.000000	224.000000	500.000000	0.000000
166	0.000000	0.000000	224.000000	500.000000	0.000000
167	0.000000	0.000000	224.000000	500.000000	0.000000
168	0.000000	0.000000	0.000000	500.000000	0.000000
169	0.000000	0.000000	0.000000	500.000000	0.000000
170	0.000000	0.000000	0.000000	500.000000	0.000000
171	0.000000	0.000000	0.000000	500.000000	0.000000
172	0.000000	0.000000	0.000000	500.000000	0.000000
173	0.000000	0.000000	0.000000	500.000000	0.000000
174	0.000000	0.000000	0.000000	500.000000	0.000000
175	0.000000	0.000000	0.000000	500.000000	0.000000
176	0.000000	0.000000	0.000000	500.000000	0.000000
177	0.000000	0.000000	0.000000	500.000000	0.000000
178	0.000000	0.000000	0.000000	500.000000	0.000000
179	0.000000	0.000000	0.000000	500.000000	0.000000
180	0.000000	0.000000	0.000000	500.000000	0.000000
181	0.000000	0.000000	0.000000	500.000000	0.000000
182	0.000000	0.000000	0.000000	500.000000	0.000000
183	0.000000	0.000000	0.000000	500.000000	0.000000
184	0.000000	0.000000	0.000000	500.000000	0.000000
185	0.000000	0.000000	0.000000	500.000000	0.000000
186	0.000000	0.000000	0.000000	500.000000	0.000000
187	0.000000	0.000000	0.000000	500.000000	0.000000
188	0.000000	0.000000	0.000000	500.000000	0.000000
189	0.000000	0.000000	0.000000	500.000000	0.000000
190	0.000000	0.000000	0.000000	500.000000	0.000000
191	0.000000	0.000000	0.000000	500.000000	0.000000
192	0.000000	0.000000	0.000000	500.000000	0.000000
193	0.000000	0.000000	0.000000	500.000000	0.000000
194	0.000000	0.000000	0.000000	500.000000	0.000000
195	0.000000	0.000000	0.000000	500.000000	0.000000
196	0.000000	0.000000	0.000000	500.000000	0.000000
197	0.000000	0.000000	0.000000	500.000000	0.000000
198	0.000000	0.000000	1.000000	500.000000	0.000000
199	0.000000	0.000000	1.000000	500.000000	0.000000
200	0.000000	0.000000	1.000000	500.000000	0.000000
201	0.000000	0.000000	1.000000	500.000000	0.000000
202	0.000000	0.000000	0.000000	500.000000	0.000000
203	0.000000	0.000000	0.000000	500.000000	0.000000
204	0.000000	0.000000	1.000000	500.000000	0.000000
205	0.000000	0.000000	1.000000	500.000000	0.000000
206	0.000000	0.000000	1.000000	500.000000	0.000000
207	0.000000	0.000000	1.000000	500.000000	0.000000
208	0.000000	0.000000	0.000000	500.000000	0.000000
209	0.000000	0.000000	0.000000	500.000000	0.000000
210	0.000000	0.000000	1.000000	500.000000	0.000000
211	0.000000	0.000000	1.000000	500.000000	0.000000
212	0.000000	0.000000	0.000000	500.000000	0.000000
213	0.000000	0.000000	0.000000	500.000000	0.000000
214	0.000000	0.000000	1.000000	500.000000	0.000000
215	0.000000	0.000000	1.000000	500.000000	0.000000
216	0.000000	0.000000	1.000000	500.000000	0.000000
217	0.000000	0.000000	1.000000	500.000000	0.000000
218	0.000000	0.000000	1.000000	500.000000	0.000000
219	0.000000	0.000000	1.000000	500.000000	0.000000
220	0.000000	0.000000	1.000000	500.000000	0.000000
221	0.000000	0.000000	1.000000	500.000000	0.000000
222	0.000000	0.000000	0.000000	500.000000	0.000000
223	0.000000	0.000000	0.000000	500.000000	0.000000
224	0.000000	0.000000	1.000000	500.000000	0.000000
225	0.000000	0.000000	1.000000	500.000000	0.000000
226	0.000000	0.000000	0.000000	500.000000	0.000000
227	0.000000	0.000000	0.000000	500.000000	0.000000
228	0.000000	0.000000	0.000000	500.000000	0.000000
229	0.000000	0.000000	0.000000	500.000000	0.000000
230	0.000000	0.000000	0.000000	500.000000	0.000000
231	0.000000	0.000000	0.000000	500.000000	0.000000
232	0.000000	0.000000	0.000000	500.000000	0.000000
233	0.000000	0.000000	0.000000	500.000000	0.000000
234	0.000000	0.000000	0.000000	500.000000	0.000000
235	0.000000	0.000000	0.000000	500.000000	0.000000
236	0.000000	0.000000	1.000000	500.000000	0.000000
237	0.000000	0.000000	1.000000	500.000000	0.000000
238	0.000000	0.000000	0.000000	500.000000	0.000000
239	0.000000	0.000000	0.000000	500.000000	0.000000
240	0.000000	0.000000	-2.000000	500.000000	0.000000
241	0.000000	0.000000	-2.000000	500.000000	0.000000
242	0.000000	0.000000	-2.000000	500.000000	0.000000
243	0.000000	0.000000	-2.000000	500.000000	0.000000
244	0.000000	0.000000	-3.000000	500.000000	0.000000
245	0.000000	0.000000	-3.000000	500.000000	0.000000
246	0.000000	0.000000	-3.000000	500.000000	0.000000
247	0.000000	0.000000	-3.000000	500.000000	0.000000
248	0.000000	0.000000	-3.000000	500.000000	0.000000
249	0.000000	0.000000	-3.000000	500.000000	0.000000
250	0.000000	0.000000	-3.000000	500.000000	0.000000
251	0.000000	0.000000	-3.000000	500.000000	0.000000
252	0.000000	0.000000	-2.000000	500.000000	0.000000
253	0.000000	0.000000	-2.000000	500.000000	0.000000
254	0.000000	0.000000	-2.000000	500.000000	0.000000
255	0.000000	0.000000	-2.000000	500.000000	0.000000
256	0.000000	0.000000	-3.000000	500.000000	0.000000
257	0.000000	0.000000	-3.000000	500.000000	0.000000
258	0.000000	0.000000	-2.000000	500.000000	0.000000
259	0.000000	0.000000	-2.000000	500.000000	0.000000
260	0.000000	0.000000	-3.000000	500.000000	0.000000
261	0.000000	0.000000	-3.000000	500.000000	0.000000
262	0.000000	0.000000	-3.000000	500.000000	0.000000
263	0.000000	0.000000	-3.000000	500.000000	0.000000
264	0.000000	0.000000	-2.000000	500.000000	0.000000
265	0.000000	0.000000	-2.000000	500.000000	0.000000
266	0.000000	0.000000	-3.000000	500.000000	0.000000
267	0.000000	0.000000	-3.000000	500.000000	0.000000
268	0.000000	0.000000	-3.000000	500.000000	0.000000
269	0.000000	0.000000	-3.000000	500.000000	0.000000
270	0.000000	0.000000	-3.000000	500.000000	0.000000
271	0.000000	0.000000	-3.000000	500.000000	0.000000
272	0.000000	0.000000	-3.000000	500.000000	0.000000
273	0.000000	0.000000	-3.000000	500.000000	0.000000
274	0.000000	0.000000	-3.000000	500.000000	0.000000
275	0.000000	0.000000	-3.000000	500.000000	0.000000
276	0.000000	0.000000	-3.000000	500.000000	0.000000
277	0.000000	0.000000	-3.000000	500.000000	0.000000
278	0.000000	0.000000	-3.000000	500.000000	0.000000
279	0.000000	0.000000	-3.000000	500.000000	0.000000
280	0.000000	0.000000	-4.000000	500.000000	0.000000
281	0.000000	0.000000	-4.000000	500.000000	0.000000
282	0.000000	0.000000	-3.000000	500.000000	0.000000
283	0.000000	0.000000	-3.000000	500.000000	0.000000
284	0.000000	0.000000	-4.000000	500.000000	0.000000
285	0.000000	0.000000	-4.000000	500.000000	0.000000
286	0.000000	0.000000	-4.000000	500.000000	0.000000
287	0.000000	0.000000	-4.000000	500.000000	0.000000
288	0.000000	0.000000	-4.000000	500.000000	0.000000
289	0.000000	0.000000	-4.000000	500.000000	0.000000
290	0.000000	0.000000	-3.000000	500.000000	0.000000
291	0.000000	0.000000	-3.000000	500.000000	0.000000
292	0.000000	0.000000	-4.000000	500.000000	0.000000
293	0.000000	0.000000	-4.000000	500.000000	0.000000
294	0.000000	0.000000	-4.000000	500.000000	0.000000
295	0.000000	0.000000	-4.000000	500.000000	0.000000
296	0.000000	0.000000	-4.000000	500.000000	0.000000
297	0.000000	0.000000	-4.000000	500.000000	0.000000
298	0.000000	0.000000	-4.000000	500.000000	0.000000
299	0.000000	0.000000	-4.000000	500.000000	0.000000
300	0.000000	0.000000	-4.000000	500.000000	0.000000
301	0.000000	0.000000	-4.000000	500.000000	0.000000
302	0.000000	0.000000	-4.000000	500.000000	0.000000
303	0.000000	0.000000	-4.000000	500.000000	0.000000
304	0.000000	0.000000	-5.000000	500.000000	0.000000
305	0.000000	0.000000	-5.000000	500.000000	0.000000
306	0.000000	0.000000	-4.000000	500.000000	0.000000
307	0.000000	0.000000	-4.000000	500.000000	0.000000
308	0.000000	0.000000	-5.000000	500.000000	0.000000
309	0.000000	0.000000	-5.000000	500.000000	0.000000
310	0.000000	0.000000	-6.000000	500.000000	0.000000
311	0.000000	0.000000	-6.000000	500.000000	0.000000
312	0.000000	0.000000	-7.000000	500.000000	0.000000
313	0.000000	0.000000	-7.000000	500.000000	0.000000
314	0.000000	0.000000	-7.000000	500.000000	0.000000
315	0.000000	0.000000	-7.000000	500.000000	0.000000
316	0.000000	0.000000	-6.000000	500.000000	0.000000
317	0.000000	0.000000	-6.000000	500.000000	0.000000
318	0.000000	0.000000	-6.000000	500.000000	0.000000
319	0.000000	0.000000	-6.000000	500.000000	0.000000
320	0.000000	0.000000	-7.000000	500.000000	0.000000
321	0.000000	0.000000	-7.000000	500.000000	0.000000
322	0.000000	0.000000	-7.000000	500.000000	0.000000
323	0.000000	0.000000	-7.000000	500.000000	0.000000
324	0.000000	0.000000	-7.000000	500.000000	0.000000
325	0.000000	0.000000	-7.000000	500.000000	0.000000
326	0.000000	0.000000	-8.000000	500.000000	0.000000
327	0.000000	0.000000	-8.000000	500.000000	0.000000
328	0.000000	0.000000	-8.000000	500.000000	0.000000
329	0.000000	0.000000	-8.000000	500.000000	0.000000
330	0.000000	0.000000	-5.000000	500.000000	0.000000
331	0.000000	0.000000	-5.000000	500.000000	0.000000
332	0.000000	0.000000	-8.000000	500.000000	0.000000
333	0.000000	0.000000	-8.000000	500.000000	0.000000
334	0.000000	0.000000	-8.000000	500.000000	0.000000
335	0.000000	0.000000	-8.000000	500.000000	0.000000
336	0.000000	0.000000	34.000000	500.000000	0.000000
337	0.000000	0.000000	34.000000	500.000000	0.000000
338	0.000000	0.000000	4.000000	500.000000	0.000000
339	0.000000	0.000000	4.000000	500.000000	0.000000
340	0.000000	0.000000	3.000000	500.000000	0.000000
341	0.000000	0.000000	3.000000	500.000000	0.000000
342	0.000000	0.000000	-7.000000	500.000000	0.000000
343	0.000000	0.000000	-7.000000	500.000000	0.000000
344	0.000000	0.000000	-6.000000	500.000000	0.000000
345	0.000000	0.000000	-6.000000	500.000000	0.000000
346	0.000000	0.000000	-8.000000	500.000000	0.000000
347	0.000000	0.000000	-8.000000	500.000000	0.000000
348	0.000000	0.000000	-8.000000	500.000000	0.000000
349	0.000000	0.000000	-8.000000	500.000000	0.000000
350	0.000000	0.000000	-6.000000	500.000000	0.000000
351	0.000000	0.000000	-6.000000	500.000000	0.000000
352	0.000000	0.000000	-8.000000	500.000000	0.000000
353	0.000000	0.000000	-8.000000	500.000000	0.000000
354	0.000000	0.000000	-8.000000	500.000000	0.000000
355	0.000000	0.000000	-8.000000	500.000000	0.000000
356	0.000000	0.000000	5.000000	500.000000	0.000000
357	0.000000	0.000000	5.000000	500.000000	0.000000
358	0.000000	0.000000	-5.000000	500.000000	0.000000
359	0.000000	0.000000	-5.000000	500.000000	0.000000
360	0.000000	0.000000	-8.000000	500.000000	0.000000
361	0.000000	0.000000	-8.000000	500.000000	0.000000
362	0.000000	0.000000	-7.000000	500.000000	0.000000
363	0.000000	0.000000	-7.000000	500.000000	0.000000
364	0.000000	0.000000	-5.000000	500.000000	0.000000
365	0.000000	0.000000	-5.000000	500.000000	0.000000
366	0.000000	0.000000	-1.000000	500.000000	0.000000
367	0.000000	0.000000	-1.000000	500.000000	0.000000
368	-60.000000	-44.000000	7.000000	500.000000	90.000000
369	-60.000000	-44.000000	7.000000	500.000000	90.000000
370	-60.000000	-44.000000	7.000000	500.000000	90.000000
371	-60.000000	-44.000000	18.000000	500.000000	90.000000
372	-60.000000	-44.000000	18.000000	500.000000	90.000000
373	-60.000000	-44.000000	33.000000	500.000000	90.000000
374	-60.000000	-44.000000	56.000000	500.000000	90.000000
375	-60.000000	-44.000000	56.000000	500.000000	90.000000
376	-60.000000	-44.000000	89.000000	500.000000	90.000000
377	-60.000000	-44.000000	89.000000	500.000000	90.000000
378	-60.000000	-44.000000	121.000000	500.000000	90.000000
379	-60.000000	-44.000000	121.000000	500.000000	90.000000
380	-60.000000	-44.000000	163.000000	500.000000	90.000000
381	-60.000000	-44.000000	163.000000	500.000000	90.000000
382	-60.000000	-44.000000	188.000000	500.000000	90.000000
383	-60.000000	-44.000000	188.000000	500.000000	90.000000
384	-60.000000	-44.000000	213.000000	500.000000	90.000000
385	-60.000000	-44.000000	213.000000	500.000000	90.000000
386	-60.000000	-44.000000	244.000000	500.000000	90.000000
387	-60.000000	-44.000000	244.000000	500.000000	90.000000
388	-60.000000	-44.000000	274.000000	500.000000	90.000000
389	-60.000000	-44.000000	274.000000	500.000000	90.000000
390	-58.000000	17.000000	306.000000	500.000000	30.465546
391	-58.000000	17.000000	306.000000	500.000000	30.465546
392	-51.000000	27.000000	306.000000	500.000000	28.610466
393	-51.000000	27.000000	335.000000	500.000000	28.610466
394	-51.000000	27.000000	362.000000	500.000000	28.610466
395	-46.000000	34.000000	362.000000	500.000000	29.357751
396	-46.000000	34.000000	389.000000	500.000000	29.357751
397	-46.000000	34.000000	389.000000	500.000000	29.357751
398	-42.000000	40.000000	416.000000	500.000000	28.072480
399	-42.000000	40.000000	416.000000	500.000000	28.072480
400	-40.000000	42.000000	429.000000	500.000000	29.744886
401	-40.000000	42.000000	429.000000	500.000000	29.744886
402	-40.000000	42.000000	441.000000	500.000000	29.744886
403	-40.000000	41.000000	441.000000	500.000000	29.357751
404	-40.000000	41.000000	458.000000	500.000000	29.357751
405	-42.000000	39.000000	458.000000	500.000000	28.300758
406	-42.000000	39.000000	534.000000	500.000000	28.300758
407	-42.000000	39.000000	534.000000	500.000000	28.300758
408	-42.000000	39.000000	534.000000	500.000000	28.300758
409	-46.000000	35.000000	534.000000	500.000000	26.565050
410	-46.000000	35.000000	487.000000	500.000000	26.565050
411	-49.000000	33.000000	487.000000	500.000000	28.072480
412	-49.000000	33.000000	473.000000	500.000000	28.072480
413	-49.000000	33.000000	473.000000	500.000000	28.072480
414	-53.000000	31.000000	475.000000	500.000000	26.565050
415	-53.000000	31.000000	475.000000	500.000000	26.565050
416	-57.000000	28.000000	437.000000	500.000000	26.565050
417	-57.000000	28.000000	437.000000	500.000000	26.565050
418	-57.000000	28.000000	424.000000	500.000000	26.565050
419	-63.000000	25.000000	424.000000	500.000000	25.016899
420	-63.000000	25.000000	410.000000	500.000000	25.016899
421	-63.000000	25.000000	410.000000	500.000000	25.016899
422	-63.000000	25.000000	392.000000	500.000000	25.016899
423	-63.000000	25.000000	392.000000	500.000000	25.016899
424	-63.000000	25.000000	373.000000	500.000000	25.016899
425	-63.000000	25.000000	373.000000	500.000000	25.016899
426	-63.000000	25.000000	365.000000	500.000000	25.016899
427	-63.000000	25.000000	365.000000	500.000000	25.016899
428	-63.000000	25.000000	358.000000	500.000000	25.016899
429	-63.000000	25.000000	358.000000	500.000000	25.016899
430	-63.000000	25.000000	394.000000	500.000000	25.016899
431	-63.000000	25.000000	394.000000	500.000000	25.016899
432	-63.000000	25.000000	353.000000	500.000000	25.016899
433	-63.000000	25.000000	353.000000	500.000000	25.016899
434	-63.000000	25.000000	367.000000	500.000000	25.016899
435	-63.000000	25.000000	367.000000	500.000000	25.016899
436	-63.000000	25.000000	388.000000	500.000000	25.016899
437	-63.000000	25.000000	388.000000	500.000000	25.016899
438	-63.000000	25.000000	380.000000	500.000000	25.016899
439	-63.000000	25.000000	380.000000	500.000000	25.016899
440	-63.000000	25.000000	365.000000	500.000000	25.016899
441	-63.000000	25.000000	365.000000	500.000000	25.016899
442	-63.000000	25.000000	370.000000	500.000000	25.016899
443	-63.000000	25.000000	370.000000	500.000000	25.016899
444	-63.000000	25.000000	371.000000	500.000000	25.016899
445	-63.000000	25.000000	371.000000	500.000000	25.016899
446	-63.000000	25.000000	385.000000	500.000000	25.016899
447	-63.000000	25.000000	385.000000	500.000000	25.016899
448	-63.000000	25.000000	414.000000	500.000000	25.016899
449	-63.000000	25.000000	414.000000	500.000000	25.016899
450	-63.000000	25.000000	435.000000	500.000000	25.016899
451	-63.000000	25.000000	435.000000	500.000000	25.016899
452	-63.000000	25.000000	469.000000	500.000000	25.016899
453	-63.000000	25.000000	469.000000	500.000000	25.016899
454	-59.000000	36.000000	471.000000	500.000000	23.198593
455	-59.000000	36.000000	471.000000	500.000000	23.198593
456	-59.000000	36.000000	491.000000	500.000000	23.198593
457	-59.000000	36.000000	491.000000	500.000000	23.198593
458	-59.000000	36.000000	512.000000	500.000000	23.198593
459	-48.000000	40.000000	512.000000	500.000000	21.801410
460	-48.000000	40.000000	539.000000	500.000000	21.801410
461	-48.000000	40.000000	539.000000	500.000000	21.801410
462	-43.000000	40.000000	559.000000	500.000000	21.801410
463	-43.000000	40.000000	559.000000	500.000000	21.801410
464	-43.000000	40.000000	573.000000	500.000000	21.801410
465	-41.000000	37.000000	573.000000	500.000000	21.037515
466	-41.000000	37.000000	602.000000	500.000000	21.037515
467	-41.000000	37.000000	602.000000	500.000000	21.037515
468	-41.000000	37.000000	646.000000	500.000000	21.037515
469	-41.000000	37.000000	646.000000	500.000000	21.037515
470	-41.000000	37.000000	676.000000	500.000000	21.037515
471	-41.000000	37.000000	676.000000	500.000000	21.037515
472	-41.000000	37.000000	685.000000	500.000000	21.037515
473	-41.000000	37.000000	685.000000	500.000000	21.037515
474	-41.000000	37.000000	683.000000	500.000000	21.037515
475	-41.000000	37.000000	683.000000	500.000000	21.037515
476	-41.000000	37.000000	730.000000	500.000000	21.037515
477	-41.000000	37.000000	730.000000	500.000000	21.037515
478	-41.000000	37.000000	742.000000	500.000000	21.037515
479	-41.000000	37.000000	742.000000	500.000000	21.037515
480	-41.000000	37.000000	707.000000	500.000000	21.037515
481	-41.000000	37.000000	707.000000	500.000000	21.037515
482	-41.000000	37.000000	742.000000	500.000000	21.037515
483	-41.000000	37.000000	742.000000	500.000000	21.037515
484	-41.000000	37.000000	707.000000	500.000000	21.037515
485	-41.000000	37.000000	707.000000	500.000000	21.037515
486	-41.000000	37.000000	752.000000	500.000000	21.037515
487	-41.000000	37.000000	752.000000	500.000000	21.037515
488	-41.000000	37.000000	688.000000	500.000000	21.037515
489	-41.000000	37.000000	688.000000	500.000000	21.037515
490	-41.000000	37.000000	686.000000	500.000000	21.037515
491	-41.000000	37.000000	686.000000	500.000000	21.037515
492	-41.000000	37.000000	651.000000	500.000000	21.037515
493	-41.000000	37.000000	651.000000	500.000000	21.037515
494	-41.000000	37.000000	624.000000	500.000000	21.037515
495	-41.000000	37.000000	620.000000	500.000000	21.037515
496	-41.000000	37.000000	620.000000	500.000000	21.037515
497	-41.000000	37.000000	620.000000	500.000000	21.037515
498	-41.000000	37.000000	600.000000	500.000000	21.037515
499	-41.000000	37.000000	576.000000	500.000000	21.037515
500	-41.000000	37.000000	576.000000	500.000000	21.037515
501	-41.000000	37.000000	588.000000	500.000000	21.037515
502	-41.000000	37.000000	588.000000	500.000000	21.037515
503	-41.000000	37.000000	505.000000	500.000000	21.037515
504	-41.000000	37.000000	505.000000	500.000000	21.037515
505	-41.000000	37.000000	482.000000	500.000000	21.037515
506	-41.000000	37.000000	482.000000	500.000000	21.037515
507	-41.000000	37.000000	451.000000	500.000000	21.037515
508	-41.000000	37.000000	451.000000	500.000000	21.037515
509	-41.000000	37.000000	447.000000	500.000000	21.037515
510	-41.000000	37.000000	447.000000	500.000000	21.037515
511	-41.000000	37.000000	447.000000	500.000000	21.037515
512	-41.000000	37.000000	403.000000	500.000000	21.037515
513	-69.000000	-51.000000	382.000000	500.000000	23.962495
514	-69.000000	-51.000000	382.000000	500.000000	23.962495
515	-70.000000	-51.000000	382.000000	500.000000	24.443955
516	-70.000000	-51.000000	358.000000	500.000000	24.443955
517	-70.000000	-51.000000	334.000000	500.000000	24.443955
518	-72.000000	-48.000000	334.000000	500.000000	23.629380
519	-72.000000	-48.000000	322.000000	500.000000	23.629380
520	-72.000000	-48.000000	322.000000	500.000000	23.629380
521	-72.000000	-48.000000	316.000000	500.000000	23.629380
522	-72.000000	-48.000000	316.000000	500.000000	23.629380
523	-69.000000	-46.000000	294.000000	500.000000	22.249026
524	-69.000000	-46.000000	294.000000	500.000000	22.249026
525	-69.000000	-46.000000	280.000000	500.000000	22.249026
526	-67.000000	-43.000000	280.000000	500.000000	21.801410
527	-67.000000	-43.000000	315.000000	500.000000	21.801410
528	-67.000000	-43.000000	315.000000	500.000000	21.801410
529	-67.000000	-43.000000	280.000000	500.000000	21.801410
530	-67.000000	-43.000000	280.000000	500.000000	21.801410
531	-67.000000	-43.000000	270.000000	500.000000	21.801410
532	-67.000000	-43.000000	270.000000	500.000000	21.801410
533	-67.000000	-43.000000	277.000000	500.000000	21.801410
534	-67.000000	-43.000000	277.000000	500.000000	21.801410
535	-67.000000	-43.000000	287.000000	500.000000	21.801410
536	-67.000000	-43.000000	287.000000	500.000000	21.801410
537	-67.000000	-43.000000	288.000000	500.000000	21.801410
538	-67.000000	-43.000000	288.000000	500.000000	21.801410
539	-67.000000	-43.000000	288.000000	500.000000	21.801410
540	-67.000000	-43.000000	318.000000	500.000000	21.801410
541	-67.000000	-43.000000	305.000000	500.000000	21.801410
542	-67.000000	-43.000000	305.000000	500.000000	21.801410
543	-67.000000	-43.000000	314.000000	500.000000	21.801410
544	-67.000000	-43.000000	314.000000	500.000000	21.801410
545	-67.000000	-43.000000	310.000000	500.000000	21.801410
546	-67.000000	-43.000000	310.000000	500.000000	21.801410
547	-67.000000	-43.000000	311.000000	500.000000	21.801410
548	-67.000000	-43.000000	311.000000	500.000000	21.801410
549	-67.000000	-43.000000	303.000000	500.000000	21.801410
550	-67.000000	-43.000000	303.000000	500.000000	21.801410
551	-67.000000	-43.000000	307.000000	500.000000	21.801410
552	-67.000000	-43.000000	307.000000	500.000000	21.801410
553	-67.000000	-43.000000	326.000000	500.000000	21.801410
554	-67.000000	-43.000000	326.000000	500.000000	21.801410
555	-67.000000	-43.000000	345.000000	500.000000	21.801410
556	-67.000000	-43.000000	345.000000	500.000000	21.801410
557	-67.000000	-43.000000	339.000000	500.000000	21.801410
558	-67.000000	-43.000000	339.000000	500.000000	21.801410
559	-67.000000	-43.000000	349.000000	500.000000	21.801410
560	-67.000000	-43.000000	349.000000	500.000000	21.801410
561	-67.000000	-43.000000	381.000000	500.000000	21.801410
562	-67.000000	-43.000000	381.000000	500.000000	21.801410
563	-67.000000	-43.000000	381.000000	500.000000	21.801410
564	-67.000000	-43.000000	372.000000	500.000000	21.801410
565	-67.000000	-43.000000	383.000000	500.000000	21.801410
566	-67.000000	-43.000000	383.000000	500.000000	21.801410
567	-67.000000	-43.000000	406.000000	500.000000	21.801410
568	-67.000000	-43.000000	406.000000	500.000000	21.801410
569	-67.000000	-43.000000	422.000000	500.000000	21.801410
570	-67.000000	-43.000000	422.000000	500.000000	21.801410
571	-67.000000	-43.000000	442.000000	500.000000	21.801410
572	-67.000000	-43.000000	442.000000	500.000000	21.801410
573	-67.000000	-43.000000	484.000000	500.000000	21.801410
574	-67.000000	-43.000000	484.000000	500.000000	21.801410
575	-67.000000	-43.000000	472.000000	500.000000	21.801410
576	-67.000000	-43.000000	472.000000	500.000000	21.801410
577	-67.000000	-43.000000	523.000000	500.000000	21.801410
578	-67.000000	-43.000000	523.000000	500.000000	21.801410
579	-67.000000	-43.000000	502.000000	500.000000	21.801410
580	-67.000000	-43.000000	502.000000	500.000000	21.801410
581	-67.000000	-43.000000	518.000000	500.000000	21.801410
582	-67.000000	-43.000000	518.000000	500.000000	21.801410
583	-67.000000	-43.000000	540.000000	500.000000	21.801410
584	-67.000000	-43.000000	540.000000	500.000000	21.801410
585	-67.000000	-43.000000	599.000000	500.000000	21.801410
586	-67.000000	-43.000000	599.000000	500.000000	21.801410
587	-67.000000	-43.000000	570.000000	500.000000	21.801410
588	-67.000000	-43.000000	570.000000	500.000000	21.801410
589	-67.000000	-43.000000	580.000000	500.000000	21.801410
590	-67.000000	-43.000000	580.000000	500.000000	21.801410
591	-67.000000	-43.000000	610.000000	500.000000	21.801410
592	-67.000000	-43.000000	610.000000	500.000000	21.801410
593	-67.000000	-43.000000	603.000000	500.000000	21.801410
594	-67.000000	-43.000000	603.000000	500.000000	21.801410
595	-67.000000	-43.000000	635.000000	500.000000	21.801410
596	-67.000000	-43.000000	635.000000	500.000000	21.801410
597	-67.000000	-43.000000	613.000000	500.000000	21.801410
598	-67.000000	-43.000000	613.000000	500.000000	21.801410
599	-67.000000	-43.000000	617.000000	500.000000	21.801410
600	-67.000000	-43.000000	617.000000	500.000000	21.801410
601	-67.000000	-43.000000	621.000000	500.000000	21.801410
602	-67.000000	-43.000000	621.000000	500.000000	21.801410
603	-67.000000	-43.000000	602.000000	500.000000	21.801410
604	-67.000000	-43.000000	602.000000	500.000000	21.801410
605	-67.000000	-43.000000	586.000000	500.000000	21.801410
606	-67.000000	-43.000000	586.000000	500.000000	21.801410
607	-67.000000	-43.000000	586.000000	500.000000	21.801410
608	-67.000000	-43.000000	574.000000	500.000000	21.801410
609	-67.000000	-43.000000	553.000000	500.000000	21.801410
610	-67.000000	-43.000000	553.000000	500.000000	21.801410
611	-67.000000	-43.000000	505.000000	500.000000	21.801410
612	-67.000000	-43.000000	505.000000	500.000000	21.801410
613	-67.000000	-43.000000	505.000000	500.000000	21.801410
614	-67.000000	-43.000000	467.000000	500.000000	21.801410
615	-67.000000	-43.000000	437.000000	500.000000	21.801410
616	-67.000000	-43.000000	437.000000	500.000000	21.801410
617	-67.000000	-43.000000	417.000000	500.000000	21.801410
618	-67.000000	-43.000000	417.000000	500.000000	21.801410
619	-67.000000	-43.000000	391.000000	500.000000	21.801410
620	-67.000000	-43.000000	391.000000	500.000000	21.801410
621	-67.000000	-43.000000	374.000000	500.000000	21.801410
622	-67.000000	-43.000000	374.000000	500.000000	21.801410
623	-67.000000	-43.000000	331.000000	500.000000	21.801410
624	-67.000000	-43.000000	331.000000	500.000000	21.801410
625	-67.000000	-43.000000	296.000000	500.000000	21.801410
626	-67.000000	-43.000000	296.000000	500.000000	21.801410
627	-67.000000	-43.000000	288.000000	500.000000	21.801410
628	-67.000000	-43.000000	288.000000	500.000000	21.801410
629	-67.000000	-43.000000	334.000000	500.000000	21.801410
630	-67.000000	-43.000000	334.000000	500.000000	21.801410
631	-67.000000	-43.000000	250.000000	500.000000	21.801410
632	-67.000000	-43.000000	250.000000	500.000000	21.801410
633	-67.000000	-43.000000	237.000000	500.000000	21.801410
634	-67.000000	-43.000000	237.000000	500.000000	21.801410
635	-67.000000	-43.000000	228.000000	500.000000	21.801410
636	-67.000000	-43.000000	228.000000	500.000000	21.801410
637	-67.000000	-43.000000	228.000000	500.000000	21.801410
638	-67.000000	-43.000000	215.000000	500.000000	21.801410
639	-67.000000	-43.000000	238.000000	500.000000	21.801410
640	-67.000000	-43.000000	238.000000	500.000000	21.801410
641	-67.000000	-43.000000	231.000000	500.000000	21.801410
642	-67.000000	-43.000000	231.000000	500.000000	21.801410
643	-67.000000	-43.000000	270.000000	500.000000	21.801410
644	-67.000000	-43.000000	270.000000	500.000000	21.801410
645	-67.000000	-43.000000	209.000000	500.000000	21.801410
646	-67.000000	-43.000000	209.000000	500.000000	21.801410
647	-67.000000	-43.000000	223.000000	500.000000	21.801410
648	-67.000000	-43.000000	223.000000	500.000000	21.801410
649	-67.000000	-43.000000	224.000000	500.000000	21.801410
650	-67.000000	-43.000000	224.000000	500.000000	21.801410
651	-67.000000	-43.000000	259.000000	500.000000	21.801410
652	-67.000000	-43.000000	259.000000	500.000000	21.801410
653	-67.000000	-43.000000	225.000000	500.000000	21.801410
654	-55.000000	-30.000000	225.000000	500.000000	18.853159
655	-55.000000	-30.000000	233.000000	500.000000	18.853159
656	-55.000000	-30.000000	233.000000	500.000000	18.853159
657	-55.000000	-30.000000	241.000000	500.000000	18.853159
658	-47.000000	-34.000000	241.000000	500.000000	17.241453
659	-47.000000	-34.000000	251.000000	500.000000	17.241453
660	-44.000000	-38.000000	251.000000	500.000000	15.708636
661	-44.000000	-38.000000	260.000000	500.000000	15.708636
662	-42.000000	-42.000000	260.000000	500.000000	15.255118
663	-42.000000	-42.000000	295.000000	500.000000	15.255118
664	-42.000000	-42.000000	295.000000	500.000000	15.255118
665	-42.000000	-44.000000	276.000000	500.000000	-75.618600
666	-42.000000	-44.000000	276.000000	500.000000	-75.618600
667	-42.000000	-44.000000	292.000000	500.000000	-75.618600
668	-42.000000	-47.000000	292.000000	500.000000	-77.471193
669	-42.000000	-47.000000	320.000000	500.000000	-77.471193
670	-42.000000	-47.000000	320.000000	500.000000	-77.471193
671	-44.000000	-49.000000	328.000000	500.000000	-79.380340
672	-44.000000	-49.000000	328.000000	500.000000	-79.380340
673	-44.000000	-49.000000	369.000000	500.000000	-79.380340
674	-45.000000	-51.000000	369.000000	500.000000	-79.695157
675	-45.000000	-51.000000	428.000000	500.000000	-79.695157
676	-46.000000	-52.000000	428.000000	500.000000	-79.695157
677	-46.000000	-52.000000	413.000000	500.000000	-79.695157
678	-46.000000	-52.000000	413.000000	500.000000	-79.695157
679	-43.000000	-53.000000	419.000000	500.000000	-79.992025
680	-43.000000	-53.000000	419.000000	500.000000	-79.992025
681	-43.000000	-53.000000	419.000000	500.000000	-79.992025
682	-43.000000	-53.000000	433.000000	500.000000	-79.992025
683	-43.000000	-53.000000	454.000000	500.000000	-79.992025
684	-43.000000	-53.000000	454.000000	500.000000	-79.992025
685	-43.000000	-53.000000	515.000000	500.000000	-79.992025
686	-43.000000	-53.000000	515.000000	500.000000	-79.992025
687	-43.000000	-53.000000	493.000000	500.000000	-79.992025
688	-43.000000	-53.000000	493.000000	500.000000	-79.992025
689	-43.000000	-53.000000	503.000000	500.000000	-79.992025
690	-43.000000	-53.000000	503.000000	500.000000	-79.992025
691	-43.000000	-53.000000	517.000000	500.000000	-79.992025
692	-8.000000	-54.000000	517.000000	500.000000	-74.054610
693	-8.000000	-54.000000	535.000000	500.000000	-74.054610
694	-8.000000	-54.000000	535.000000	500.000000	-74.054610
695	-4.000000	-54.000000	559.000000	500.000000	18.434953
696	-4.000000	-54.000000	559.000000	500.000000	18.434953
697	-2.000000	-53.000000	570.000000	500.000000	23.198593
698	-2.000000	-53.000000	570.000000	500.000000	23.198593
699	-2.000000	-53.000000	574.000000	500.000000	23.198593
700	-2.000000	-53.000000	574.000000	500.000000	23.198593
701	-7.000000	-53.000000	578.000000	500.000000	19.983111
702	-7.000000	-53.000000	578.000000	500.000000	19.983111
703	-12.000000	-53.000000	583.000000	500.000000	19.440036
704	-12.000000	-53.000000	583.000000	500.000000	19.440036
705	-12.000000	-53.000000	571.000000	500.000000	19.440036
706	-18.000000	-52.000000	571.000000	500.000000	19.983111
707	-18.000000	-52.000000	589.000000	500.000000	19.983111
708	-18.000000	-52.000000	589.000000	500.000000	19.983111
709	-18.000000	-52.000000	566.000000	500.000000	19.983111
710	-18.000000	-52.000000	566.000000	500.000000	19.983111
711	-18.000000	-52.000000	562.000000	500.000000	19.983111
712	-18.000000	-52.000000	562.000000	500.000000	19.983111
713	-18.000000	-52.000000	551.000000	500.000000	19.983111
714	-18.000000	-52.000000	551.000000	500.000000	19.983111
715	-18.000000	-52.000000	521.000000	500.000000	19.983111
716	-18.000000	-52.000000	521.000000	500.000000	19.983111
717	-18.000000	-52.000000	494.000000	500.000000	19.983111
718	-18.000000	-52.000000	494.000000	500.000000	19.983111
719	-18.000000	-52.000000	468.000000	500.000000	19.983111
720	-18.000000	-52.000000	468.000000	500.000000	19.983111
721	-18.000000	-52.000000	457.000000	500.000000	19.983111
722	-18.000000	-52.000000	457.000000	500.000000	19.983111
723	-18.000000	-52.000000	438.000000	500.000000	19.983111
724	-18.000000	-52.000000	438.000000	500.000000	19.983111
725	-18.000000	-52.000000	402.000000	500.000000	19.983111
726	-18.000000	-52.000000	402.000000	500.000000	19.983111
727	-18.000000	-52.000000	374.000000	500.000000	19.983111
728	-18.000000	-52.000000	374.000000	500.000000	19.983111
729	-18.000000	-52.000000	349.000000	500.000000	19.983111
730	-18.000000	-52.000000	349.000000	500.000000	19.983111
731	-18.000000	-52.000000	327.000000	500.000000	19.983111
732	-18.000000	-52.000000	327.000000	500.000000	19.983111
733	-18.000000	-52.000000	295.000000	500.000000	19.983111
734	-18.000000	-52.000000	295.000000	500.000000	19.983111
735	-18.000000	-52.000000	280.000000	500.000000	19.983111
736	-18.000000	-52.000000	280.000000	500.000000	19.983111
737	-18.000000	-52.000000	260.000000	500.000000	19.983111
738	-18.000000	-52.000000	260.000000	500.000000	19.983111
739	-18.000000	-52.000000	260.000000	500.000000	19.983111
740	-18.000000	-52.000000	260.000000	500.000000	19.983111
741	-18.000000	-52.000000	229.000000	500.000000	19.983111
742	-18.000000	-52.000000	229.000000	500.000000	19.983111
743	-18.000000	-52.000000	216.000000	500.000000	19.983111
744	-18.000000	-52.000000	216.000000	500.000000	19.983111
745	-18.000000	-52.000000	206.000000	500.000000	19.983111
746	-56.000000	12.000000	206.000000	500.000000	19.358996
747	-56.000000	12.000000	202.000000	500.000000	19.358996
748	-56.000000	12.000000	202.000000	500.000000	19.358996
749	-54.000000	27.000000	201.000000	500.000000	22.619865
750	-54.000000	27.000000	201.000000	500.000000	22.619865
751	-49.000000	20.000000	192.000000	500.000000	19.653821
752	-49.000000	20.000000	192.000000	500.000000	19.653821
753	-49.000000	20.000000	188.000000	500.000000	19.653821
754	-46.000000	20.000000	188.000000	500.000000	19.179007
755	-46.000000	20.000000	187.000000	500.000000	19.179007
756	-46.000000	20.000000	187.000000	500.000000	19.179007
757	-44.000000	25.000000	190.000000	500.000000	22.203483
758	-44.000000	25.000000	190.000000	500.000000	22.203483
759	-42.000000	16.000000	193.000000	500.000000	21.801410
760	-42.000000	16.000000	193.000000	500.000000	21.801410
761	-42.000000	16.000000	200.000000	500.000000	21.801410
762	-39.000000	7.000000	200.000000	500.000000	21.317908
763	-39.000000	7.000000	209.000000	500.000000	21.317908
764	-39.000000	7.000000	209.000000	500.000000	21.317908
765	-37.000000	-2.000000	223.000000	500.000000	19.983098
766	-37.000000	-2.000000	223.000000	500.000000	19.983098
767	-31.000000	-8.000000	238.000000	500.000000	21.250501
768	-31.000000	-8.000000	238.000000	500.000000	21.250501
769	-31.000000	-8.000000	254.000000	500.000000	21.250501
770	-21.000000	-15.000000	254.000000	500.000000	20.224852
771	-21.000000	-15.000000	273.000000	500.000000	20.224852
772	-21.000000	-15.000000	273.000000	500.000000	20.224852
773	-12.000000	-17.000000	298.000000	500.000000	19.983111
774	-12.000000	-17.000000	298.000000	500.000000	19.983111
775	-3.000000	-19.000000	334.000000	500.000000	19.440036
776	-3.000000	-19.000000	334.000000	500.000000	19.440036
777	-3.000000	-19.000000	353.000000	500.000000	19.440036
778	5.000000	-20.000000	353.000000	500.000000	19.440036
779	5.000000	-20.000000	378.000000	500.000000	19.440036
780	5.000000	-20.000000	378.000000	500.000000	19.440036
781	12.000000	-21.000000	410.000000	500.000000	19.653821
782	12.000000	-21.000000	410.000000	500.000000	19.653821
783	12.000000	-21.000000	441.000000	500.000000	19.653821
784	15.000000	-19.000000	441.000000	500.000000	21.037515
785	15.000000	-19.000000	470.000000	500.000000	21.037515
786	16.000000	-15.000000	470.000000	500.000000	19.983111
787	16.000000	-15.000000	470.000000	500.000000	19.983111
788	12.000000	-9.000000	506.000000	500.000000	21.037515
789	12.000000	-9.000000	536.000000	500.000000	21.037515
790	12.000000	-9.000000	536.000000	500.000000	21.037515
791	12.000000	-9.000000	572.000000	500.000000	21.037515
792	5.000000	-1.000000	572.000000	500.000000	19.983111
793	5.000000	-1.000000	606.000000	500.000000	19.983111
794	-2.000000	1.000000	606.000000	500.000000	18.434953
795	-2.000000	1.000000	640.000000	500.000000	18.434953
796	-2.000000	1.000000	640.000000	500.000000	18.434953
797	-6.000000	-1.000000	673.000000	500.000000	20.556048
798	-6.000000	-1.000000	673.000000	500.000000	20.556048
799	-6.000000	-1.000000	701.000000	500.000000	20.556048
800	-6.000000	-1.000000	701.000000	500.000000	20.556048
801	-6.000000	-1.000000	731.000000	500.000000	20.556048
802	-6.000000	-1.000000	731.000000	500.000000	20.556048
803	-6.000000	-1.000000	755.000000	500.000000	20.556048
804	-6.000000	-1.000000	755.000000	500.000000	20.556048
805	-6.000000	-1.000000	791.000000	500.000000	20.556048
806	-6.000000	-1.000000	791.000000	500.000000	20.556048
807	-6.000000	-1.000000	781.000000	500.000000	20.556048
808	-6.000000	-1.000000	781.000000	500.000000	20.556048
809	-6.000000	-1.000000	797.000000	500.000000	20.556048
810	-6.000000	-1.000000	797.000000	500.000000	20.556048
811	-6.000000	-1.000000	795.000000	500.000000	20.556048
812	-6.000000	-1.000000	795.000000	500.000000	20.556048
813	-6.000000	-1.000000	803.000000	500.000000	20.556048
814	-6.000000	-1.000000	803.000000	500.000000	20.556048
815	-6.000000	-1.000000	897.000000	500.000000	20.556048
816	-6.000000	-1.000000	897.000000	500.000000	20.556048
817	-6.000000	-1.000000	897.000000	500.000000	20.556048
818	-6.000000	-1.000000	897.000000	500.000000	20.556048
819	-6.000000	-1.000000	897.000000	500.000000	20.556048
820	-6.000000	-1.000000	897.000000	500.000000	20.556048
821	6.000000	-55.000000	874.000000	500.000000	17.969141
822	6.000000	-55.000000	874.000000	500.000000	17.969141
823	6.000000	-58.000000	842.000000	500.000000	-71.565047
824	6.000000	-58.000000	842.000000	500.000000	-71.565047
825	6.000000	-58.000000	814.000000	500.000000	-71.565047
826	6.000000	-58.000000	814.000000	500.000000	-71.565047
827	6.000000	-58.000000	762.000000	500.000000	-71.565047
828	6.000000	-58.000000	762.000000	500.000000	-71.565047
829	6.000000	-58.000000	709.000000	500.000000	-71.565047
830	6.000000	-58.000000	689.000000	500.000000	-71.565047
831	6.000000	-58.000000	689.000000	500.000000	-71.565047
832	6.000000	-58.000000	629.000000	500.000000	-71.565047
833	6.000000	-58.000000	629.000000	500.000000	-71.565047
834	6.000000	-58.000000	587.000000	500.000000	-71.565047
835	6.000000	-58.000000	587.000000	500.000000	-71.565047
836	6.000000	-58.000000	507.000000	500.000000	-71.565047
837	6.000000	-58.000000	507.000000	500.000000	-71.565047
838	6.000000	-58.000000	426.000000	500.000000	-71.565047
839	6.000000	-58.000000	426.000000	500.000000	-71.565047
840	6.000000	-58.000000	380.000000	500.000000	-71.565047
841	6.000000	-58.000000	380.000000	500.000000	-71.565047
842	6.000000	-58.000000	312.000000	500.000000	-71.565047
843	6.000000	-58.000000	312.000000	500.000000	-71.565047
844	6.000000	-58.000000	250.000000	500.000000	-71.565047
845	6.000000	-58.000000	250.000000	500.000000	-71.565047
846	6.000000	-58.000000	203.000000	500.000000	-71.565047
847	6.000000	-58.000000	203.000000	500.000000	-71.565047
848	6.000000	-58.000000	172.000000	500.000000	-71.565047
849	6.000000	-58.000000	172.000000	500.000000	-71.565047
850	6.000000	-58.000000	164.000000	500.000000	-71.565047
851	6.000000	-58.000000	164.000000	500.000000	-71.565047
852	6.000000	-58.000000	152.000000	500.000000	-71.565047
853	6.000000	-58.000000	152.000000	500.000000	-71.565047
854	6.000000	-58.000000	206.000000	500.000000	-71.565047
855	6.000000	-58.000000	206.000000	500.000000	-71.565047
856	6.000000	-58.000000	180.000000	500.000000	-71.565047
857	6.000000	-58.000000	180.000000	500.000000	-71.565047
858	6.000000	-58.000000	151.000000	500.000000	-71.565047
859	6.000000	-58.000000	151.000000	500.000000	-71.565047
860	6.000000	-58.000000	156.000000	500.000000	-71.565047
861	6.000000	-58.000000	156.000000	500.000000	-71.565047
862	6.000000	-58.000000	150.000000	500.000000	-71.565047
863	6.000000	-58.000000	150.000000	500.000000	-71.565047
864	6.000000	-58.000000	149.000000	500.000000	-71.565047
865	6.000000	-58.000000	149.000000	500.000000	-71.565047
866	6.000000	-58.000000	149.000000	500.000000	-71.565047
867	6.000000	-58.000000	149.000000	500.000000	-71.565047
868	6.000000	-58.000000	148.000000	500.000000	-71.565047
869	6.000000	-58.000000	148.000000	500.000000	-71.565047
870	6.000000	-58.000000	150.000000	500.000000	-71.565047
871	6.000000	-58.000000	150.000000	500.000000	-71.565047
872	6.000000	-58.000000	149.000000	500.000000	-71.565047
873	6.000000	-58.000000	149.000000	500.000000	-71.565047
874	6.000000	-58.000000	149.000000	500.000000	-71.565047
875	6.000000	-58.000000	149.000000	500.000000	-71.565047
876	6.000000	-58.000000	148.000000	500.000000	-71.565047
877	6.000000	-58.000000	148.000000	500.000000	-71.565047
878	6.000000	-58.000000	149.000000	500.000000	-71.565047
879	6.000000	-58.000000	149.000000	500.000000	-71.565047
880	6.000000	-58.000000	151.000000	500.000000	-71.565047
881	6.000000	-58.000000	151.000000	500.000000	-71.565047
882	6.000000	-58.000000	154.000000	500.000000	-71.565047
883	6.000000	-58.000000	154.000000	500.000000	-71.565047
884	6.000000	-58.000000	164.000000	500.000000	-71.565047
885	8.000000	28.000000	164.000000	500.000000	90.000000
886	8.000000	28.000000	164.000000	500.000000	90.000000
887	8.000000	28.000000	173.000000	500.000000	90.000000
888	8.000000	28.000000	187.000000	500.000000	90.000000
889	8.000000	28.000000	187.000000	500.000000	90.000000
890	8.000000	28.000000	216.000000	500.000000	90.000000
891	8.000000	28.000000	216.000000	500.000000	90.000000
892	8.000000	28.000000	232.000000	500.000000	90.000000
893	8.000000	28.000000	232.000000	500.000000	90.000000
894	8.000000	28.000000	267.000000	500.000000	90.000000
895	8.000000	28.000000	267.000000	500.000000	90.000000
896	8.000000	28.000000	420.000000	500.000000	90.000000
897	8.000000	28.000000	420.000000	500.000000	90.000000
898	8.000000	28.000000	439.000000	500.000000	90.000000
899	8.000000	28.000000	439.000000	500.000000	90.000000
900	8.000000	28.000000	457.000000	500.000000	90.000000
901	8.000000	28.000000	457.000000	500.000000	90.000000
902	8.000000	28.000000	452.000000	500.000000	90.000000
903	8.000000	28.000000	452.000000	500.000000	90.000000
904	8.000000	28.000000	452.000000	500.000000	90.000000
905	8.000000	28.000000	462.000000	500.000000	90.000000
906	8.000000	28.000000	473.000000	500.000000	90.000000
907	8.000000	28.000000	473.000000	500.000000	90.000000
908	8.000000	28.000000	447.000000	500.000000	90.000000
909	8.000000	28.000000	447.000000	500.000000	90.000000
910	8.000000	28.000000	475.000000	500.000000	90.000000
911	8.000000	28.000000	475.000000	500.000000	90.000000
912	8.000000	28.000000	435.000000	500.000000	90.000000
913	8.000000	28.000000	435.000000	500.000000	90.000000
914	8.000000	28.000000	429.000000	500.000000	90.000000
915	8.000000	28.000000	429.000000	500.000000	90.000000
916	8.000000	28.000000	418.000000	500.000000	90.000000
917	8.000000	28.000000	418.000000	500.000000	90.000000
918	8.000000	28.000000	419.000000	500.000000	90.000000
919	8.000000	28.000000	419.000000	500.000000	90.000000
920	8.000000	28.000000	388.000000	500.000000	90.000000
921	8.000000	28.000000	388.000000	500.000000	90.000000
922	8.000000	28.000000	374.000000	500.000000	90.000000
923	8.000000	28.000000	374.000000	500.000000	90.000000
924	8.000000	28.000000	352.000000	500.000000	90.000000
925	8.000000	28.000000	352.000000	500.000000	90.000000
926	8.000000	28.000000	360.000000	500.000000	90.000000
927	8.000000	28.000000	360.000000	500.000000	90.000000
928	8.000000	28.000000	354.000000	500.000000	90.000000
929	8.000000	28.000000	354.000000	500.000000	90.000000
930	8.000000	28.000000	348.000000	500.000000	90.000000
931	8.000000	28.000000	348.000000	500.000000	90.000000
932	8.000000	28.000000	348.000000	500.000000	90.000000
933	8.000000	28.000000	348.000000	500.000000	90.000000
934	8.000000	28.000000	348.000000	500.000000	90.000000
935	8.000000	28.000000	348.000000	500.000000	90.000000
936	8.000000	28.000000	277.000000	500.000000	90.000000
937	8.000000	28.000000	277.000000	500.000000	90.000000
938	8.000000	28.000000	319.000000	500.000000	90.000000
939	8.000000	28.000000	319.000000	500.000000	90.000000
940	8.000000	28.000000	298.000000	500.000000	90.000000
941	8.000000	28.000000	298.000000	500.000000	90.000000
942	8.000000	28.000000	310.000000	500.000000	90.000000
943	8.000000	28.000000	310.000000	500.000000	90.000000
944	8.000000	28.000000	324.000000	500.000000	90.000000
945	8.000000	28.000000	324.000000	500.000000	90.000000
946	8.000000	28.000000	345.000000	500.000000	90.000000
947	8.000000	28.000000	345.000000	500.000000	90.000000
948	8.000000	28.000000	390.000000	500.000000	90.000000
949	8.000000	28.000000	390.000000	500.000000	90.000000
950	8.000000	28.000000	435.000000	500.000000	90.000000
951	8.000000	28.000000	435.000000	500.000000	90.000000
952	8.000000	28.000000	547.000000	500.000000	90.000000
953	8.000000	28.000000	547.000000	500.000000	90.000000
954	8.000000	28.000000	474.000000	500.000000	90.000000
955	8.000000	28.000000	474.000000	500.000000	90.000000
956	8.000000	28.000000	483.000000	500.000000	90.000000
957	8.000000	28.000000	483.000000	500.000000	90.000000
958	8.000000	28.000000	518.000000	500.000000	90.000000
959	8.000000	28.000000	518.000000	500.000000	90.000000
960	8.000000	28.000000	540.000000	500.000000	90.000000
961	8.000000	28.000000	540.000000	500.000000	90.000000
962	8.000000	28.000000	567.000000	500.000000	90.000000
963	8.000000	28.000000	567.000000	500.000000	90.000000
964	8.000000	28.000000	594.000000	500.000000	90.000000
965	8.000000	28.000000	594.000000	500.000000	90.000000
966	8.000000	28.000000	704.000000	500.000000	90.000000
967	8.000000	28.000000	704.000000	500.000000	90.000000
968	8.000000	28.000000	665.000000	500.000000	90.000000
969	8.000000	28.000000	665.000000	500.000000	90.000000
970	8.000000	28.000000	655.000000	500.000000	90.000000
971	8.000000	28.000000	655.000000	500.000000	90.000000
972	8.000000	28.000000	639.000000	500.000000	90.000000
973	8.000000	28.000000	639.000000	500.000000	90.000000
974	8.000000	28.000000	636.000000	500.000000	90.000000
975	8.000000	28.000000	636.000000	500.000000	90.000000
976	8.000000	28.000000	635.000000	500.000000	90.000000
977	8.000000	28.000000	635.000000	500.000000	90.000000
978	8.000000	28.000000	670.000000	500.000000	90.000000
979	8.000000	28.000000	670.000000	500.000000	90.000000
980	8.000000	28.000000	629.000000	500.000000	90.000000
981	8.000000	28.000000	629.000000	500.000000	90.000000
982	8.000000	28.000000	629.000000	500.000000	90.000000
983	8.000000	28.000000	629.000000	500.000000	90.000000
984	8.000000	28.000000	607.000000	500.000000	90.000000
985	8.000000	28.000000	607.000000	500.000000	90.000000
986	8.000000	28.000000	607.000000	500.000000	90.000000
987	8.000000	28.000000	215.000000	500.000000	90.000000
988	8.000000	28.000000	215.000000	500.000000	90.000000
989	8.000000	28.000000	153.000000	500.000000	90.000000
990	8.000000	28.000000	153.000000	500.000000	90.000000
991	8.000000	28.000000	106.000000	500.000000	90.000000
992	8.000000	28.000000	106.000000	500.000000	90.000000
993	8.000000	28.000000	93.000000	500.000000	90.000000
994	8.000000	28.000000	93.000000	500.000000	90.000000
995	8.000000	28.000000	93.000000	500.000000	90.000000
996	8.000000	28.000000	93.000000	500.000000	90.000000
997	8.000000	28.000000	93.000000	500.000000	90.000000
998	8.000000	28.000000	93.000000	500.000000	90.000000
999	8.000000	28.000000	93.000000	500.000000	90.000000
1000	8.000000	28.000000	93.000000	500.000000	90.000000
1001	8.000000	28.000000	73.000000	500.000000	90.000000
1002	8.000000	28.000000	73.000000	500.000000	90.000000
1003	8.000000	28.000000	73.000000	500.000000	90.000000
1004	8.000000	28.000000	73.000000	500.000000	90.000000
1005	8.000000	28.000000	52.000000	500.000000	90.000000
1006	8.000000	28.000000	52.000000	500.000000	90.000000
1007	8.000000	28.000000	56.000000	500.000000	90.000000
1008	8.000000	28.000000	56.000000	500.000000	90.000000
1009	8.000000	28.000000	54.000000	500.000000	90.000000
1010	8.000000	28.000000	54.000000	500.000000	90.000000
1011	8.000000	28.000000	51.000000	500.000000	90.000000
1012	8.000000	28.000000	51.000000	500.000000	90.000000
1013	8.000000	28.000000	51.000000	500.000000	90.000000
1014	8.000000	28.000000	50.000000	500.000000	90.000000
1015	8.000000	28.000000	50.000000	500.000000	90.000000
1016	8.000000	28.000000	50.000000	500.000000	90.000000
1017	8.000000	28.000000	51.000000	500.000000	90.000000
1018	8.000000	28.000000	51.000000	500.000000	90.000000
1019	8.000000	28.000000	49.000000	500.000000	90.000000
1020	8.000000	28.000000	49.000000	500.000000	90.000000
1021	8.000000	28.000000	49.000000	500.000000	90.000000
1022	8.000000	28.000000	49.000000	500.000000	90.000000
1023	8.000000	28.000000	50.000000	500.000000	90.000000
1024	8.000000	28.000000	50.000000	500.000000	90.000000
1025	8.000000	28.000000	50.000000	500.000000	90.000000
1026	8.000000	28.000000	50.000000	500.000000	90.000000
1027	8.000000	28.000000	49.000000	500.000000	90.000000
1028	8.000000	28.000000	49.000000	500.000000	90.000000
1029	8.000000	28.000000	51.000000	500.000000	90.000000
1030	8.000000	28.000000	51.000000	500.000000	90.000000
1031	8.000000	28.000000	50.000000	500.000000	90.000000
1032	8.000000	28.000000	50.000000	500.000000	90.000000
1033	8.000000	28.000000	50.000000	500.000000	90.000000
1034	8.000000	28.000000	50.000000	500.000000	90.000000
1035	8.000000	28.000000	51.000000	500.000000	90.000000
1036	8.000000	28.000000	51.000000	500.000000	90.000000
1037	8.000000	28.000000	53.000000	500.000000	90.000000
1038	8.000000	28.000000	53.000000	500.000000	90.000000
1039	8.000000	28.000000	52.000000	500.000000	90.000000
1040	8.000000	28.000000	52.000000	500.000000	90.000000
1041	8.000000	28.000000	54.000000	500.000000	90.000000
1042	8.000000	28.000000	54.000000	500.000000	90.000000
1043	8.000000	28.000000	49.000000	500.000000	90.000000
1044	8.000000	28.000000	49.000000	500.000000	90.000000
1045	8.000000	28.000000	49.000000	500.000000	90.000000
1046	8.000000	28.000000	49.000000	500.000000	90.000000
1047	8.000000	28.000000	49.000000	500.000000	90.000000
1048	8.000000	28.000000	49.000000	500.000000	90.000000
1049	8.000000	28.000000	48.000000	500.000000	90.000000
1050	8.000000	28.000000	48.000000	500.000000	90.000000
1051	8.000000	28.000000	49.000000	500.000000	90.000000
1052	8.000000	28.000000	49.000000	500.000000	90.000000
1053	8.000000	28.000000	50.000000	500.000000	90.000000
1054	8.000000	28.000000	50.000000	500.000000	90.000000
1055	8.000000	28.000000	48.000000	500.000000	90.000000
1056	8.000000	28.000000	48.000000	500.000000	90.000000
1057	8.000000	28.000000	49.000000	500.000000	90.000000
1058	8.000000	28.000000	49.000000	500.000000	90.000000
1059	8.000000	28.000000	50.000000	500.000000	90.000000
1060	8.000000	28.000000	50.000000	500.000000	90.000000
1061	8.000000	28.000000	50.000000	500.000000	90.000000
1062	8.000000	28.000000	50.000000	500.000000	90.000000
1063	8.000000	28.000000	49.000000	500.000000	90.000000
1064	8.000000	28.000000	49.000000	500.000000	90.000000
1065	8.000000	28.000000	48.000000	500.000000	90.000000
1066	8.000000	28.000000	48.000000	500.000000	90.000000
1067	8.000000	28.000000	50.000000	500.000000	90.000000
1068	8.000000	28.000000	50.000000	500.000000	90.000000
1069	8.000000	28.000000	50.000000	500.000000	90.000000
1070	8.000000	28.000000	50.000000	500.000000	90.000000
1071	8.000000	28.000000	50.000000	500.000000	90.000000
1072	8.000000	28.000000	50.000000	500.000000	90.000000
1073	8.000000	28.000000	50.000000	500.000000	90.000000
1074	8.000000	28.000000	50.000000	500.000000	90.000000
1075	8.000000	28.000000	50.000000	500.000000	90.000000
1076	8.000000	28.000000	50.000000	500.000000	90.000000
1077	8.000000	28.000000	50.000000	500.000000	90.000000
1078	8.000000	28.000000	51.000000	500.000000	90.000000
1079	8.000000	28.000000	50.000000	500.000000	90.000000
1080	8.000000	28.000000	50.000000	500.000000	90.000000
1081	8.000000	28.000000	50.000000	500.000000	90.000000
1082	8.000000	28.000000	52.000000	500.000000	90.000000
1083	8.000000	28.000000	48.000000	500.000000	90.000000
1084	8.000000	28.000000	50.000000	500.000000	90.000000
1085	8.000000	28.000000	50.000000	500.000000	90.000000
1086	8.000000	28.000000	50.000000	500.000000	90.000000
1087	8.000000	28.000000	49.000000	500.000000	90.000000
1088	8.000000	28.000000	49.000000	500.000000	90.000000
1089	8.000000	28.000000	49.000000	500.000000	90.000000
1090	8.000000	28.000000	49.000000	500.000000	90.000000
1091	8.000000	28.000000	48.000000	500.000000	90.000000
1092	8.000000	28.000000	48.000000	500.000000	90.000000
1093	8.000000	28.000000	48.000000	500.000000	90.000000
1094	8.000000	28.000000	49.000000	500.000000	90.000000
1095	8.000000	28.000000	49.000000	500.000000	90.000000
1096	8.000000	28.000000	48.000000	500.000000	90.000000
1097	8.000000	28.000000	48.000000	500.000000	90.000000
1098	8.000000	28.000000	48.000000	500.000000	90.000000
1099	8.000000	28.000000	48.000000	500.000000	90.000000
1100	8.000000	28.000000	48.000000	500.000000	90.000000
1101	8.000000	28.000000	48.000000	500.000000	90.000000
1102	8.000000	28.000000	49.000000	500.000000	90.000000
1103	8.000000	28.000000	49.000000	500.000000	90.000000
1104	8.000000	28.000000	53.000000	500.000000	90.000000
1105	8.000000	28.000000	53.000000	500.000000	90.000000
1106	8.000000	28.000000	53.000000	500.000000	90.000000
1107	8.000000	28.000000	51.000000	500.000000	90.000000
1108	8.000000	28.000000	48.000000	500.000000	90.000000
1109	8.000000	28.000000	48.000000	500.000000	90.000000
1110	8.000000	28.000000	49.000000	500.000000	90.000000
1111	8.000000	28.000000	49.000000	500.000000	90.000000
1112	8.000000	28.000000	49.000000	500.000000	90.000000
1113	8.000000	28.000000	49.000000	500.000000	90.000000
1114	8.000000	28.000000	49.000000	500.000000	90.000000
1115	8.000000	28.000000	49.000000	500.000000	90.000000
1116	8.000000	28.000000	49.000000	500.000000	90.000000
1117	8.000000	28.000000	49.000000	500.000000	90.000000
1118	8.000000	28.000000	216.000000	500.000000	90.000000
1119	8.000000	28.000000	215.000000	500.000000	90.000000
1120	8.000000	28.000000	217.000000	500.000000	90.000000
1121	8.000000	28.000000	217.000000	500.000000	90.000000
1122	8.000000	28.000000	216.000000	500.000000	90.000000
1123	8.000000	28.000000	216.000000	500.000000	90.000000
1124	8.000000	28.000000	217.000000	500.000000	90.000000
1125	8.000000	28.000000	217.000000	500.000000	90.000000
1126	8.000000	28.000000	217.000000	500.000000	90.000000
1127	8.000000	28.000000	217.000000	500.000000	90.000000
1128	8.000000	28.000000	240.000000	500.000000	90.000000
1129	8.000000	28.000000	240.000000	500.000000	90.000000
1130	8.000000	28.000000	218.000000	500.000000	90.000000
1131	8.000000	28.000000	218.000000	500.000000	90.000000
1132	8.000000	28.000000	217.000000	500.000000	90.000000
1133	8.000000	28.000000	217.000000	500.000000	90.000000
1134	8.000000	28.000000	229.000000	500.000000	90.000000
1135	8.000000	28.000000	229.000000	500.000000	90.000000
1136	8.000000	28.000000	218.000000	500.000000	90.000000
1137	8.000000	28.000000	218.000000	500.000000	90.000000
1138	8.000000	28.000000	221.000000	500.000000	90.000000
1139	8.000000	28.000000	221.000000	500.000000	90.000000
1140	8.000000	28.000000	218.000000	500.000000	90.000000
1141	8.000000	28.000000	218.000000	500.000000	90.000000
1142	8.000000	28.000000	217.000000	500.000000	90.000000
1143	8.000000	28.000000	217.000000	500.000000	90.000000
1144	8.000000	28.000000	218.000000	500.000000	90.000000
1145	8.000000	28.000000	218.000000	500.000000	90.000000
1146	8.000000	28.000000	218.000000	500.000000	90.000000
1147	8.000000	28.000000	218.000000	500.000000	90.000000
1148	8.000000	28.000000	217.000000	500.000000	90.000000
1149	8.000000	28.000000	217.000000	500.000000	90.000000
1150	8.000000	28.000000	220.000000	500.000000	90.000000
1151	8.000000	28.000000	220.000000	500.000000	90.000000
1152	8.000000	28.000000	220.000000	500.000000	90.000000
1153	8.000000	28.000000	220.000000	500.000000	90.000000
1154	8.000000	28.000000	217.000000	500.000000	90.000000
1155	8.000000	28.000000	217.000000	500.000000	90.000000
1156	8.000000	28.000000	217.000000	500.000000	90.000000
1157	8.000000	28.000000	217.000000	500.000000	90.000000
1158	8.000000	28.000000	217.000000	500.000000	90.000000
1159	8.000000	28.000000	217.000000	500.000000	90.000000
1160	8.000000	28.000000	217.000000	500.000000	90.000000
1161	8.000000	28.000000	217.000000	500.000000	90.000000
1162	8.000000	28.000000	217.000000	500.000000	90.000000
1163	8.000000	28.000000	217.000000	500.000000	90.000000
1164	8.000000	28.000000	217.000000	500.000000	90.000000
1165	8.000000	28.000000	217.000000	500.000000	90.000000
1166	8.000000	28.000000	217.000000	500.000000	90.000000
1167	8.000000	28.000000	217.000000	500.000000	90.000000
1168	8.000000	28.000000	217.000000	500.000000	90.000000
1169	8.000000	28.000000	217.000000	500.000000	90.000000
1170	8.000000	28.000000	217.000000	500.000000	90.000000
1171	8.000000	28.000000	217.000000	500.000000	90.000000
1172	8.000000	28.000000	217.000000	500.000000	90.000000
1173	8.000000	28.000000	217.000000	500.000000	90.000000
1174	8.000000	28.000000	217.000000	500.000000	90.000000
1175	8.000000	28.000000	217.000000	500.000000	90.000000
1176	8.000000	28.000000	217.000000	500.000000	90.000000
1177	8.000000	28.000000	217.000000	500.000000	90.000000
1178	8.000000	28.000000	217.000000	500.000000	90.000000
1179	8.000000	28.000000	217.000000	500.000000	90.000000
1180	8.000000	28.000000	217.000000	500.000000	90.000000
1181	8.000000	28.000000	217.000000	500.000000	90.000000
1182	8.000000	28.000000	217.000000	500.000000	90.000000
1183	8.000000	28.000000	217.000000	500.000000	90.000000
1184	8.000000	28.000000	218.000000	500.000000	90.000000
1185	8.000000	28.000000	218.000000	500.000000	90.000000
1186	8.000000	28.000000	218.000000	500.000000	90.000000
1187	8.000000	28.000000	218.000000	500.000000	90.000000
1188	8.000000	28.000000	218.000000	500.000000	90.000000
1189	8.000000	28.000000	218.000000	500.000000	90.000000
1190	8.000000	28.000000	218.000000	500.000000	90.000000
1191	8.000000	28.000000	218.000000	500.000000	90.000000
1192	8.000000	28.000000	218.000000	500.000000	90.000000
1193	8.000000	28.000000	218.000000	500.000000	90.000000
1194	8.000000	28.000000	219.000000	500.000000	90.000000
1195	8.000000	28.000000	219.000000	500.000000	90.000000
1196	8.000000	28.000000	219.000000	500.000000	90.000000
1197	8.000000	28.000000	219.000000	500.000000	90.000000
1198	8.000000	28.000000	219.000000	500.000000	90.000000
1199	8.000000	28.000000	219.000000	500.000000	90.000000
1200	8.000000	28.000000	220.000000	500.000000	90.000000
1201	8.000000	28.000000	220.000000	500.000000	90.000000
1202	8.000000	28.000000	220.000000	500.000000	90.000000
1203	8.000000	28.000000	220.000000	500.000000	90.000000
1204	8.000000	28.000000	221.000000	500.000000	90.000000
1205	8.000000	28.000000	221.000000	500.000000	90.000000
1206	8.000000	28.000000	222.000000	500.000000	90.000000
1207	8.000000	28.000000	222.000000	500.000000	90.000000
1208	8.000000	28.000000	223.000000	500.000000	90.000000
1209	8.000000	28.000000	223.000000	500.000000	90.000000
1210	8.000000	28.000000	223.000000	500.000000	90.000000
1211	8.000000	28.000000	223.000000	500.000000	90.000000
1212	8.000000	28.000000	224.000000	500.000000	90.000000
1213	8.000000	28.000000	224.000000	500.000000	90.000000
1214	8.000000	28.000000	226.000000	500.000000	90.000000
1215	8.000000	28.000000	226.000000	500.000000	90.000000
1216	8.000000	28.000000	229.000000	500.000000	90.000000
1217	8.000000	28.000000	229.000000	500.000000	90.000000
1218	8.000000	28.000000	228.000000	500.000000	90.000000
1219	8.000000	28.000000	228.000000	500.000000	90.000000
1220	8.000000	28.000000	228.000000	500.000000	90.000000
1221	8.000000	28.000000	228.000000	500.000000	90.000000
1222	8.000000	28.000000	230.000000	500.000000	90.000000
1223	8.000000	28.000000	230.000000	500.000000	90.000000
1224	8.000000	28.000000	234.000000	500.000000	90.000000
1225	8.000000	28.000000	234.000000	500.000000	90.000000
1226	8.000000	28.000000	234.000000	500.000000	90.000000
1227	8.000000	28.000000	234.000000	500.000000	90.000000
1228	8.000000	28.000000	230.000000	500.000000	90.000000
1229	8.000000	28.000000	230.000000	500.000000	90.000000
1230	8.000000	28.000000	230.000000	500.000000	90.000000
1231	8.000000	28.000000	230.000000	500.000000	90.000000
1232	8.000000	28.000000	230.000000	500.000000	90.000000
1233	8.000000	28.000000	230.000000	500.000000	90.000000
1234	8.000000	28.000000	274.000000	500.000000	90.000000
1235	8.000000	28.000000	274.000000	500.000000	90.000000
1236	8.000000	28.000000	274.000000	500.000000	90.000000
1237	8.000000	28.000000	274.000000	500.000000	90.000000
1238	8.000000	28.000000	273.000000	500.000000	90.000000
1239	8.000000	28.000000	273.000000	500.000000	90.000000
1240	8.000000	28.000000	271.000000	500.000000	90.000000
1241	8.000000	28.000000	271.000000	500.000000	90.000000
1242	8.000000	28.000000	226.000000	500.000000	90.000000
1243	8.000000	28.000000	226.000000	500.000000	90.000000
1244	8.000000	28.000000	226.000000	500.000000	90.000000
1245	8.000000	28.000000	226.000000	500.000000	90.000000
1246	8.000000	28.000000	226.000000	500.000000	90.000000
1247	8.000000	28.000000	226.000000	500.000000	90.000000
1248	8.000000	28.000000	273.000000	500.000000	90.000000
1249	8.000000	28.000000	273.000000	500.000000	90.000000
1250	8.000000	28.000000	273.000000	500.000000	90.000000
1251	8.000000	28.000000	273.000000	500.000000	90.000000
1252	8.000000	28.000000	273.000000	500.000000	90.000000
1253	8.000000	28.000000	273.000000	500.000000	90.000000
1254	8.000000	28.000000	273.000000	500.000000	90.000000
1255	8.000000	28.000000	226.000000	500.000000	90.000000
1256	8.000000	28.000000	224.000000	500.000000	90.000000
1257	8.000000	28.000000	224.000000	500.000000	90.000000
1258	8.000000	28.000000	227.000000	500.000000	90.000000
1259	8.000000	28.000000	227.000000	500.000000	90.000000
1260	8.000000	28.000000	222.000000	500.000000	90.000000
1261	8.000000	28.000000	222.000000	500.000000	90.000000
1262	8.000000	28.000000	224.000000	500.000000	90.000000
1263	8.000000	28.000000	224.000000	500.000000	90.000000
1264	8.000000	28.000000	223.000000	500.000000	90.000000
1265	8.000000	28.000000	223.000000	500.000000	90.000000
1266	8.000000	28.000000	222.000000	500.000000	90.000000
1267	8.000000	28.000000	222.000000	500.000000	90.000000
1268	8.000000	28.000000	222.000000	500.000000	90.000000
1269	8.000000	28.000000	222.000000	500.000000	90.000000
1270	8.000000	28.000000	223.000000	500.000000	90.000000
1271	8.000000	28.000000	223.000000	500.000000	90.000000
1272	8.000000	28.000000	222.000000	500.000000	90.000000
1273	8.000000	28.000000	222.000000	500.000000	90.000000
1274	8.000000	28.000000	222.000000	500.000000	90.000000
1275	8.000000	28.000000	222.000000	500.000000	90.000000
1276	8.000000	28.000000	221.000000	500.000000	90.000000
1277	8.000000	28.000000	221.000000	500.000000	90.000000
1278	8.000000	28.000000	221.000000	500.000000	90.000000
1279	8.000000	28.000000	221.000000	500.000000	90.000000
1280	8.000000	28.000000	221.000000	500.000000	90.000000
1281	8.000000	28.000000	221.000000	500.000000	90.000000
1282	8.000000	28.000000	221.000000	500.000000	90.000000
1283	8.000000	28.000000	221.000000	500.000000	90.000000
1284	8.000000	28.000000	221.000000	500.000000	90.000000
1285	8.000000	28.000000	221.000000	500.000000	90.000000
1286	8.000000	28.000000	221.000000	500.000000	90.000000
1287	8.000000	28.000000	221.000000	500.000000	90.000000
1288	8.000000	28.000000	221.000000	500.000000	90.000000
1289	8.000000	28.000000	221.000000	500.000000	90.000000
1290	8.000000	28.000000	217.000000	500.000000	90.000000
1291	8.000000	28.000000	217.000000	500.000000	90.000000
1292	8.000000	28.000000	215.000000	500.000000	90.000000
1293	8.000000	28.000000	215.000000	500.000000	90.000000
1294	8.000000	28.000000	215.000000	500.000000	90.000000
1295	8.000000	28.000000	215.000000	500.000000	90.000000
1296	8.000000	28.000000	215.000000	500.000000	90.000000
1297	8.000000	28.000000	215.000000	500.000000	90.000000
1298	8.000000	28.000000	215.000000	500.000000	90.000000
1299	8.000000	28.000000	215.000000	500.000000	90.000000
1300	8.000000	28.000000	215.000000	500.000000	90.000000
1301	8.000000	28.000000	215.000000	500.000000	90.000000
1302	8.000000	28.000000	215.000000	500.000000	90.000000
1303	8.000000	28.000000	215.000000	500.000000	90.000000
1304	8.000000	28.000000	229.000000	500.000000	90.000000
1305	8.000000	28.000000	229.000000	500.000000	90.000000
1306	8.000000	28.000000	218.000000	500.000000	90.000000
1307	8.000000	28.000000	218.000000	500.000000	90.000000
1308	8.000000	28.000000	217.000000	500.000000	90.000000
1309	8.000000	28.000000	217.000000	500.000000	90.000000
1310	8.000000	28.000000	217.000000	500.000000	90.000000
1311	8.000000	28.000000	217.000000	500.000000	90.000000
1312	8.000000	28.000000	218.000000	500.000000	90.000000
1313	8.000000	28.000000	218.000000	500.000000	90.000000
1314	8.000000	28.000000	251.000000	500.000000	90.000000
1315	8.000000	28.000000	251.000000	500.000000	90.000000
1316	8.000000	28.000000	223.000000	500.000000	90.000000
1317	8.000000	28.000000	223.000000	500.000000	90.000000
1318	8.000000	28.000000	223.000000	500.000000	90.000000
1319	8.000000	28.000000	218.000000	500.000000	90.000000
1320	8.000000	28.000000	221.000000	500.000000	90.000000
1321	8.000000	28.000000	221.000000	500.000000	90.000000
1322	8.000000	28.000000	218.000000	500.000000	90.000000
1323	8.000000	28.000000	218.000000	500.000000	90.000000
1324	8.000000	28.000000	217.000000	500.000000	90.000000
1325	8.000000	28.000000	217.000000	500.000000	90.000000
1326	8.000000	28.000000	218.000000	500.000000	90.000000
1327	8.000000	28.000000	218.000000	500.000000	90.000000
1328	8.000000	28.000000	220.000000	500.000000	90.000000
1329	8.000000	28.000000	220.000000	500.000000	90.000000
1330	8.000000	28.000000	222.000000	500.000000	90.000000
1331	8.000000	28.000000	222.000000	500.000000	90.000000
1332	8.000000	28.000000	242.000000	500.000000	90.000000
1333	8.000000	28.000000	242.000000	500.000000	90.000000
1334	8.000000	28.000000	243.000000	500.000000	90.000000
1335	8.000000	28.000000	243.000000	500.000000	90.000000
1336	8.000000	28.000000	239.000000	500.000000	90.000000
1337	8.000000	28.000000	239.000000	500.000000	90.000000
1338	8.000000	28.000000	243.000000	500.000000	90.000000
1339	8.000000	28.000000	243.000000	500.000000	90.000000
1340	8.000000	28.000000	258.000000	500.000000	90.000000
1341	8.000000	28.000000	258.000000	500.000000	90.000000
1342	8.000000	28.000000	273.000000	500.000000	90.000000
1343	8.000000	28.000000	273.000000	500.000000	90.000000
1344	8.000000	28.000000	291.000000	500.000000	90.000000
1345	8.000000	28.000000	291.000000	500.000000	90.000000
1346	8.000000	28.000000	328.000000	500.000000	90.000000
1347	8.000000	28.000000	328.000000	500.000000	90.000000
1348	8.000000	28.000000	398.000000	500.000000	90.000000
1349	8.000000	28.000000	398.000000	500.000000	90.000000
1350	8.000000	28.000000	397.000000	500.000000	90.000000
1351	8.000000	28.000000	397.000000	500.000000	90.000000
1352	8.000000	28.000000	251.000000	500.000000	90.000000
1353	8.000000	28.000000	251.000000	500.000000	90.000000
1354	8.000000	28.000000	246.000000	500.000000	90.000000
1355	8.000000	28.000000	246.000000	500.000000	90.000000
1356	8.000000	28.000000	242.000000	500.000000	90.000000
1357	8.000000	28.000000	242.000000	500.000000	90.000000
1358	8.000000	28.000000	242.000000	500.000000	90.000000
1359	8.000000	28.000000	242.000000	500.000000	90.000000
1360	8.000000	28.000000	240.000000	500.000000	90.000000
1361	8.000000	28.000000	240.000000	500.000000	90.000000
1362	8.000000	28.000000	239.000000	500.000000	90.000000
1363	8.000000	28.000000	239.000000	500.000000	90.000000
1364	8.000000	28.000000	242.000000	500.000000	90.000000
1365	8.000000	28.000000	242.000000	500.000000	90.000000
1366	8.000000	28.000000	246.000000	500.000000	90.000000
1367	8.000000	28.000000	246.000000	500.000000	90.000000
1368	8.000000	28.000000	256.000000	500.000000	90.000000
1369	8.000000	28.000000	256.000000	500.000000	90.000000
1370	8.000000	28.000000	273.000000	500.000000	90.000000
1371	8.000000	28.000000	273.000000	500.000000	90.000000
1372	8.000000	28.000000	300.000000	500.000000	90.000000
1373	8.000000	28.000000	300.000000	500.000000	90.000000
1374	8.000000	28.000000	335.000000	500.000000	90.000000
1375	8.000000	28.000000	335.000000	500.000000	90.000000
1376	8.000000	28.000000	401.000000	500.000000	90.000000
1377	8.000000	28.000000	401.000000	500.000000	90.000000
1378	8.000000	28.000000	831.000000	500.000000	90.000000
1379	8.000000	28.000000	831.000000	500.000000	90.000000
1380	8.000000	28.000000	831.000000	500.000000	90.000000
1381	8.000000	28.000000	728.000000	500.000000	90.000000
1382	8.000000	28.000000	728.000000	500.000000	90.000000
1383	8.000000	28.000000	728.000000	500.000000	90.000000
1384	8.000000	28.000000	733.000000	500.000000	90.000000
1385	8.000000	28.000000	733.000000	500.000000	90.000000
1386	8.000000	28.000000	746.000000	500.000000	90.000000
1387	8.000000	28.000000	746.000000	500.000000	90.000000
1388	8.000000	28.000000	714.000000	500.000000	90.000000
1389	8.000000	28.000000	714.000000	500.000000	90.000000
1390	8.000000	28.000000	737.000000	500.000000	90.000000
1391	8.000000	28.000000	737.000000	500.000000	90.000000
1392	8.000000	28.000000	709.000000	500.000000	90.000000
1393	8.000000	28.000000	709.000000	500.000000	90.000000
1394	8.000000	28.000000	362.000000	500.000000	90.000000
1395	8.000000	28.000000	362.000000	500.000000	90.000000
1396	8.000000	28.000000	337.000000	500.000000	90.000000
1397	8.000000	28.000000	337.000000	500.000000	90.000000
1398	8.000000	28.000000	298.000000	500.000000	90.000000
1399	8.000000	28.000000	298.000000	500.000000	90.000000
1400	8.000000	28.000000	283.000000	500.000000	90.000000
1401	8.000000	28.000000	283.000000	500.000000	90.000000
1402	8.000000	28.000000	268.000000	500.000000	90.000000
1403	8.000000	28.000000	268.000000	500.000000	90.000000
1404	8.000000	28.000000	255.000000	500.000000	90.000000
1405	8.000000	28.000000	255.000000	500.000000	90.000000
1406	8.000000	28.000000	233.000000	500.000000	90.000000
1407	8.000000	28.000000	233.000000	500.000000	90.000000
1408	8.000000	28.000000	228.000000	500.000000	90.000000
1409	8.000000	28.000000	228.000000	500.000000	90.000000
1410	8.000000	28.000000	0.000000	500.000000	90.000000
1411	8.000000	28.000000	0.000000	500.000000	90.000000
1412	8.000000	28.000000	301.000000	500.000000	90.000000
1413	-78.000000	-36.000000	301.000000	500.000000	0.000000
1414	-78.000000	-36.000000	283.000000	500.000000	0.000000
1415	-78.000000	-36.000000	283.000000	500.000000	0.000000
1416	-78.000000	-36.000000	217.000000	500.000000	0.000000
1417	-78.000000	-36.000000	217.000000	500.000000	0.000000
1418	-78.000000	-36.000000	217.000000	500.000000	0.000000
1419	-78.000000	-36.000000	217.000000	500.000000	0.000000
1420	-78.000000	-36.000000	216.000000	500.000000	0.000000
1421	-78.000000	-36.000000	216.000000	500.000000	0.000000
1422	-78.000000	-36.000000	216.000000	500.000000	0.000000
1423	-78.000000	-36.000000	216.000000	500.000000	0.000000
1424	-78.000000	-36.000000	216.000000	500.000000	0.000000
1425	-78.000000	-36.000000	216.000000	500.000000	0.000000
1426	-78.000000	-36.000000	216.000000	500.000000	0.000000
1427	-78.000000	-36.000000	216.000000	500.000000	0.000000
1428	-78.000000	-36.000000	232.000000	500.000000	0.000000
1429	-78.000000	-36.000000	232.000000	500.000000	0.000000
1430	-78.000000	-36.000000	216.000000	500.000000	0.000000
1431	-78.000000	-36.000000	216.000000	500.000000	0.000000
1432	-78.000000	-36.000000	216.000000	500.000000	0.000000
1433	-78.000000	-36.000000	216.000000	500.000000	0.000000
1434	-78.000000	-36.000000	217.000000	500.000000	0.000000
1435	-78.000000	-36.000000	217.000000	500.000000	0.000000
1436	-78.000000	-36.000000	216.000000	500.000000	0.000000
1437	-78.000000	-36.000000	216.000000	500.000000	0.000000
1438	-78.000000	-36.000000	215.000000	500.000000	0.000000
1439	-78.000000	-36.000000	215.000000	500.000000	0.000000
1440	-78.000000	-36.000000	218.000000	500.000000	0.000000
1441	-78.000000	-36.000000	218.000000	500.000000	0.000000
1442	-78.000000	-36.000000	217.000000	500.000000	0.000000
1443	-78.000000	-36.000000	217.000000	500.000000	0.000000
1444	-78.000000	-36.000000	217.000000	500.000000	0.000000
1445	-78.000000	-36.000000	217.000000	500.000000	0.000000
1446	-78.000000	-36.000000	218.000000	500.000000	0.000000
1447	-78.000000	-36.000000	218.000000	500.000000	0.000000
1448	-78.000000	-36.000000	232.000000	500.000000	0.000000
1449	-78.000000	-36.000000	232.000000	500.000000	0.000000
1450	-78.000000	-36.000000	223.000000	500.000000	0.000000
1451	-78.000000	-36.000000	223.000000	500.000000	0.000000
1452	-78.000000	-36.000000	234.000000	500.000000	0.000000
1453	-78.000000	-36.000000	234.000000	500.000000	0.000000
1454	-78.000000	-36.000000	227.000000	500.000000	0.000000
1455	-78.000000	-36.000000	227.000000	500.000000	0.000000
1456	-78.000000	-36.000000	230.000000	500.000000	0.000000
1457	-78.000000	-36.000000	242.000000	500.000000	0.000000
1458	-78.000000	-36.000000	242.000000	500.000000	0.000000
1459	-78.000000	-36.000000	242.000000	500.000000	0.000000
1460	-78.000000	-36.000000	259.000000	500.000000	0.000000
1461	-78.000000	-36.000000	259.000000	500.000000	0.000000
1462	-78.000000	-36.000000	263.000000	500.000000	0.000000
1463	-78.000000	-36.000000	257.000000	500.000000	0.000000
1464	-78.000000	-36.000000	257.000000	500.000000	0.000000
1465	-78.000000	-36.000000	254.000000	500.000000	0.000000
1466	-78.000000	-36.000000	254.000000	500.000000	0.000000
1467	-78.000000	-36.000000	255.000000	500.000000	0.000000
1468	-78.000000	-36.000000	255.000000	500.000000	0.000000
1469	-78.000000	-36.000000	255.000000	500.000000	0.000000
1470	-78.000000	-36.000000	255.000000	500.000000	0.000000
1471	-78.000000	-36.000000	254.000000	500.000000	0.000000
1472	-78.000000	-36.000000	254.000000	500.000000	0.000000
1473	-78.000000	-36.000000	256.000000	500.000000	0.000000
1474	-78.000000	-36.000000	256.000000	500.000000	0.000000
1475	-78.000000	-36.000000	256.000000	500.000000	0.000000
1476	-78.000000	-36.000000	254.000000	500.000000	0.000000
1477	-78.000000	-36.000000	255.000000	500.000000	0.000000
1478	-78.000000	-36.000000	255.000000	500.000000	0.000000
1479	-78.000000	-36.000000	255.000000	500.000000	0.000000
1480	-78.000000	-36.000000	255.000000	500.000000	0.000000
1481	-78.000000	-36.000000	256.000000	500.000000	0.000000
1482	-78.000000	-36.000000	256.000000	500.000000	0.000000
1483	-78.000000	-36.000000	256.000000	500.000000	0.000000
1484	-78.000000	-36.000000	256.000000	500.000000	0.000000
1485	-78.000000	-36.000000	255.000000	500.000000	0.000000
1486	-78.000000	-36.000000	255.000000	500.000000	0.000000
1487	-78.000000	-36.000000	256.000000	500.000000	0.000000
1488	-78.000000	-36.000000	256.000000	500.000000	0.000000
1489	-78.000000	-36.000000	256.000000	500.000000	0.000000
1490	-78.000000	-36.000000	256.000000	500.000000	0.000000
1491	-78.000000	-36.000000	257.000000	500.000000	0.000000
1492	-78.000000	-36.000000	257.000000	500.000000	0.000000
1493	-78.000000	-36.000000	257.000000	500.000000	0.000000
1494	-78.000000	-36.000000	257.000000	500.000000	0.000000
1495	-78.000000	-36.000000	257.000000	500.000000	0.000000
1496	-78.000000	-36.000000	257.000000	500.000000	0.000000
1497	-78.000000	-36.000000	257.000000	500.000000	0.000000
1498	-78.000000	-36.000000	257.000000	500.000000	0.000000
1499	-78.000000	-36.000000	257.000000	500.000000	0.000000
1500	-78.000000	-36.000000	257.000000	500.000000	0.000000
1501	-78.000000	-36.000000	257.000000	500.000000	0.000000
1502	-78.000000	-36.000000	257.000000	500.000000	0.000000
1503	-78.000000	-36.000000	257.000000	500.000000	0.000000
1504	-78.000000	-36.000000	257.000000	500.000000	0.000000
1505	-78.000000	-36.000000	257.000000	500.000000	0.000000
1506	-78.000000	-36.000000	259.000000	500.000000	0.000000
1507	-78.000000	-36.000000	257.000000	500.000000	0.000000
1508	-78.000000	-36.000000	257.000000	500.000000	0.000000
1509	-78.000000	-36.000000	257.000000	500.000000	0.000000
1510	-78.000000	-36.000000	257.000000	500.000000	0.000000
1511	-78.000000	-36.000000	257.000000	500.000000	0.000000
1512	-78.000000	-36.000000	257.000000	500.000000	0.000000
1513	-78.000000	-36.000000	257.000000	500.000000	0.000000
1514	-78.000000	-36.000000	257.000000	500.000000	0.000000
1515	-78.000000	-36.000000	257.000000	500.000000	0.000000
1516	-78.000000	-36.000000	257.000000	500.000000	0.000000
1517	-78.000000	-36.000000	257.000000	500.000000	0.000000
1518	-78.000000	-36.000000	257.000000	500.000000	0.000000
1519	-78.000000	-36.000000	257.000000	500.000000	0.000000
1520	-78.000000	-36.000000	257.000000	500.000000	0.000000
1521	-78.000000	-36.000000	257.000000	500.000000	0.000000
1522	-78.000000	-36.000000	257.000000	500.000000	0.000000
1523	-78.000000	-36.000000	256.000000	500.000000	0.000000
1524	-78.000000	-36.000000	256.000000	500.000000	0.000000
1525	-78.000000	-36.000000	257.000000	500.000000	0.000000
1526	-78.000000	-36.000000	257.000000	500.000000	0.000000
1527	-78.000000	-36.000000	257.000000	500.000000	0.000000
1528	-78.000000	-36.000000	257.000000	500.000000	0.000000
1529	-78.000000	-36.000000	257.000000	500.000000	0.000000
1530	-78.000000	-36.000000	257.000000	500.000000	0.000000
1531	-78.000000	-36.000000	256.000000	500.000000	0.000000
1532	-78.000000	-36.000000	256.000000	500.000000	0.000000
1533	-78.000000	-36.000000	256.000000	500.000000	0.000000
1534	-78.000000	-36.000000	256.000000	500.000000	0.000000
1535	-78.000000	-36.000000	257.000000	500.000000	0.000000
1536	-78.000000	-36.000000	257.000000	500.000000	0.000000
1537	-78.000000	-36.000000	256.000000	500.000000	0.000000
1538	-78.000000	-36.000000	256.000000	500.000000	0.000000
1539	-78.000000	-36.000000	257.000000	500.000000	0.000000
1540	-78.000000	-36.000000	257.000000	500.000000	0.000000
1541	-78.000000	-36.000000	257.000000	500.000000	0.000000
1542	-78.000000	-36.000000	257.000000	500.000000	0.000000
1543	-78.000000	-36.000000	257.000000	500.000000	0.000000
1544	-78.000000	-36.000000	257.000000	500.000000	0.000000
1545	-78.000000	-36.000000	257.000000	500.000000	0.000000
1546	-78.000000	-36.000000	257.000000	500.000000	0.000000
1547	-78.000000	-36.000000	257.000000	500.000000	0.000000
1548	-78.000000	-36.000000	257.000000	500.000000	0.000000
1549	-78.000000	-36.000000	256.000000	500.000000	0.000000
1550	-78.000000	-36.000000	256.000000	500.000000	0.000000
1551	-78.000000	-36.000000	256.000000	500.000000	0.000000
1552	-78.000000	-36.000000	256.000000	500.000000	0.000000
1553	-78.000000	-36.000000	256.000000	500.000000	0.000000
1554	-78.000000	-36.000000	256.000000	500.000000	0.000000
1555	-78.000000	-36.000000	256.000000	500.000000	0.000000
1556	-78.000000	-36.000000	256.000000	500.000000	0.000000
1557	-78.000000	-36.000000	256.000000	500.000000	0.000000
1558	-78.000000	-36.000000	256.000000	500.000000	0.000000
1559	-78.000000	-36.000000	256.000000	500.000000	0.000000
1560	-78.000000	-36.000000	256.000000	500.000000	0.000000
1561	-78.000000	-36.000000	257.000000	500.000000	0.000000
1562	-78.000000	-36.000000	257.000000	500.000000	0.000000
1563	-78.000000	-36.000000	256.000000	500.000000	0.000000
1564	-78.000000	-36.000000	256.000000	500.000000	0.000000
1565	-78.000000	-36.000000	255.000000	500.000000	0.000000
1566	-78.000000	-36.000000	255.000000	500.000000	0.000000
1567	-78.000000	-36.000000	256.000000	500.000000	0.000000
1568	-78.000000	-36.000000	256.000000	500.000000	0.000000
1569	-78.000000	-36.000000	255.000000	500.000000	0.000000
1570	-78.000000	-36.000000	255.000000	500.000000	0.000000
1571	-78.000000	-36.000000	256.000000	500.000000	0.000000
1572	-78.000000	-36.000000	256.000000	500.000000	0.000000
1573	-78.000000	-36.000000	256.000000	500.000000	0.000000
1574	-78.000000	-36.000000	256.000000	500.000000	0.000000
1575	-78.000000	-36.000000	256.000000	500.000000	0.000000
1576	-78.000000	-36.000000	256.000000	500.000000	0.000000
1577	-78.000000	-36.000000	256.000000	500.000000	0.000000
1578	-78.000000	-36.000000	256.000000	500.000000	0.000000
1579	-78.000000	-36.000000	256.000000	500.000000	0.000000
1580	-78.000000	-36.000000	256.000000	500.000000	0.000000
1581	-78.000000	-36.000000	256.000000	500.000000	0.000000
1582	-78.000000	-36.000000	256.000000	500.000000	0.000000
1583	-78.000000	-36.000000	256.000000	500.000000	0.000000
1584	-78.000000	-36.000000	256.000000	500.000000	0.000000
1585	-78.000000	-36.000000	256.000000	500.000000	0.000000
1586	-78.000000	-36.000000	256.000000	500.000000	0.000000
1587	-78.000000	-36.000000	256.000000	500.000000	0.000000
1588	-78.000000	-36.000000	256.000000	500.000000	0.000000
1589	-78.000000	-36.000000	256.000000	500.000000	0.000000
1590	-78.000000	-36.000000	256.000000	500.000000	0.000000
1591	-78.000000	-36.000000	256.000000	500.000000	0.000000
1592	-78.000000	-36.000000	256.000000	500.000000	0.000000
1593	-78.000000	-36.000000	255.000000	500.000000	0.000000
1594	-78.000000	-36.000000	255.000000	500.000000	0.000000
1595	-78.000000	-36.000000	256.000000	500.000000	0.000000
1596	-78.000000	-36.000000	256.000000	500.000000	0.000000
1597	-78.000000	-36.000000	256.000000	500.000000	0.000000
1598	-78.000000	-36.000000	256.000000	500.000000	0.000000
1599	-78.000000	-36.000000	256.000000	500.000000	0.000000
1600	-78.000000	-36.000000	256.000000	500.000000	0.000000
1601	-78.000000	-36.000000	256.000000	500.000000	0.000000
1602	-78.000000	-36.000000	256.000000	500.000000	0.000000
1603	-78.000000	-36.000000	256.000000	500.000000	0.000000
1604	-78.000000	-36.000000	256.000000	500.000000	0.000000
1605	-78.000000	-36.000000	256.000000	500.000000	0.000000
1606	-78.000000	-36.000000	256.000000	500.000000	0.000000
1607	-78.000000	-36.000000	256.000000	500.000000	0.000000
1608	-78.000000	-36.000000	256.000000	500.000000	0.000000
1609	-78.000000	-36.000000	256.000000	500.000000	0.000000
1610	-78.000000	-36.000000	256.000000	500.000000	0.000000
1611	-78.000000	-36.000000	256.000000	500.000000	0.000000
1612	-78.000000	-36.000000	256.000000	500.000000	0.000000
1613	-78.000000	-36.000000	256.000000	500.000000	0.000000
1614	-78.000000	-36.000000	256.000000	500.000000	0.000000
1615	-78.000000	-36.000000	256.000000	500.000000	0.000000
1616	-78.000000	-36.000000	256.000000	500.000000	0.000000
1617	-78.000000	-36.000000	256.000000	500.000000	0.000000
1618	-78.000000	-36.000000	256.000000	500.000000	0.000000
1619	-78.000000	-36.000000	256.000000	500.000000	0.000000
1620	-78.000000	-36.000000	256.000000	500.000000	0.000000
1621	-78.000000	-36.000000	256.000000	500.000000	0.000000
1622	-78.000000	-36.000000	256.000000	500.000000	0.000000
1623	-78.000000	-36.000000	257.000000	500.000000	0.000000
1624	-78.000000	-36.000000	257.000000	500.000000	0.000000
1625	-78.000000	-36.000000	256.000000	500.000000	0.000000
1626	-78.000000	-36.000000	256.000000	500.000000	0.000000
1627	-78.000000	-36.000000	256.000000	500.000000	0.000000
1628	-78.000000	-36.000000	256.000000	500.000000	0.000000
1629	-78.000000	-36.000000	256.000000	500.000000	0.000000
1630	-78.000000	-36.000000	256.000000	500.000000	0.000000
1631	-78.000000	-36.000000	256.000000	500.000000	0.000000
1632	-78.000000	-36.000000	256.000000	500.000000	0.000000
1633	-78.000000	-36.000000	256.000000	500.000000	0.000000
1634	-78.000000	-36.000000	256.000000	500.000000	0.000000
1635	-78.000000	-36.000000	256.000000	500.000000	0.000000
1636	-78.000000	-36.000000	256.000000	500.000000	0.000000
1637	-78.000000	-36.000000	256.000000	500.000000	0.000000
1638	-78.000000	-36.000000	256.000000	500.000000	0.000000
1639	-78.000000	-36.000000	256.000000	500.000000	0.000000
1640	-78.000000	-36.000000	256.000000	500.000000	0.000000
1641	-78.000000	-36.000000	256.000000	500.000000	0.000000
1642	-78.000000	-36.000000	256.000000	500.000000	0.000000
1643	-78.000000	-36.000000	256.000000	500.000000	0.000000
1644	-78.000000	-36.000000	256.000000	500.000000	0.000000
1645	-78.000000	-36.000000	256.000000	500.000000	0.000000
1646	-78.000000	-36.000000	256.000000	500.000000	0.000000
1647	-78.000000	-36.000000	256.000000	500.000000	0.000000
1648	-78.000000	-36.000000	256.000000	500.000000	0.000000
1649	-78.000000	-36.000000	256.000000	500.000000	0.000000
1650	-78.000000	-36.000000	256.000000	500.000000	0.000000
1651	-78.000000	-36.000000	256.000000	500.000000	0.000000
1652	-78.000000	-36.000000	256.000000	500.000000	0.000000
1653	-78.000000	-36.000000	256.000000	500.000000	0.000000
1654	-78.000000	-36.000000	256.000000	500.000000	0.000000
1655	-78.000000	-36.000000	256.000000	500.000000	0.000000
1656	-78.000000	-36.000000	256.000000	500.000000	0.000000
1657	-78.000000	-36.000000	256.000000	500.000000	0.000000
1658	-78.000000	-36.000000	256.000000	500.000000	0.000000
1659	-78.000000	-36.000000	256.000000	500.000000	0.000000
1660	-78.000000	-36.000000	256.000000	500.000000	0.000000
1661	-78.000000	-36.000000	256.000000	500.000000	0.000000
1662	-78.000000	-36.000000	256.000000	500.000000	0.000000
1663	-78.000000	-36.000000	255.000000	500.000000	0.000000
1664	-78.000000	-36.000000	255.000000	500.000000	0.000000
1665	-78.000000	-36.000000	256.000000	500.000000	0.000000
1666	-78.000000	-36.000000	256.000000	500.000000	0.000000
1667	-78.000000	-36.000000	256.000000	500.000000	0.000000
1668	-78.000000	-36.000000	256.000000	500.000000	0.000000
1669	-78.000000	-36.000000	256.000000	500.000000	0.000000
1670	-78.000000	-36.000000	256.000000	500.000000	0.000000
1671	-78.000000	-36.000000	256.000000	500.000000	0.000000
1672	-78.000000	-36.000000	256.000000	500.000000	0.000000
1673	-78.000000	-36.000000	256.000000	500.000000	0.000000
1674	-78.000000	-36.000000	256.000000	500.000000	0.000000
1675	-78.000000	-36.000000	255.000000	500.000000	0.000000
1676	-78.000000	-36.000000	255.000000	500.000000	0.000000
1677	-78.000000	-36.000000	256.000000	500.000000	0.000000
1678	-78.000000	-36.000000	256.000000	500.000000	0.000000
1679	-78.000000	-36.000000	256.000000	500.000000	0.000000
1680	-78.000000	-36.000000	256.000000	500.000000	0.000000
1681	-78.000000	-36.000000	256.000000	500.000000	0.000000
1682	-78.000000	-36.000000	256.000000	500.000000	0.000000
1683	-78.000000	-36.000000	256.000000	500.000000	0.000000
1684	-78.000000	-36.000000	256.000000	500.000000	0.000000
1685	-78.000000	-36.000000	255.000000	500.000000	0.000000
1686	-78.000000	-36.000000	255.000000	500.000000	0.000000
1687	-78.000000	-36.000000	255.000000	500.000000	0.000000
1688	-78.000000	-36.000000	255.000000	500.000000	0.000000
1689	-78.000000	-36.000000	255.000000	500.000000	0.000000
1690	-78.000000	-36.000000	255.000000	500.000000	0.000000
1691	-78.000000	-36.000000	256.000000	500.000000	0.000000
1692	-78.000000	-36.000000	256.000000	500.000000	0.000000
1693	-78.000000	-36.000000	255.000000	500.000000	0.000000
1694	-78.000000	-36.000000	255.000000	500.000000	0.000000
1695	-78.000000	-36.000000	256.000000	500.000000	0.000000
1696	-78.000000	-36.000000	256.000000	500.000000	0.000000
1697	-78.000000	-36.000000	255.000000	500.000000	0.000000
1698	-78.000000	-36.000000	255.000000	500.000000	0.000000
1699	-78.000000	-36.000000	255.000000	500.000000	0.000000
1700	-78.000000	-36.000000	255.000000	500.000000	0.000000
1701	-78.000000	-36.000000	255.000000	500.000000	0.000000
1702	-78.000000	-36.000000	255.000000	500.000000	0.000000
1703	-78.000000	-36.000000	255.000000	500.000000	0.000000
1704	-78.000000	-36.000000	255.000000	500.000000	0.000000
1705	-78.000000	-36.000000	255.000000	500.000000	0.000000
1706	-78.000000	-36.000000	255.000000	500.000000	0.000000
1707	-78.000000	-36.000000	255.000000	500.000000	0.000000
1708	-78.000000	-36.000000	255.000000	500.000000	0.000000
1709	-78.000000	-36.000000	255.000000	500.000000	0.000000
1710	-78.000000	-36.000000	255.000000	500.000000	0.000000
