#	Proyecto: Control de un Quadrotor por VA
#	Datos para la gráfica en GNUplot.

#	Error X	    	Error Y	 	Altura		Alt. Ref	Yaw
0	0.000000	0.000000	0.000000	500.000000	0.000000
1	0.000000	0.000000	0.000000	500.000000	0.000000
2	0.000000	0.000000	0.000000	500.000000	0.000000
3	0.000000	0.000000	0.000000	500.000000	0.000000
4	0.000000	0.000000	0.000000	500.000000	0.000000
5	0.000000	0.000000	0.000000	500.000000	0.000000
6	0.000000	0.000000	0.000000	500.000000	0.000000
7	0.000000	0.000000	0.000000	500.000000	0.000000
8	0.000000	0.000000	0.000000	500.000000	0.000000
9	0.000000	0.000000	0.000000	500.000000	0.000000
10	0.000000	0.000000	0.000000	500.000000	0.000000
11	0.000000	0.000000	0.000000	500.000000	0.000000
12	0.000000	0.000000	0.000000	500.000000	0.000000
13	0.000000	0.000000	0.000000	500.000000	0.000000
14	0.000000	0.000000	0.000000	500.000000	0.000000
15	0.000000	0.000000	0.000000	500.000000	0.000000
16	0.000000	0.000000	0.000000	500.000000	0.000000
17	0.000000	0.000000	0.000000	500.000000	0.000000
18	0.000000	0.000000	0.000000	500.000000	0.000000
19	0.000000	0.000000	0.000000	500.000000	0.000000
20	0.000000	0.000000	0.000000	500.000000	0.000000
21	0.000000	0.000000	0.000000	500.000000	0.000000
22	0.000000	0.000000	0.000000	500.000000	0.000000
23	0.000000	0.000000	0.000000	500.000000	0.000000
24	0.000000	0.000000	0.000000	500.000000	0.000000
25	0.000000	0.000000	0.000000	500.000000	0.000000
26	0.000000	0.000000	0.000000	500.000000	0.000000
27	0.000000	0.000000	0.000000	500.000000	0.000000
28	0.000000	0.000000	0.000000	500.000000	0.000000
29	0.000000	0.000000	0.000000	500.000000	0.000000
30	0.000000	0.000000	0.000000	500.000000	0.000000
31	0.000000	0.000000	0.000000	500.000000	0.000000
32	0.000000	0.000000	0.000000	500.000000	0.000000
33	0.000000	0.000000	0.000000	500.000000	0.000000
34	0.000000	0.000000	0.000000	500.000000	0.000000
35	0.000000	0.000000	0.000000	500.000000	0.000000
36	0.000000	0.000000	0.000000	500.000000	0.000000
37	0.000000	0.000000	0.000000	500.000000	0.000000
38	0.000000	0.000000	0.000000	500.000000	0.000000
39	0.000000	0.000000	0.000000	500.000000	0.000000
40	0.000000	0.000000	0.000000	500.000000	0.000000
41	0.000000	0.000000	0.000000	500.000000	0.000000
42	0.000000	0.000000	0.000000	500.000000	0.000000
43	0.000000	0.000000	0.000000	500.000000	0.000000
44	0.000000	0.000000	0.000000	500.000000	0.000000
45	0.000000	0.000000	0.000000	500.000000	0.000000
46	0.000000	0.000000	0.000000	500.000000	0.000000
47	0.000000	0.000000	0.000000	500.000000	0.000000
48	0.000000	0.000000	0.000000	500.000000	0.000000
49	0.000000	0.000000	0.000000	500.000000	0.000000
50	0.000000	0.000000	221.000000	500.000000	0.000000
51	0.000000	0.000000	221.000000	500.000000	0.000000
52	0.000000	0.000000	221.000000	500.000000	0.000000
53	0.000000	0.000000	221.000000	500.000000	0.000000
54	0.000000	0.000000	221.000000	500.000000	0.000000
55	0.000000	0.000000	221.000000	500.000000	0.000000
56	0.000000	0.000000	221.000000	500.000000	0.000000
57	0.000000	0.000000	221.000000	500.000000	0.000000
58	0.000000	0.000000	221.000000	500.000000	0.000000
59	0.000000	0.000000	221.000000	500.000000	0.000000
60	0.000000	0.000000	221.000000	500.000000	0.000000
61	0.000000	0.000000	221.000000	500.000000	0.000000
62	0.000000	0.000000	221.000000	500.000000	0.000000
63	0.000000	0.000000	221.000000	500.000000	0.000000
64	0.000000	0.000000	221.000000	500.000000	0.000000
65	0.000000	0.000000	221.000000	500.000000	0.000000
66	0.000000	0.000000	221.000000	500.000000	0.000000
67	0.000000	0.000000	221.000000	500.000000	0.000000
68	0.000000	0.000000	221.000000	500.000000	0.000000
69	0.000000	0.000000	221.000000	500.000000	0.000000
70	0.000000	0.000000	221.000000	500.000000	0.000000
71	0.000000	0.000000	221.000000	500.000000	0.000000
72	0.000000	0.000000	221.000000	500.000000	0.000000
73	0.000000	0.000000	221.000000	500.000000	0.000000
74	0.000000	0.000000	221.000000	500.000000	0.000000
75	0.000000	0.000000	221.000000	500.000000	0.000000
76	0.000000	0.000000	221.000000	500.000000	0.000000
77	0.000000	0.000000	221.000000	500.000000	0.000000
78	0.000000	0.000000	221.000000	500.000000	0.000000
79	0.000000	0.000000	221.000000	500.000000	0.000000
80	0.000000	0.000000	221.000000	500.000000	0.000000
81	0.000000	0.000000	221.000000	500.000000	0.000000
82	0.000000	0.000000	221.000000	500.000000	0.000000
83	0.000000	0.000000	221.000000	500.000000	0.000000
84	0.000000	0.000000	221.000000	500.000000	0.000000
85	0.000000	0.000000	221.000000	500.000000	0.000000
86	0.000000	0.000000	221.000000	500.000000	0.000000
87	0.000000	0.000000	221.000000	500.000000	0.000000
88	0.000000	0.000000	221.000000	500.000000	0.000000
89	0.000000	0.000000	221.000000	500.000000	0.000000
90	0.000000	0.000000	221.000000	500.000000	0.000000
91	0.000000	0.000000	221.000000	500.000000	0.000000
92	0.000000	0.000000	221.000000	500.000000	0.000000
93	0.000000	0.000000	221.000000	500.000000	0.000000
94	0.000000	0.000000	221.000000	500.000000	0.000000
95	0.000000	0.000000	221.000000	500.000000	0.000000
96	0.000000	0.000000	221.000000	500.000000	0.000000
97	0.000000	0.000000	221.000000	500.000000	0.000000
98	0.000000	0.000000	221.000000	500.000000	0.000000
99	0.000000	0.000000	221.000000	500.000000	0.000000
100	0.000000	0.000000	221.000000	500.000000	0.000000
101	0.000000	0.000000	221.000000	500.000000	0.000000
102	0.000000	0.000000	221.000000	500.000000	0.000000
103	0.000000	0.000000	221.000000	500.000000	0.000000
104	0.000000	0.000000	221.000000	500.000000	0.000000
105	0.000000	0.000000	221.000000	500.000000	0.000000
106	0.000000	0.000000	221.000000	500.000000	0.000000
107	0.000000	0.000000	221.000000	500.000000	0.000000
108	0.000000	0.000000	221.000000	500.000000	0.000000
109	0.000000	0.000000	221.000000	500.000000	0.000000
110	0.000000	0.000000	221.000000	500.000000	0.000000
111	0.000000	0.000000	221.000000	500.000000	0.000000
112	0.000000	0.000000	221.000000	500.000000	0.000000
113	0.000000	0.000000	221.000000	500.000000	0.000000
114	0.000000	0.000000	221.000000	500.000000	0.000000
115	0.000000	0.000000	221.000000	500.000000	0.000000
116	0.000000	0.000000	221.000000	500.000000	0.000000
117	0.000000	0.000000	221.000000	500.000000	0.000000
118	0.000000	0.000000	221.000000	500.000000	0.000000
119	0.000000	0.000000	221.000000	500.000000	0.000000
120	0.000000	0.000000	221.000000	500.000000	0.000000
121	0.000000	0.000000	221.000000	500.000000	0.000000
122	0.000000	0.000000	221.000000	500.000000	0.000000
123	0.000000	0.000000	221.000000	500.000000	0.000000
124	0.000000	0.000000	221.000000	500.000000	0.000000
125	0.000000	0.000000	221.000000	500.000000	0.000000
126	0.000000	0.000000	221.000000	500.000000	0.000000
127	0.000000	0.000000	221.000000	500.000000	0.000000
128	0.000000	0.000000	221.000000	500.000000	0.000000
129	0.000000	0.000000	221.000000	500.000000	0.000000
130	0.000000	0.000000	221.000000	500.000000	0.000000
131	0.000000	0.000000	221.000000	500.000000	0.000000
132	0.000000	0.000000	221.000000	500.000000	0.000000
133	0.000000	0.000000	221.000000	500.000000	0.000000
134	0.000000	0.000000	221.000000	500.000000	0.000000
135	0.000000	0.000000	221.000000	500.000000	0.000000
136	0.000000	0.000000	221.000000	500.000000	0.000000
137	0.000000	0.000000	221.000000	500.000000	0.000000
138	0.000000	0.000000	221.000000	500.000000	0.000000
139	0.000000	0.000000	221.000000	500.000000	0.000000
140	0.000000	0.000000	221.000000	500.000000	0.000000
141	0.000000	0.000000	221.000000	500.000000	0.000000
142	0.000000	0.000000	221.000000	500.000000	0.000000
143	0.000000	0.000000	221.000000	500.000000	0.000000
144	0.000000	0.000000	221.000000	500.000000	0.000000
145	0.000000	0.000000	221.000000	500.000000	0.000000
146	0.000000	0.000000	221.000000	500.000000	0.000000
147	0.000000	0.000000	221.000000	500.000000	0.000000
148	0.000000	0.000000	221.000000	500.000000	0.000000
149	0.000000	0.000000	221.000000	500.000000	0.000000
150	0.000000	0.000000	221.000000	500.000000	0.000000
151	0.000000	0.000000	221.000000	500.000000	0.000000
152	0.000000	0.000000	221.000000	500.000000	0.000000
153	0.000000	0.000000	221.000000	500.000000	0.000000
154	0.000000	0.000000	221.000000	500.000000	0.000000
155	0.000000	0.000000	221.000000	500.000000	0.000000
156	0.000000	0.000000	221.000000	500.000000	0.000000
157	0.000000	0.000000	221.000000	500.000000	0.000000
158	0.000000	0.000000	221.000000	500.000000	0.000000
159	0.000000	0.000000	221.000000	500.000000	0.000000
160	0.000000	0.000000	221.000000	500.000000	0.000000
161	0.000000	0.000000	221.000000	500.000000	0.000000
162	0.000000	0.000000	221.000000	500.000000	0.000000
163	0.000000	0.000000	221.000000	500.000000	0.000000
164	0.000000	0.000000	221.000000	500.000000	0.000000
165	0.000000	0.000000	221.000000	500.000000	0.000000
166	0.000000	0.000000	0.000000	500.000000	0.000000
167	0.000000	0.000000	0.000000	500.000000	0.000000
168	0.000000	0.000000	0.000000	500.000000	0.000000
169	0.000000	0.000000	0.000000	500.000000	0.000000
170	0.000000	0.000000	0.000000	500.000000	0.000000
171	0.000000	0.000000	0.000000	500.000000	0.000000
172	0.000000	0.000000	0.000000	500.000000	0.000000
173	0.000000	0.000000	0.000000	500.000000	0.000000
174	0.000000	0.000000	0.000000	500.000000	0.000000
175	0.000000	0.000000	0.000000	500.000000	0.000000
176	0.000000	0.000000	0.000000	500.000000	0.000000
177	0.000000	0.000000	0.000000	500.000000	0.000000
178	0.000000	0.000000	0.000000	500.000000	0.000000
179	0.000000	0.000000	0.000000	500.000000	0.000000
180	0.000000	0.000000	0.000000	500.000000	0.000000
181	0.000000	0.000000	0.000000	500.000000	0.000000
182	0.000000	0.000000	0.000000	500.000000	0.000000
183	0.000000	0.000000	0.000000	500.000000	0.000000
184	0.000000	0.000000	0.000000	500.000000	0.000000
185	0.000000	0.000000	0.000000	500.000000	0.000000
186	0.000000	0.000000	0.000000	500.000000	0.000000
187	0.000000	0.000000	0.000000	500.000000	0.000000
188	0.000000	0.000000	0.000000	500.000000	0.000000
189	0.000000	0.000000	0.000000	500.000000	0.000000
190	0.000000	0.000000	0.000000	500.000000	0.000000
191	0.000000	0.000000	0.000000	500.000000	0.000000
192	0.000000	0.000000	0.000000	500.000000	0.000000
193	0.000000	0.000000	0.000000	500.000000	0.000000
194	0.000000	0.000000	0.000000	500.000000	0.000000
195	0.000000	0.000000	0.000000	500.000000	0.000000
196	0.000000	0.000000	0.000000	500.000000	0.000000
197	0.000000	0.000000	0.000000	500.000000	0.000000
198	0.000000	0.000000	0.000000	500.000000	0.000000
199	0.000000	0.000000	0.000000	500.000000	0.000000
200	0.000000	0.000000	-1.000000	500.000000	0.000000
201	0.000000	0.000000	-1.000000	500.000000	0.000000
202	0.000000	0.000000	-1.000000	500.000000	0.000000
203	0.000000	0.000000	-1.000000	500.000000	0.000000
204	0.000000	0.000000	-1.000000	500.000000	0.000000
205	0.000000	0.000000	-1.000000	500.000000	0.000000
206	0.000000	0.000000	0.000000	500.000000	0.000000
207	0.000000	0.000000	0.000000	500.000000	0.000000
208	0.000000	0.000000	0.000000	500.000000	0.000000
209	0.000000	0.000000	0.000000	500.000000	0.000000
210	0.000000	0.000000	-1.000000	500.000000	0.000000
211	0.000000	0.000000	-1.000000	500.000000	0.000000
212	0.000000	0.000000	-1.000000	500.000000	0.000000
213	0.000000	0.000000	-1.000000	500.000000	0.000000
214	0.000000	0.000000	0.000000	500.000000	0.000000
215	0.000000	0.000000	0.000000	500.000000	0.000000
216	0.000000	0.000000	-1.000000	500.000000	0.000000
217	0.000000	0.000000	-1.000000	500.000000	0.000000
218	0.000000	0.000000	-1.000000	500.000000	0.000000
219	0.000000	0.000000	-1.000000	500.000000	0.000000
220	0.000000	0.000000	-1.000000	500.000000	0.000000
221	0.000000	0.000000	-1.000000	500.000000	0.000000
222	0.000000	0.000000	-1.000000	500.000000	0.000000
223	0.000000	0.000000	-1.000000	500.000000	0.000000
224	0.000000	0.000000	-1.000000	500.000000	0.000000
225	0.000000	0.000000	-1.000000	500.000000	0.000000
226	0.000000	0.000000	-1.000000	500.000000	0.000000
227	0.000000	0.000000	-1.000000	500.000000	0.000000
228	0.000000	0.000000	-1.000000	500.000000	0.000000
229	0.000000	0.000000	-1.000000	500.000000	0.000000
230	0.000000	0.000000	0.000000	500.000000	0.000000
231	0.000000	0.000000	0.000000	500.000000	0.000000
232	0.000000	0.000000	0.000000	500.000000	0.000000
233	0.000000	0.000000	0.000000	500.000000	0.000000
234	0.000000	0.000000	4.000000	500.000000	0.000000
235	0.000000	0.000000	4.000000	500.000000	0.000000
236	0.000000	0.000000	69.000000	500.000000	0.000000
237	0.000000	0.000000	69.000000	500.000000	0.000000
238	0.000000	0.000000	36.000000	500.000000	0.000000
239	0.000000	0.000000	36.000000	500.000000	0.000000
240	0.000000	0.000000	22.000000	500.000000	0.000000
241	0.000000	0.000000	22.000000	500.000000	0.000000
242	0.000000	0.000000	27.000000	500.000000	0.000000
243	0.000000	0.000000	27.000000	500.000000	0.000000
244	0.000000	0.000000	12.000000	500.000000	0.000000
245	0.000000	0.000000	12.000000	500.000000	0.000000
246	0.000000	0.000000	9.000000	500.000000	0.000000
247	0.000000	0.000000	9.000000	500.000000	0.000000
248	0.000000	0.000000	7.000000	500.000000	0.000000
249	0.000000	0.000000	7.000000	500.000000	0.000000
250	0.000000	0.000000	7.000000	500.000000	0.000000
251	0.000000	0.000000	7.000000	500.000000	0.000000
252	0.000000	0.000000	6.000000	500.000000	0.000000
253	0.000000	0.000000	3.000000	500.000000	0.000000
254	0.000000	0.000000	5.000000	500.000000	0.000000
255	0.000000	0.000000	5.000000	500.000000	0.000000
256	0.000000	0.000000	5.000000	500.000000	0.000000
257	0.000000	0.000000	2.000000	500.000000	0.000000
258	0.000000	0.000000	2.000000	500.000000	0.000000
259	0.000000	0.000000	3.000000	500.000000	0.000000
260	0.000000	0.000000	2.000000	500.000000	0.000000
261	0.000000	0.000000	2.000000	500.000000	0.000000
262	0.000000	0.000000	2.000000	500.000000	0.000000
263	0.000000	0.000000	2.000000	500.000000	0.000000
264	0.000000	0.000000	5.000000	500.000000	0.000000
265	0.000000	0.000000	5.000000	500.000000	0.000000
266	0.000000	0.000000	2.000000	500.000000	0.000000
267	0.000000	0.000000	2.000000	500.000000	0.000000
268	0.000000	0.000000	1.000000	500.000000	0.000000
269	0.000000	0.000000	1.000000	500.000000	0.000000
270	0.000000	0.000000	-1.000000	500.000000	0.000000
271	0.000000	0.000000	-1.000000	500.000000	0.000000
272	0.000000	0.000000	-1.000000	500.000000	0.000000
273	0.000000	0.000000	-1.000000	500.000000	0.000000
274	0.000000	0.000000	-1.000000	500.000000	0.000000
275	0.000000	0.000000	-1.000000	500.000000	0.000000
276	0.000000	0.000000	0.000000	500.000000	0.000000
277	0.000000	0.000000	0.000000	500.000000	0.000000
278	0.000000	0.000000	0.000000	500.000000	0.000000
279	0.000000	0.000000	0.000000	500.000000	0.000000
280	0.000000	0.000000	0.000000	500.000000	0.000000
281	0.000000	0.000000	-1.000000	500.000000	0.000000
282	0.000000	0.000000	-1.000000	500.000000	0.000000
283	0.000000	0.000000	-1.000000	500.000000	0.000000
284	0.000000	0.000000	-1.000000	500.000000	0.000000
285	0.000000	0.000000	-1.000000	500.000000	0.000000
286	0.000000	0.000000	-1.000000	500.000000	0.000000
287	0.000000	0.000000	-1.000000	500.000000	0.000000
288	0.000000	0.000000	-1.000000	500.000000	0.000000
289	0.000000	0.000000	-1.000000	500.000000	0.000000
290	0.000000	0.000000	-1.000000	500.000000	0.000000
291	0.000000	0.000000	-1.000000	500.000000	0.000000
292	0.000000	0.000000	0.000000	500.000000	0.000000
293	0.000000	0.000000	-2.000000	500.000000	0.000000
294	0.000000	0.000000	-2.000000	500.000000	0.000000
295	0.000000	0.000000	-2.000000	500.000000	0.000000
296	0.000000	0.000000	-3.000000	500.000000	0.000000
297	0.000000	0.000000	-3.000000	500.000000	0.000000
298	0.000000	0.000000	-3.000000	500.000000	0.000000
299	0.000000	0.000000	-3.000000	500.000000	0.000000
300	0.000000	0.000000	-3.000000	500.000000	0.000000
301	0.000000	0.000000	-3.000000	500.000000	0.000000
302	0.000000	0.000000	-3.000000	500.000000	0.000000
303	0.000000	0.000000	-3.000000	500.000000	0.000000
304	0.000000	0.000000	-4.000000	500.000000	0.000000
305	0.000000	0.000000	-4.000000	500.000000	0.000000
306	0.000000	0.000000	-4.000000	500.000000	0.000000
307	0.000000	0.000000	-4.000000	500.000000	0.000000
308	0.000000	0.000000	-4.000000	500.000000	0.000000
309	0.000000	0.000000	-4.000000	500.000000	0.000000
310	0.000000	0.000000	-4.000000	500.000000	0.000000
311	0.000000	0.000000	-4.000000	500.000000	0.000000
312	0.000000	0.000000	3.000000	500.000000	0.000000
313	0.000000	0.000000	3.000000	500.000000	0.000000
314	0.000000	0.000000	3.000000	500.000000	0.000000
315	0.000000	0.000000	2.000000	500.000000	0.000000
316	0.000000	0.000000	2.000000	500.000000	0.000000
317	0.000000	0.000000	2.000000	500.000000	0.000000
318	0.000000	0.000000	2.000000	500.000000	0.000000
319	0.000000	0.000000	2.000000	500.000000	0.000000
320	0.000000	0.000000	1.000000	500.000000	0.000000
321	0.000000	0.000000	0.000000	500.000000	0.000000
322	0.000000	0.000000	0.000000	500.000000	0.000000
323	0.000000	0.000000	0.000000	500.000000	0.000000
324	0.000000	0.000000	0.000000	500.000000	0.000000
325	0.000000	0.000000	0.000000	500.000000	0.000000
326	0.000000	0.000000	-1.000000	500.000000	0.000000
327	0.000000	0.000000	2.000000	500.000000	0.000000
328	0.000000	0.000000	2.000000	500.000000	0.000000
329	0.000000	0.000000	-2.000000	500.000000	0.000000
330	0.000000	0.000000	-2.000000	500.000000	0.000000
331	0.000000	0.000000	-2.000000	500.000000	0.000000
332	0.000000	0.000000	-2.000000	500.000000	0.000000
333	0.000000	0.000000	-2.000000	500.000000	0.000000
334	0.000000	0.000000	-2.000000	500.000000	0.000000
335	0.000000	0.000000	-1.000000	500.000000	0.000000
336	0.000000	0.000000	-1.000000	500.000000	0.000000
337	0.000000	0.000000	-1.000000	500.000000	0.000000
338	0.000000	0.000000	2.000000	500.000000	0.000000
339	0.000000	0.000000	2.000000	500.000000	0.000000
340	0.000000	0.000000	-3.000000	500.000000	0.000000
341	0.000000	0.000000	-3.000000	500.000000	0.000000
342	0.000000	0.000000	-3.000000	500.000000	0.000000
343	0.000000	0.000000	-3.000000	500.000000	0.000000
344	0.000000	0.000000	-3.000000	500.000000	0.000000
345	0.000000	0.000000	-3.000000	500.000000	0.000000
346	0.000000	0.000000	-3.000000	500.000000	0.000000
347	0.000000	0.000000	-3.000000	500.000000	0.000000
348	0.000000	0.000000	-2.000000	500.000000	0.000000
349	0.000000	0.000000	-2.000000	500.000000	0.000000
350	0.000000	0.000000	4.000000	500.000000	0.000000
351	0.000000	0.000000	15.000000	500.000000	0.000000
352	0.000000	0.000000	15.000000	500.000000	0.000000
353	0.000000	0.000000	15.000000	500.000000	0.000000
354	-23.000000	6.000000	33.000000	500.000000	90.000000
355	-23.000000	6.000000	33.000000	500.000000	90.000000
356	-23.000000	6.000000	33.000000	500.000000	90.000000
357	-23.000000	6.000000	57.000000	500.000000	90.000000
358	-23.000000	6.000000	90.000000	500.000000	90.000000
359	-23.000000	6.000000	136.000000	500.000000	90.000000
360	-23.000000	6.000000	136.000000	500.000000	90.000000
361	-23.000000	6.000000	136.000000	500.000000	90.000000
362	-23.000000	6.000000	186.000000	500.000000	90.000000
363	-23.000000	6.000000	240.000000	500.000000	90.000000
364	-23.000000	6.000000	240.000000	500.000000	90.000000
365	-23.000000	6.000000	240.000000	500.000000	90.000000
366	-23.000000	6.000000	310.000000	500.000000	90.000000
367	-23.000000	6.000000	310.000000	500.000000	90.000000
368	-23.000000	6.000000	323.000000	500.000000	90.000000
369	-23.000000	6.000000	371.000000	500.000000	90.000000
370	-23.000000	6.000000	371.000000	500.000000	90.000000
371	-23.000000	6.000000	371.000000	500.000000	90.000000
372	-23.000000	6.000000	456.000000	500.000000	90.000000
373	-23.000000	6.000000	456.000000	500.000000	90.000000
374	-23.000000	6.000000	436.000000	500.000000	90.000000
375	-23.000000	6.000000	436.000000	500.000000	90.000000
376	-23.000000	6.000000	478.000000	500.000000	90.000000
377	-23.000000	6.000000	525.000000	500.000000	90.000000
378	-23.000000	6.000000	525.000000	500.000000	90.000000
379	-23.000000	6.000000	511.000000	500.000000	90.000000
380	-23.000000	6.000000	511.000000	500.000000	90.000000
381	-23.000000	6.000000	511.000000	500.000000	90.000000
382	-23.000000	6.000000	536.000000	500.000000	90.000000
383	-23.000000	6.000000	525.000000	500.000000	90.000000
384	-23.000000	6.000000	525.000000	500.000000	90.000000
385	-23.000000	6.000000	527.000000	500.000000	90.000000
386	-23.000000	6.000000	527.000000	500.000000	90.000000
387	-23.000000	6.000000	531.000000	500.000000	90.000000
388	-23.000000	6.000000	531.000000	500.000000	90.000000
389	-23.000000	6.000000	568.000000	500.000000	90.000000
390	-23.000000	6.000000	568.000000	500.000000	90.000000
391	-23.000000	6.000000	523.000000	500.000000	90.000000
392	-23.000000	6.000000	523.000000	500.000000	90.000000
393	-23.000000	6.000000	507.000000	500.000000	90.000000
394	-23.000000	6.000000	507.000000	500.000000	90.000000
395	-23.000000	6.000000	491.000000	500.000000	90.000000
396	-23.000000	6.000000	491.000000	500.000000	90.000000
397	-23.000000	6.000000	491.000000	500.000000	90.000000
398	-23.000000	6.000000	481.000000	500.000000	90.000000
399	-23.000000	6.000000	472.000000	500.000000	90.000000
400	-23.000000	6.000000	472.000000	500.000000	90.000000
401	-23.000000	6.000000	452.000000	500.000000	90.000000
402	-23.000000	6.000000	452.000000	500.000000	90.000000
403	-23.000000	6.000000	452.000000	500.000000	90.000000
404	-23.000000	6.000000	434.000000	500.000000	90.000000
405	-23.000000	6.000000	419.000000	500.000000	90.000000
406	-23.000000	6.000000	419.000000	500.000000	90.000000
407	-23.000000	6.000000	419.000000	500.000000	90.000000
408	-23.000000	6.000000	399.000000	500.000000	90.000000
409	-23.000000	6.000000	376.000000	500.000000	90.000000
410	-23.000000	6.000000	376.000000	500.000000	90.000000
411	-23.000000	6.000000	376.000000	500.000000	90.000000
412	-23.000000	6.000000	370.000000	500.000000	90.000000
413	-23.000000	6.000000	370.000000	500.000000	90.000000
414	-23.000000	6.000000	359.000000	500.000000	90.000000
415	-23.000000	6.000000	353.000000	500.000000	90.000000
416	-23.000000	6.000000	353.000000	500.000000	90.000000
417	-23.000000	6.000000	353.000000	500.000000	90.000000
418	-23.000000	6.000000	349.000000	500.000000	90.000000
419	-23.000000	6.000000	349.000000	500.000000	90.000000
420	-23.000000	6.000000	349.000000	500.000000	90.000000
421	-23.000000	6.000000	334.000000	500.000000	90.000000
422	-23.000000	6.000000	339.000000	500.000000	90.000000
423	-23.000000	6.000000	339.000000	500.000000	90.000000
424	-23.000000	6.000000	339.000000	500.000000	90.000000
425	-23.000000	6.000000	334.000000	500.000000	90.000000
426	-23.000000	6.000000	333.000000	500.000000	90.000000
427	-23.000000	6.000000	333.000000	500.000000	90.000000
428	-23.000000	6.000000	333.000000	500.000000	90.000000
429	-23.000000	6.000000	361.000000	500.000000	90.000000
430	-23.000000	6.000000	361.000000	500.000000	90.000000
431	-23.000000	6.000000	361.000000	500.000000	90.000000
432	-23.000000	6.000000	361.000000	500.000000	90.000000
433	-23.000000	6.000000	410.000000	500.000000	90.000000
434	-23.000000	6.000000	410.000000	500.000000	90.000000
435	-23.000000	6.000000	410.000000	500.000000	90.000000
436	-23.000000	6.000000	410.000000	500.000000	90.000000
437	-23.000000	6.000000	450.000000	500.000000	90.000000
438	-23.000000	6.000000	450.000000	500.000000	90.000000
439	-23.000000	6.000000	443.000000	500.000000	90.000000
440	-23.000000	6.000000	443.000000	500.000000	90.000000
441	-23.000000	6.000000	463.000000	500.000000	90.000000
442	-26.000000	56.000000	463.000000	500.000000	90.000000
443	-26.000000	56.000000	479.000000	500.000000	90.000000
444	-26.000000	56.000000	479.000000	500.000000	90.000000
445	-29.000000	53.000000	479.000000	500.000000	90.000000
446	-29.000000	53.000000	517.000000	500.000000	90.000000
447	-29.000000	53.000000	517.000000	500.000000	90.000000
448	-35.000000	56.000000	517.000000	500.000000	75.963757
449	-35.000000	56.000000	543.000000	500.000000	75.963757
450	-35.000000	56.000000	543.000000	500.000000	75.963757
451	-40.000000	53.000000	543.000000	500.000000	78.690069
452	-40.000000	53.000000	585.000000	500.000000	78.690069
453	-43.000000	51.000000	569.000000	500.000000	80.134193
454	-43.000000	51.000000	569.000000	500.000000	80.134193
455	-43.000000	51.000000	585.000000	500.000000	80.134193
456	-47.000000	49.000000	585.000000	500.000000	81.869898
457	-47.000000	49.000000	587.000000	500.000000	81.869898
458	-47.000000	49.000000	587.000000	500.000000	81.869898
459	-50.000000	47.000000	581.000000	500.000000	82.874984
460	-50.000000	47.000000	581.000000	500.000000	82.874984
461	-53.000000	46.000000	589.000000	500.000000	-6.519805
462	-53.000000	46.000000	589.000000	500.000000	-6.519805
463	-53.000000	46.000000	581.000000	500.000000	-6.519805
464	-56.000000	45.000000	581.000000	500.000000	-5.710591
465	-56.000000	45.000000	573.000000	500.000000	-5.710591
466	-59.000000	45.000000	573.000000	500.000000	-6.009002
467	-59.000000	45.000000	573.000000	500.000000	-6.009002
468	-59.000000	45.000000	563.000000	500.000000	-6.009002
469	-62.000000	45.000000	563.000000	500.000000	-3.179829
470	-62.000000	45.000000	563.000000	500.000000	-3.179829
471	-62.000000	45.000000	625.000000	500.000000	-3.179829
472	-63.000000	45.000000	625.000000	500.000000	90.000000
473	-63.000000	45.000000	516.000000	500.000000	90.000000
474	-63.000000	45.000000	516.000000	500.000000	90.000000
475	-64.000000	46.000000	516.000000	500.000000	0.000000
476	-64.000000	46.000000	466.000000	500.000000	0.000000
477	-64.000000	46.000000	439.000000	500.000000	0.000000
478	-64.000000	46.000000	439.000000	500.000000	0.000000
479	-64.000000	46.000000	401.000000	500.000000	0.000000
480	-64.000000	46.000000	401.000000	500.000000	0.000000
481	-64.000000	46.000000	401.000000	500.000000	0.000000
482	-64.000000	46.000000	370.000000	500.000000	0.000000
483	-64.000000	46.000000	370.000000	500.000000	0.000000
484	-64.000000	46.000000	335.000000	500.000000	0.000000
485	-64.000000	46.000000	292.000000	500.000000	0.000000
486	-64.000000	46.000000	292.000000	500.000000	0.000000
487	-64.000000	46.000000	292.000000	500.000000	0.000000
488	-64.000000	46.000000	255.000000	500.000000	0.000000
489	-64.000000	46.000000	255.000000	500.000000	0.000000
490	-64.000000	46.000000	211.000000	500.000000	0.000000
491	-64.000000	46.000000	211.000000	500.000000	0.000000
492	-64.000000	46.000000	211.000000	500.000000	0.000000
493	-64.000000	46.000000	163.000000	500.000000	0.000000
494	-80.000000	52.000000	163.000000	500.000000	0.000000
495	-80.000000	52.000000	136.000000	500.000000	0.000000
496	-80.000000	52.000000	136.000000	500.000000	0.000000
497	-80.000000	52.000000	136.000000	500.000000	0.000000
498	-80.000000	52.000000	111.000000	500.000000	0.000000
499	-80.000000	52.000000	111.000000	500.000000	0.000000
500	-80.000000	52.000000	95.000000	500.000000	0.000000
501	-80.000000	52.000000	89.000000	500.000000	0.000000
502	-80.000000	52.000000	89.000000	500.000000	0.000000
503	-80.000000	52.000000	85.000000	500.000000	0.000000
504	-60.000000	56.000000	85.000000	500.000000	90.000000
505	-60.000000	56.000000	109.000000	500.000000	90.000000
506	-60.000000	56.000000	109.000000	500.000000	90.000000
507	-55.000000	56.000000	87.000000	500.000000	90.000000
508	-55.000000	56.000000	87.000000	500.000000	90.000000
509	-52.000000	55.000000	120.000000	500.000000	90.000000
510	-52.000000	55.000000	120.000000	500.000000	90.000000
511	-52.000000	55.000000	120.000000	500.000000	90.000000
512	-49.000000	54.000000	125.000000	500.000000	90.000000
513	-49.000000	54.000000	105.000000	500.000000	90.000000
514	-49.000000	54.000000	105.000000	500.000000	90.000000
515	-49.000000	54.000000	109.000000	500.000000	90.000000
516	-46.000000	50.000000	109.000000	500.000000	90.000000
517	-46.000000	50.000000	109.000000	500.000000	90.000000
518	-46.000000	50.000000	109.000000	500.000000	90.000000
519	-46.000000	50.000000	120.000000	500.000000	90.000000
520	-46.000000	50.000000	120.000000	500.000000	90.000000
521	-46.000000	50.000000	139.000000	500.000000	90.000000
522	-46.000000	50.000000	158.000000	500.000000	90.000000
523	-46.000000	50.000000	185.000000	500.000000	90.000000
524	-46.000000	50.000000	185.000000	500.000000	90.000000
525	-37.000000	46.000000	185.000000	500.000000	77.471192
526	-37.000000	46.000000	185.000000	500.000000	77.471192
527	-37.000000	46.000000	216.000000	500.000000	77.471192
528	-33.000000	44.000000	216.000000	500.000000	75.963757
529	-33.000000	44.000000	270.000000	500.000000	75.963757
530	-33.000000	44.000000	270.000000	500.000000	75.963757
531	-33.000000	44.000000	270.000000	500.000000	75.963757
532	-33.000000	44.000000	300.000000	500.000000	75.963757
533	-27.000000	40.000000	325.000000	500.000000	-14.036243
534	-27.000000	40.000000	325.000000	500.000000	-14.036243
535	-27.000000	40.000000	358.000000	500.000000	-14.036243
536	-25.000000	38.000000	358.000000	500.000000	-12.994619
537	-25.000000	38.000000	377.000000	500.000000	-12.994619
538	-25.000000	38.000000	377.000000	500.000000	-12.994619
539	-20.000000	43.000000	408.000000	500.000000	-7.907166
540	-20.000000	43.000000	408.000000	500.000000	-7.907166
541	-20.000000	43.000000	424.000000	500.000000	-7.907166
542	-20.000000	41.000000	424.000000	500.000000	-7.853310
543	-20.000000	41.000000	444.000000	500.000000	-7.853310
544	-19.000000	39.000000	444.000000	500.000000	-8.746159
545	-19.000000	39.000000	444.000000	500.000000	-8.746159
546	-19.000000	39.000000	470.000000	500.000000	-8.746159
547	-16.000000	38.000000	470.000000	500.000000	-8.130104
548	-16.000000	38.000000	482.000000	500.000000	-8.130104
549	-16.000000	38.000000	503.000000	500.000000	-8.130104
550	-9.000000	37.000000	503.000000	500.000000	-7.594644
551	-9.000000	37.000000	503.000000	500.000000	-7.594644
552	-9.000000	37.000000	514.000000	500.000000	-7.594644
553	-4.000000	36.000000	527.000000	500.000000	-6.009002
554	-4.000000	36.000000	527.000000	500.000000	-6.009002
555	0.000000	36.000000	540.000000	500.000000	-5.710591
556	0.000000	36.000000	540.000000	500.000000	-5.710591
557	0.000000	36.000000	543.000000	500.000000	-5.710591
558	4.000000	34.000000	543.000000	500.000000	-5.194427
559	4.000000	34.000000	547.000000	500.000000	-5.194427
560	4.000000	34.000000	549.000000	500.000000	-5.194427
561	7.000000	34.000000	549.000000	500.000000	-4.573918
562	7.000000	34.000000	549.000000	500.000000	-4.573918
563	7.000000	34.000000	549.000000	500.000000	-7.594644
564	7.000000	34.000000	547.000000	500.000000	-7.594644
565	7.000000	34.000000	547.000000	500.000000	-7.594644
566	4.000000	34.000000	547.000000	500.000000	-4.969741
567	4.000000	34.000000	547.000000	500.000000	-4.969741
568	1.000000	34.000000	537.000000	500.000000	-5.710591
569	1.000000	34.000000	537.000000	500.000000	-5.710591
570	1.000000	34.000000	529.000000	500.000000	-5.710591
571	1.000000	34.000000	507.000000	500.000000	-5.710591
572	-5.000000	35.000000	507.000000	500.000000	-5.527542
573	-5.000000	35.000000	507.000000	500.000000	-5.527542
574	-9.000000	37.000000	480.000000	500.000000	-3.945185
575	-9.000000	37.000000	456.000000	500.000000	-3.945185
576	-9.000000	37.000000	429.000000	500.000000	-3.945185
577	-14.000000	39.000000	429.000000	500.000000	-5.042448
578	-14.000000	39.000000	429.000000	500.000000	-5.042448
579	-17.000000	42.000000	400.000000	500.000000	-5.042448
580	-17.000000	42.000000	400.000000	500.000000	-5.042448
581	-17.000000	42.000000	370.000000	500.000000	-5.042448
582	-24.000000	33.000000	370.000000	500.000000	-7.125014
583	-24.000000	33.000000	345.000000	500.000000	-7.125014
584	-24.000000	33.000000	306.000000	500.000000	-7.125014
585	-27.000000	32.000000	306.000000	500.000000	-7.594644
586	-27.000000	32.000000	277.000000	500.000000	-7.594644
587	-28.000000	30.000000	277.000000	500.000000	-7.431410
588	-28.000000	30.000000	249.000000	500.000000	-7.431410
589	-28.000000	30.000000	249.000000	500.000000	-7.431410
590	-29.000000	28.000000	249.000000	500.000000	-7.352377
591	-29.000000	28.000000	226.000000	500.000000	-7.352377
592	-31.000000	26.000000	226.000000	500.000000	-6.788976
593	-31.000000	26.000000	202.000000	500.000000	-6.788976
594	-31.000000	26.000000	186.000000	500.000000	-6.788976
595	-31.000000	26.000000	186.000000	500.000000	-6.788976
596	-32.000000	28.000000	172.000000	500.000000	81.634114
597	-32.000000	28.000000	172.000000	500.000000	81.634114
598	-30.000000	30.000000	168.000000	500.000000	82.092837
599	-30.000000	30.000000	168.000000	500.000000	82.092837
600	-30.000000	30.000000	168.000000	500.000000	82.092837
601	-26.000000	33.000000	168.000000	500.000000	81.573031
602	-26.000000	33.000000	170.000000	500.000000	81.573031
603	-19.000000	38.000000	170.000000	500.000000	81.869898
604	-19.000000	38.000000	167.000000	500.000000	81.869898
605	-19.000000	38.000000	167.000000	500.000000	81.869898
606	-19.000000	38.000000	170.000000	500.000000	81.869898
607	-19.000000	38.000000	170.000000	500.000000	81.869898
608	-19.000000	38.000000	237.000000	500.000000	81.869898
609	-1.000000	45.000000	237.000000	500.000000	90.000000
610	-1.000000	45.000000	200.000000	500.000000	90.000000
611	6.000000	49.000000	200.000000	500.000000	90.000000
612	6.000000	49.000000	200.000000	500.000000	90.000000
613	6.000000	49.000000	219.000000	500.000000	90.000000
614	6.000000	49.000000	219.000000	500.000000	90.000000
615	6.000000	49.000000	239.000000	500.000000	90.000000
616	6.000000	49.000000	258.000000	500.000000	90.000000
617	23.000000	53.000000	258.000000	500.000000	90.000000
618	23.000000	53.000000	258.000000	500.000000	90.000000
619	23.000000	53.000000	281.000000	500.000000	90.000000
620	29.000000	53.000000	281.000000	500.000000	90.000000
621	29.000000	53.000000	324.000000	500.000000	90.000000
622	29.000000	53.000000	324.000000	500.000000	90.000000
623	29.000000	53.000000	350.000000	500.000000	90.000000
624	29.000000	53.000000	350.000000	500.000000	90.000000
625	29.000000	53.000000	363.000000	500.000000	90.000000
626	29.000000	53.000000	388.000000	500.000000	90.000000
627	29.000000	53.000000	388.000000	500.000000	90.000000
628	39.000000	52.000000	388.000000	500.000000	81.119340
629	39.000000	52.000000	420.000000	500.000000	81.119340
630	41.000000	49.000000	454.000000	500.000000	84.093860
631	41.000000	49.000000	454.000000	500.000000	84.093860
632	41.000000	49.000000	454.000000	500.000000	84.093860
633	42.000000	49.000000	484.000000	500.000000	81.573032
634	42.000000	49.000000	494.000000	500.000000	81.573032
635	43.000000	47.000000	494.000000	500.000000	82.146687
636	43.000000	47.000000	494.000000	500.000000	82.146687
637	43.000000	47.000000	517.000000	500.000000	82.146687
638	42.000000	45.000000	517.000000	500.000000	81.573032
639	42.000000	45.000000	537.000000	500.000000	81.573032
640	42.000000	45.000000	537.000000	500.000000	81.573032
641	40.000000	42.000000	558.000000	500.000000	-8.130104
642	40.000000	42.000000	558.000000	500.000000	-8.130104
643	41.000000	44.000000	558.000000	500.000000	-6.340191
644	41.000000	44.000000	558.000000	500.000000	-6.340191
645	41.000000	44.000000	562.000000	500.000000	-6.340191
646	38.000000	38.000000	562.000000	500.000000	-6.581946
647	38.000000	38.000000	571.000000	500.000000	-6.581946
648	36.000000	32.000000	571.000000	500.000000	-4.763640
649	36.000000	32.000000	571.000000	500.000000	-4.763640
650	36.000000	32.000000	580.000000	500.000000	-4.763640
651	36.000000	32.000000	580.000000	500.000000	-4.763640
652	30.000000	24.000000	580.000000	500.000000	-5.194427
653	30.000000	24.000000	562.000000	500.000000	-5.194427
654	28.000000	17.000000	550.000000	500.000000	-4.763640
655	28.000000	17.000000	550.000000	500.000000	-4.763640
656	28.000000	17.000000	534.000000	500.000000	-4.763640
657	24.000000	11.000000	534.000000	500.000000	-6.842777
658	24.000000	11.000000	534.000000	500.000000	-6.842777
659	22.000000	6.000000	516.000000	500.000000	-8.130104
660	22.000000	6.000000	516.000000	500.000000	-8.130104
661	22.000000	6.000000	494.000000	500.000000	-8.130104
662	22.000000	6.000000	461.000000	500.000000	-8.130104
663	24.000000	2.000000	461.000000	500.000000	-6.115505
664	24.000000	2.000000	429.000000	500.000000	-6.115505
665	28.000000	0.000000	429.000000	500.000000	-6.911229
666	28.000000	0.000000	429.000000	500.000000	-6.911229
667	28.000000	0.000000	395.000000	500.000000	-6.911229
668	35.000000	2.000000	395.000000	500.000000	-6.709834
669	35.000000	2.000000	359.000000	500.000000	-6.709834
670	44.000000	6.000000	325.000000	500.000000	-6.340191
671	44.000000	6.000000	325.000000	500.000000	-6.340191
672	44.000000	6.000000	290.000000	500.000000	-6.340191
673	59.000000	16.000000	290.000000	500.000000	-5.710591
674	59.000000	16.000000	290.000000	500.000000	-5.710591
675	59.000000	16.000000	257.000000	500.000000	-5.710591
676	50.000000	14.000000	257.000000	500.000000	0.000000
677	50.000000	14.000000	228.000000	500.000000	0.000000
678	57.000000	21.000000	204.000000	500.000000	-6.340191
679	57.000000	21.000000	204.000000	500.000000	-6.340191
680	57.000000	21.000000	185.000000	500.000000	-6.340191
681	57.000000	21.000000	185.000000	500.000000	-6.340191
682	57.000000	21.000000	185.000000	500.000000	-6.340191
683	57.000000	21.000000	173.000000	500.000000	-6.340191
684	57.000000	21.000000	164.000000	500.000000	-6.340191
685	57.000000	21.000000	164.000000	500.000000	-6.340191
686	57.000000	21.000000	156.000000	500.000000	-6.340191
687	57.000000	21.000000	156.000000	500.000000	-6.340191
688	57.000000	21.000000	151.000000	500.000000	-6.340191
689	57.000000	21.000000	151.000000	500.000000	-6.340191
690	57.000000	21.000000	153.000000	500.000000	-6.340191
691	57.000000	21.000000	153.000000	500.000000	-6.340191
692	57.000000	21.000000	161.000000	500.000000	-6.340191
693	57.000000	21.000000	161.000000	500.000000	-6.340191
694	57.000000	21.000000	175.000000	500.000000	-6.340191
695	57.000000	21.000000	175.000000	500.000000	-6.340191
696	57.000000	21.000000	187.000000	500.000000	-6.340191
697	57.000000	21.000000	187.000000	500.000000	-6.340191
698	57.000000	21.000000	187.000000	500.000000	-6.340191
699	57.000000	21.000000	181.000000	500.000000	-6.340191
700	57.000000	21.000000	181.000000	500.000000	-6.340191
701	57.000000	21.000000	217.000000	500.000000	-6.340191
702	12.000000	42.000000	207.000000	500.000000	90.000000
703	12.000000	42.000000	207.000000	500.000000	90.000000
704	12.000000	42.000000	217.000000	500.000000	90.000000
705	0.000000	44.000000	217.000000	500.000000	83.659808
706	0.000000	44.000000	239.000000	500.000000	83.659808
707	0.000000	44.000000	239.000000	500.000000	83.659808
708	-14.000000	42.000000	275.000000	500.000000	83.659809
709	-14.000000	42.000000	275.000000	500.000000	83.659809
710	-22.000000	41.000000	302.000000	500.000000	82.874984
711	-22.000000	41.000000	302.000000	500.000000	82.874984
712	-22.000000	41.000000	308.000000	500.000000	82.874984
713	-26.000000	40.000000	308.000000	500.000000	82.874984
714	-26.000000	40.000000	331.000000	500.000000	82.874984
715	-27.000000	37.000000	331.000000	500.000000	-7.275005
716	-27.000000	37.000000	331.000000	500.000000	-7.275005
717	-27.000000	37.000000	352.000000	500.000000	-7.275005
718	-27.000000	37.000000	376.000000	500.000000	-7.275005
719	-21.000000	42.000000	376.000000	500.000000	-6.519805
720	-21.000000	42.000000	376.000000	500.000000	-6.519805
721	-19.000000	35.000000	399.000000	500.000000	-6.911229
722	-19.000000	35.000000	399.000000	500.000000	-6.911229
723	-19.000000	35.000000	423.000000	500.000000	-6.911229
724	-17.000000	29.000000	423.000000	500.000000	-7.594644
725	-17.000000	29.000000	442.000000	500.000000	-7.594644
726	-14.000000	24.000000	464.000000	500.000000	-5.710591
727	-14.000000	24.000000	464.000000	500.000000	-5.710591
728	-14.000000	24.000000	464.000000	500.000000	-5.710591
729	-14.000000	24.000000	480.000000	500.000000	-5.710591
730	-11.000000	21.000000	480.000000	500.000000	-6.115505
731	-11.000000	21.000000	480.000000	500.000000	-6.115505
732	-8.000000	21.000000	480.000000	500.000000	-5.194427
733	-8.000000	21.000000	480.000000	500.000000	-5.194427
734	-8.000000	21.000000	495.000000	500.000000	-5.194427
735	-4.000000	22.000000	495.000000	500.000000	-6.581946
736	-4.000000	22.000000	514.000000	500.000000	-6.581946
737	0.000000	25.000000	532.000000	500.000000	-6.340191
738	0.000000	25.000000	532.000000	500.000000	-6.340191
739	0.000000	25.000000	537.000000	500.000000	-6.340191
740	7.000000	30.000000	543.000000	500.000000	-6.842770
741	7.000000	30.000000	543.000000	500.000000	-6.842770
742	7.000000	30.000000	549.000000	500.000000	-6.842770
743	12.000000	33.000000	549.000000	500.000000	-6.340191
744	12.000000	33.000000	552.000000	500.000000	-6.340191
745	17.000000	38.000000	552.000000	500.000000	-6.581946
746	17.000000	38.000000	555.000000	500.000000	-6.581946
747	17.000000	38.000000	555.000000	500.000000	-6.581946
748	20.000000	43.000000	555.000000	500.000000	-7.594644
749	20.000000	43.000000	554.000000	500.000000	-7.594644
750	21.000000	40.000000	549.000000	500.000000	-7.594644
751	21.000000	40.000000	549.000000	500.000000	-7.594644
752	21.000000	40.000000	536.000000	500.000000	-7.594644
753	21.000000	40.000000	536.000000	500.000000	-7.594644
754	22.000000	42.000000	536.000000	500.000000	-8.130104
755	22.000000	42.000000	523.000000	500.000000	-8.130104
756	23.000000	42.000000	509.000000	500.000000	-7.125014
757	23.000000	42.000000	509.000000	500.000000	-7.125014
758	23.000000	42.000000	466.000000	500.000000	-7.125014
759	23.000000	42.000000	466.000000	500.000000	82.874984
760	23.000000	42.000000	440.000000	500.000000	82.874984
761	22.000000	41.000000	440.000000	500.000000	82.405357
762	22.000000	41.000000	404.000000	500.000000	82.405357
763	22.000000	41.000000	404.000000	500.000000	82.405357
764	20.000000	38.000000	372.000000	500.000000	82.874984
765	20.000000	38.000000	372.000000	500.000000	82.874984
766	20.000000	38.000000	333.000000	500.000000	82.874984
767	19.000000	36.000000	333.000000	500.000000	83.290163
768	19.000000	36.000000	333.000000	500.000000	83.290163
769	19.000000	36.000000	333.000000	500.000000	83.290163
770	18.000000	34.000000	297.000000	500.000000	83.659808
771	18.000000	34.000000	297.000000	500.000000	83.659808
772	19.000000	35.000000	262.000000	500.000000	82.405357
773	19.000000	35.000000	238.000000	500.000000	82.405357
774	19.000000	35.000000	197.000000	500.000000	82.405357
775	20.000000	36.000000	197.000000	500.000000	82.405357
776	20.000000	36.000000	170.000000	500.000000	82.405357
777	20.000000	36.000000	170.000000	500.000000	82.405357
778	20.000000	36.000000	170.000000	500.000000	82.405357
779	20.000000	36.000000	120.000000	500.000000	82.405357
780	22.000000	40.000000	120.000000	500.000000	90.000000
781	22.000000	40.000000	120.000000	500.000000	90.000000
782	22.000000	40.000000	98.000000	500.000000	90.000000
783	22.000000	40.000000	92.000000	500.000000	90.000000
784	22.000000	40.000000	92.000000	500.000000	90.000000
785	22.000000	40.000000	83.000000	500.000000	90.000000
786	22.000000	40.000000	83.000000	500.000000	90.000000
787	22.000000	40.000000	83.000000	500.000000	90.000000
788	22.000000	40.000000	62.000000	500.000000	90.000000
789	22.000000	40.000000	62.000000	500.000000	90.000000
790	22.000000	40.000000	53.000000	500.000000	90.000000
791	22.000000	40.000000	53.000000	500.000000	90.000000
792	22.000000	40.000000	52.000000	500.000000	90.000000
793	22.000000	40.000000	52.000000	500.000000	90.000000
794	22.000000	40.000000	52.000000	500.000000	90.000000
795	22.000000	40.000000	54.000000	500.000000	90.000000
796	22.000000	40.000000	64.000000	500.000000	90.000000
797	22.000000	40.000000	64.000000	500.000000	90.000000
798	22.000000	40.000000	63.000000	500.000000	90.000000
799	22.000000	40.000000	63.000000	500.000000	90.000000
800	22.000000	40.000000	90.000000	500.000000	90.000000
801	22.000000	40.000000	122.000000	500.000000	90.000000
802	22.000000	40.000000	122.000000	500.000000	90.000000
803	22.000000	40.000000	101.000000	500.000000	90.000000
804	22.000000	40.000000	101.000000	500.000000	90.000000
805	22.000000	40.000000	111.000000	500.000000	90.000000
806	22.000000	40.000000	111.000000	500.000000	90.000000
807	22.000000	40.000000	111.000000	500.000000	90.000000
808	22.000000	40.000000	119.000000	500.000000	90.000000
809	22.000000	40.000000	119.000000	500.000000	90.000000
810	22.000000	40.000000	156.000000	500.000000	90.000000
811	22.000000	40.000000	156.000000	500.000000	90.000000
812	22.000000	40.000000	154.000000	500.000000	90.000000
813	22.000000	40.000000	154.000000	500.000000	90.000000
814	22.000000	40.000000	163.000000	500.000000	90.000000
815	22.000000	40.000000	182.000000	500.000000	90.000000
816	22.000000	40.000000	182.000000	500.000000	90.000000
817	22.000000	40.000000	224.000000	500.000000	90.000000
818	22.000000	40.000000	224.000000	500.000000	90.000000
819	22.000000	40.000000	224.000000	500.000000	90.000000
820	22.000000	40.000000	212.000000	500.000000	90.000000
821	22.000000	40.000000	212.000000	500.000000	90.000000
822	22.000000	40.000000	228.000000	500.000000	90.000000
823	22.000000	40.000000	228.000000	500.000000	90.000000
824	22.000000	40.000000	253.000000	500.000000	90.000000
825	22.000000	40.000000	343.000000	500.000000	90.000000
826	22.000000	40.000000	343.000000	500.000000	90.000000
827	22.000000	40.000000	343.000000	500.000000	90.000000
828	68.000000	43.000000	270.000000	500.000000	38.367484
829	68.000000	43.000000	270.000000	500.000000	38.367484
830	68.000000	43.000000	275.000000	500.000000	38.367484
831	73.000000	48.000000	280.000000	500.000000	41.820171
832	73.000000	48.000000	280.000000	500.000000	41.820171
833	73.000000	48.000000	280.000000	500.000000	41.820171
834	73.000000	48.000000	293.000000	500.000000	41.820171
835	73.000000	48.000000	299.000000	500.000000	41.820171
836	73.000000	48.000000	299.000000	500.000000	41.820171
837	73.000000	48.000000	299.000000	500.000000	41.820171
838	73.000000	48.000000	325.000000	500.000000	41.820171
839	73.000000	48.000000	325.000000	500.000000	41.820171
840	73.000000	48.000000	325.000000	500.000000	41.820171
841	73.000000	48.000000	351.000000	500.000000	41.820171
842	73.000000	48.000000	351.000000	500.000000	41.820171
843	73.000000	48.000000	351.000000	500.000000	41.820171
844	73.000000	48.000000	327.000000	500.000000	41.820171
845	73.000000	48.000000	327.000000	500.000000	41.820171
846	73.000000	48.000000	327.000000	500.000000	41.820171
847	73.000000	48.000000	334.000000	500.000000	41.820171
848	73.000000	48.000000	334.000000	500.000000	41.820171
849	65.000000	22.000000	337.000000	500.000000	0.000000
850	65.000000	22.000000	337.000000	500.000000	0.000000
851	65.000000	22.000000	337.000000	500.000000	0.000000
852	63.000000	10.000000	333.000000	500.000000	0.000000
853	63.000000	10.000000	333.000000	500.000000	0.000000
854	63.000000	10.000000	333.000000	500.000000	0.000000
855	63.000000	-6.000000	336.000000	500.000000	0.000000
856	63.000000	-6.000000	336.000000	500.000000	0.000000
857	63.000000	-6.000000	337.000000	500.000000	0.000000
858	61.000000	-13.000000	337.000000	500.000000	0.000000
859	61.000000	-13.000000	352.000000	500.000000	0.000000
860	81.000000	-17.000000	352.000000	500.000000	-40.364539
861	81.000000	-17.000000	352.000000	500.000000	-40.364539
862	81.000000	-17.000000	337.000000	500.000000	-40.364539
863	57.000000	-16.000000	333.000000	500.000000	0.000000
864	57.000000	-16.000000	333.000000	500.000000	0.000000
865	57.000000	-16.000000	331.000000	500.000000	0.000000
866	78.000000	-20.000000	331.000000	500.000000	-44.999997
867	78.000000	-20.000000	333.000000	500.000000	-44.999997
868	78.000000	-20.000000	333.000000	500.000000	-44.999997
869	78.000000	-20.000000	333.000000	500.000000	-44.999997
870	78.000000	-20.000000	337.000000	500.000000	-44.999997
871	59.000000	-10.000000	337.000000	500.000000	0.000000
872	59.000000	-10.000000	337.000000	500.000000	0.000000
873	61.000000	1.000000	410.000000	500.000000	0.000000
874	61.000000	1.000000	410.000000	500.000000	0.000000
875	61.000000	1.000000	410.000000	500.000000	0.000000
876	61.000000	1.000000	374.000000	500.000000	0.000000
877	64.000000	9.000000	374.000000	500.000000	0.000000
878	64.000000	9.000000	391.000000	500.000000	0.000000
879	64.000000	12.000000	386.000000	500.000000	0.000000
880	64.000000	12.000000	386.000000	500.000000	0.000000
881	64.000000	12.000000	386.000000	500.000000	0.000000
882	63.000000	14.000000	388.000000	500.000000	0.000000
883	63.000000	14.000000	395.000000	500.000000	0.000000
884	63.000000	14.000000	395.000000	500.000000	0.000000
885	63.000000	14.000000	403.000000	500.000000	0.000000
886	63.000000	14.000000	403.000000	500.000000	0.000000
887	63.000000	14.000000	409.000000	500.000000	0.000000
888	63.000000	14.000000	409.000000	500.000000	0.000000
889	63.000000	14.000000	420.000000	500.000000	0.000000
890	63.000000	14.000000	420.000000	500.000000	0.000000
891	63.000000	14.000000	435.000000	500.000000	0.000000
892	63.000000	14.000000	435.000000	500.000000	0.000000
893	63.000000	14.000000	435.000000	500.000000	0.000000
894	63.000000	14.000000	431.000000	500.000000	0.000000
895	63.000000	14.000000	431.000000	500.000000	0.000000
896	63.000000	14.000000	444.000000	500.000000	0.000000
897	63.000000	14.000000	451.000000	500.000000	0.000000
898	63.000000	14.000000	451.000000	500.000000	0.000000
899	63.000000	14.000000	451.000000	500.000000	0.000000
900	63.000000	14.000000	467.000000	500.000000	0.000000
901	63.000000	14.000000	467.000000	500.000000	0.000000
902	63.000000	14.000000	478.000000	500.000000	0.000000
903	63.000000	14.000000	488.000000	500.000000	0.000000
904	63.000000	14.000000	488.000000	500.000000	0.000000
905	63.000000	14.000000	491.000000	500.000000	0.000000
906	63.000000	14.000000	491.000000	500.000000	0.000000
907	63.000000	14.000000	491.000000	500.000000	0.000000
908	63.000000	14.000000	507.000000	500.000000	0.000000
909	63.000000	14.000000	507.000000	500.000000	0.000000
910	63.000000	14.000000	510.000000	500.000000	0.000000
911	63.000000	14.000000	505.000000	500.000000	0.000000
912	63.000000	14.000000	505.000000	500.000000	0.000000
913	63.000000	14.000000	512.000000	500.000000	0.000000
914	63.000000	14.000000	512.000000	500.000000	0.000000
915	63.000000	14.000000	531.000000	500.000000	0.000000
916	63.000000	14.000000	531.000000	500.000000	0.000000
917	63.000000	14.000000	525.000000	500.000000	0.000000
918	63.000000	14.000000	525.000000	500.000000	0.000000
919	63.000000	14.000000	522.000000	500.000000	0.000000
920	63.000000	14.000000	522.000000	500.000000	0.000000
921	63.000000	14.000000	537.000000	500.000000	0.000000
922	63.000000	14.000000	537.000000	500.000000	0.000000
923	63.000000	14.000000	537.000000	500.000000	0.000000
924	63.000000	14.000000	535.000000	500.000000	0.000000
925	-30.000000	-55.000000	535.000000	500.000000	90.000000
926	-30.000000	-55.000000	535.000000	500.000000	90.000000
927	-30.000000	-55.000000	519.000000	500.000000	90.000000
928	-30.000000	-55.000000	519.000000	500.000000	90.000000
929	-30.000000	-55.000000	527.000000	500.000000	90.000000
930	-30.000000	-55.000000	527.000000	500.000000	90.000000
931	-30.000000	-55.000000	531.000000	500.000000	90.000000
932	-30.000000	-55.000000	531.000000	500.000000	90.000000
933	-30.000000	-55.000000	483.000000	500.000000	90.000000
934	-30.000000	-55.000000	483.000000	500.000000	90.000000
935	-30.000000	-55.000000	468.000000	500.000000	90.000000
936	-30.000000	-55.000000	468.000000	500.000000	90.000000
937	-30.000000	-55.000000	466.000000	500.000000	90.000000
938	-30.000000	-55.000000	466.000000	500.000000	90.000000
939	-30.000000	-55.000000	432.000000	500.000000	90.000000
940	-30.000000	-55.000000	432.000000	500.000000	90.000000
941	-30.000000	-55.000000	403.000000	500.000000	90.000000
942	-30.000000	-55.000000	403.000000	500.000000	90.000000
943	-30.000000	-55.000000	374.000000	500.000000	90.000000
944	-30.000000	-55.000000	374.000000	500.000000	90.000000
945	-30.000000	-55.000000	358.000000	500.000000	90.000000
946	-30.000000	-55.000000	358.000000	500.000000	90.000000
947	-30.000000	-55.000000	335.000000	500.000000	90.000000
948	-30.000000	-55.000000	335.000000	500.000000	90.000000
949	-30.000000	-55.000000	318.000000	500.000000	90.000000
950	-30.000000	-55.000000	318.000000	500.000000	90.000000
951	-30.000000	-55.000000	290.000000	500.000000	90.000000
952	-30.000000	-55.000000	290.000000	500.000000	90.000000
953	-30.000000	-55.000000	303.000000	500.000000	90.000000
954	-30.000000	-55.000000	303.000000	500.000000	90.000000
955	-30.000000	-55.000000	263.000000	500.000000	90.000000
956	-30.000000	-55.000000	263.000000	500.000000	90.000000
957	-30.000000	-55.000000	246.000000	500.000000	90.000000
958	-30.000000	-55.000000	246.000000	500.000000	90.000000
959	-30.000000	-55.000000	249.000000	500.000000	90.000000
960	-30.000000	-55.000000	249.000000	500.000000	90.000000
961	-30.000000	-55.000000	230.000000	500.000000	90.000000
962	-30.000000	-55.000000	230.000000	500.000000	90.000000
963	-30.000000	-55.000000	222.000000	500.000000	90.000000
964	-70.000000	-3.000000	222.000000	500.000000	45.000000
965	-70.000000	-3.000000	207.000000	500.000000	45.000000
966	-70.000000	-3.000000	207.000000	500.000000	45.000000
967	-70.000000	-3.000000	177.000000	500.000000	45.000000
968	-70.000000	-3.000000	177.000000	500.000000	45.000000
969	-70.000000	-3.000000	179.000000	500.000000	45.000000
970	-70.000000	-3.000000	179.000000	500.000000	45.000000
971	-70.000000	-3.000000	143.000000	500.000000	45.000000
972	-70.000000	-3.000000	143.000000	500.000000	45.000000
973	-70.000000	-3.000000	154.000000	500.000000	45.000000
974	-70.000000	-3.000000	154.000000	500.000000	45.000000
975	-73.000000	43.000000	95.000000	500.000000	-33.690064
976	-73.000000	43.000000	95.000000	500.000000	-33.690064
977	-73.000000	43.000000	70.000000	500.000000	-33.690064
978	-73.000000	43.000000	70.000000	500.000000	-33.690064
979	-73.000000	43.000000	48.000000	500.000000	-33.690064
980	-73.000000	43.000000	48.000000	500.000000	-33.690064
981	-73.000000	43.000000	23.000000	500.000000	-33.690064
982	-73.000000	43.000000	23.000000	500.000000	-33.690064
983	-73.000000	43.000000	11.000000	500.000000	-33.690064
984	-73.000000	43.000000	11.000000	500.000000	-33.690064
985	-73.000000	43.000000	8.000000	500.000000	-33.690064
986	-73.000000	43.000000	8.000000	500.000000	-33.690064
987	-73.000000	43.000000	-1.000000	500.000000	-33.690064
988	-73.000000	43.000000	-1.000000	500.000000	-33.690064
989	-73.000000	43.000000	0.000000	500.000000	-33.690064
990	-73.000000	43.000000	0.000000	500.000000	-33.690064
991	-73.000000	43.000000	0.000000	500.000000	-33.690064
992	-73.000000	43.000000	0.000000	500.000000	-33.690064
993	-73.000000	43.000000	0.000000	500.000000	-33.690064
994	-73.000000	43.000000	0.000000	500.000000	-33.690064
995	-73.000000	43.000000	0.000000	500.000000	-33.690064
996	-73.000000	43.000000	0.000000	500.000000	-33.690064
997	-73.000000	43.000000	0.000000	500.000000	-33.690064
998	-73.000000	43.000000	0.000000	500.000000	-33.690064
999	-73.000000	43.000000	0.000000	500.000000	-33.690064
1000	-73.000000	43.000000	0.000000	500.000000	-33.690064
1001	-73.000000	43.000000	0.000000	500.000000	-33.690064
1002	-73.000000	43.000000	0.000000	500.000000	-33.690064
1003	-73.000000	43.000000	0.000000	500.000000	-33.690064
1004	-73.000000	43.000000	0.000000	500.000000	-33.690064
1005	-73.000000	43.000000	0.000000	500.000000	-33.690064
1006	-73.000000	43.000000	0.000000	500.000000	-33.690064
1007	-73.000000	43.000000	0.000000	500.000000	-33.690064
1008	-73.000000	43.000000	0.000000	500.000000	-33.690064
1009	-73.000000	43.000000	0.000000	500.000000	-33.690064
1010	-73.000000	43.000000	0.000000	500.000000	-33.690064
1011	-73.000000	43.000000	0.000000	500.000000	-33.690064
1012	-73.000000	43.000000	0.000000	500.000000	-33.690064
1013	-73.000000	43.000000	0.000000	500.000000	-33.690064
1014	-73.000000	43.000000	0.000000	500.000000	-33.690064
1015	-73.000000	43.000000	0.000000	500.000000	-33.690064
1016	-73.000000	43.000000	0.000000	500.000000	-33.690064
1017	-73.000000	43.000000	0.000000	500.000000	-33.690064
1018	-73.000000	43.000000	0.000000	500.000000	-33.690064
1019	-73.000000	43.000000	0.000000	500.000000	-33.690064
1020	-73.000000	43.000000	0.000000	500.000000	-33.690064
1021	-73.000000	43.000000	0.000000	500.000000	-33.690064
1022	-73.000000	43.000000	0.000000	500.000000	-33.690064
1023	-73.000000	43.000000	0.000000	500.000000	-33.690064
1024	-73.000000	43.000000	0.000000	500.000000	-33.690064
1025	-73.000000	43.000000	0.000000	500.000000	-33.690064
1026	-73.000000	43.000000	0.000000	500.000000	-33.690064
1027	-73.000000	43.000000	0.000000	500.000000	-33.690064
1028	-73.000000	43.000000	0.000000	500.000000	-33.690064
1029	-73.000000	43.000000	0.000000	500.000000	-33.690064
1030	-73.000000	43.000000	0.000000	500.000000	-33.690064
1031	-73.000000	43.000000	0.000000	500.000000	-33.690064
1032	-73.000000	43.000000	0.000000	500.000000	-33.690064
1033	-73.000000	43.000000	0.000000	500.000000	-33.690064
1034	-73.000000	43.000000	0.000000	500.000000	-33.690064
1035	-73.000000	43.000000	0.000000	500.000000	-33.690064
1036	-73.000000	43.000000	0.000000	500.000000	-33.690064
1037	-73.000000	43.000000	0.000000	500.000000	-33.690064
1038	-73.000000	43.000000	0.000000	500.000000	-33.690064
1039	-73.000000	43.000000	0.000000	500.000000	-33.690064
1040	-73.000000	43.000000	0.000000	500.000000	-33.690064
1041	-73.000000	43.000000	0.000000	500.000000	-33.690064
1042	-73.000000	43.000000	0.000000	500.000000	-33.690064
1043	-73.000000	43.000000	0.000000	500.000000	-33.690064
1044	-73.000000	43.000000	0.000000	500.000000	-33.690064
1045	-73.000000	43.000000	0.000000	500.000000	-33.690064
1046	-73.000000	43.000000	0.000000	500.000000	-33.690064
1047	-73.000000	43.000000	0.000000	500.000000	-33.690064
1048	-73.000000	43.000000	0.000000	500.000000	-33.690064
1049	-73.000000	43.000000	0.000000	500.000000	-33.690064
1050	-73.000000	43.000000	0.000000	500.000000	-33.690064
1051	-73.000000	43.000000	0.000000	500.000000	-33.690064
1052	-73.000000	43.000000	0.000000	500.000000	-33.690064
1053	-73.000000	43.000000	0.000000	500.000000	-33.690064
1054	-73.000000	43.000000	0.000000	500.000000	-33.690064
1055	-73.000000	43.000000	0.000000	500.000000	-33.690064
1056	-73.000000	43.000000	0.000000	500.000000	-33.690064
1057	-73.000000	43.000000	0.000000	500.000000	-33.690064
1058	-73.000000	43.000000	0.000000	500.000000	-33.690064
1059	-73.000000	43.000000	0.000000	500.000000	-33.690064
1060	-73.000000	43.000000	0.000000	500.000000	-33.690064
1061	-73.000000	43.000000	0.000000	500.000000	-33.690064
1062	-73.000000	43.000000	0.000000	500.000000	-33.690064
1063	-73.000000	43.000000	0.000000	500.000000	-33.690064
1064	-73.000000	43.000000	0.000000	500.000000	-33.690064
1065	-73.000000	43.000000	0.000000	500.000000	-33.690064
1066	-73.000000	43.000000	0.000000	500.000000	-33.690064
1067	-73.000000	43.000000	0.000000	500.000000	-33.690064
1068	-73.000000	43.000000	0.000000	500.000000	-33.690064
1069	-73.000000	43.000000	0.000000	500.000000	-33.690064
1070	-73.000000	43.000000	0.000000	500.000000	-33.690064
1071	-73.000000	43.000000	0.000000	500.000000	-33.690064
1072	-73.000000	43.000000	0.000000	500.000000	-33.690064
1073	-73.000000	43.000000	0.000000	500.000000	-33.690064
1074	-73.000000	43.000000	0.000000	500.000000	-33.690064
1075	-73.000000	43.000000	0.000000	500.000000	-33.690064
1076	-73.000000	43.000000	0.000000	500.000000	-33.690064
1077	-73.000000	43.000000	0.000000	500.000000	-33.690064
1078	-73.000000	43.000000	0.000000	500.000000	-33.690064
1079	-73.000000	43.000000	0.000000	500.000000	-33.690064
1080	-73.000000	43.000000	0.000000	500.000000	-33.690064
1081	-73.000000	43.000000	0.000000	500.000000	-33.690064
1082	-73.000000	43.000000	0.000000	500.000000	-33.690064
1083	-73.000000	43.000000	0.000000	500.000000	-33.690064
1084	-73.000000	43.000000	0.000000	500.000000	-33.690064
1085	-73.000000	43.000000	0.000000	500.000000	-33.690064
1086	-73.000000	43.000000	0.000000	500.000000	-33.690064
1087	-73.000000	43.000000	0.000000	500.000000	-33.690064
1088	-73.000000	43.000000	0.000000	500.000000	-33.690064
1089	-73.000000	43.000000	0.000000	500.000000	-33.690064
1090	-73.000000	43.000000	0.000000	500.000000	-33.690064
1091	-73.000000	43.000000	0.000000	500.000000	-33.690064
1092	-73.000000	43.000000	0.000000	500.000000	-33.690064
1093	-73.000000	43.000000	0.000000	500.000000	-33.690064
1094	-73.000000	43.000000	0.000000	500.000000	-33.690064
1095	-73.000000	43.000000	0.000000	500.000000	-33.690064
1096	-73.000000	43.000000	0.000000	500.000000	-33.690064
1097	-73.000000	43.000000	0.000000	500.000000	-33.690064
1098	-73.000000	43.000000	0.000000	500.000000	-33.690064
1099	-73.000000	43.000000	0.000000	500.000000	-33.690064
1100	-73.000000	43.000000	0.000000	500.000000	-33.690064
1101	-73.000000	43.000000	0.000000	500.000000	-33.690064
1102	-73.000000	43.000000	0.000000	500.000000	-33.690064
1103	-73.000000	43.000000	0.000000	500.000000	-33.690064
1104	-73.000000	43.000000	0.000000	500.000000	-33.690064
1105	-73.000000	43.000000	0.000000	500.000000	-33.690064
1106	-73.000000	43.000000	0.000000	500.000000	-33.690064
1107	-73.000000	43.000000	0.000000	500.000000	-33.690064
1108	-73.000000	43.000000	0.000000	500.000000	-33.690064
1109	-73.000000	43.000000	0.000000	500.000000	-33.690064
1110	-73.000000	43.000000	0.000000	500.000000	-33.690064
1111	-73.000000	43.000000	0.000000	500.000000	-33.690064
1112	-73.000000	43.000000	0.000000	500.000000	-33.690064
1113	-73.000000	43.000000	0.000000	500.000000	-33.690064
1114	-73.000000	43.000000	0.000000	500.000000	-33.690064
1115	-73.000000	43.000000	0.000000	500.000000	-33.690064
1116	-73.000000	43.000000	0.000000	500.000000	-33.690064
1117	-73.000000	43.000000	0.000000	500.000000	-33.690064
1118	-73.000000	43.000000	0.000000	500.000000	-33.690064
1119	-73.000000	43.000000	0.000000	500.000000	-33.690064
1120	-73.000000	43.000000	0.000000	500.000000	-33.690064
1121	-73.000000	43.000000	0.000000	500.000000	-33.690064
1122	-73.000000	43.000000	0.000000	500.000000	-33.690064
1123	-73.000000	43.000000	0.000000	500.000000	-33.690064
1124	-73.000000	43.000000	0.000000	500.000000	-33.690064
1125	-73.000000	43.000000	0.000000	500.000000	-33.690064
1126	-73.000000	43.000000	0.000000	500.000000	-33.690064
1127	-73.000000	43.000000	0.000000	500.000000	-33.690064
1128	-73.000000	43.000000	0.000000	500.000000	-33.690064
1129	-73.000000	43.000000	0.000000	500.000000	-33.690064
1130	-73.000000	43.000000	0.000000	500.000000	-33.690064
1131	-73.000000	43.000000	0.000000	500.000000	-33.690064
1132	-73.000000	43.000000	0.000000	500.000000	-33.690064
1133	-73.000000	43.000000	0.000000	500.000000	-33.690064
1134	-73.000000	43.000000	0.000000	500.000000	-33.690064
1135	-73.000000	43.000000	0.000000	500.000000	-33.690064
1136	-73.000000	43.000000	0.000000	500.000000	-33.690064
1137	-73.000000	43.000000	0.000000	500.000000	-33.690064
1138	-73.000000	43.000000	0.000000	500.000000	-33.690064
1139	-73.000000	43.000000	0.000000	500.000000	-33.690064
1140	-73.000000	43.000000	0.000000	500.000000	-33.690064
1141	-73.000000	43.000000	0.000000	500.000000	-33.690064
1142	-73.000000	43.000000	0.000000	500.000000	-33.690064
1143	-73.000000	43.000000	0.000000	500.000000	-33.690064
1144	-73.000000	43.000000	0.000000	500.000000	-33.690064
1145	-73.000000	43.000000	0.000000	500.000000	-33.690064
1146	-73.000000	43.000000	0.000000	500.000000	-33.690064
1147	-73.000000	43.000000	0.000000	500.000000	-33.690064
1148	-73.000000	43.000000	0.000000	500.000000	-33.690064
1149	-73.000000	43.000000	0.000000	500.000000	-33.690064
1150	-73.000000	43.000000	0.000000	500.000000	-33.690064
1151	-73.000000	43.000000	0.000000	500.000000	-33.690064
1152	-73.000000	43.000000	0.000000	500.000000	-33.690064
1153	-73.000000	43.000000	0.000000	500.000000	-33.690064
1154	-73.000000	43.000000	0.000000	500.000000	-33.690064
1155	-73.000000	43.000000	0.000000	500.000000	-33.690064
1156	-73.000000	43.000000	0.000000	500.000000	-33.690064
1157	-73.000000	43.000000	0.000000	500.000000	-33.690064
1158	-73.000000	43.000000	0.000000	500.000000	-33.690064
1159	-73.000000	43.000000	0.000000	500.000000	-33.690064
1160	-73.000000	43.000000	0.000000	500.000000	-33.690064
1161	-73.000000	43.000000	0.000000	500.000000	-33.690064
1162	-73.000000	43.000000	0.000000	500.000000	-33.690064
1163	-73.000000	43.000000	0.000000	500.000000	-33.690064
1164	-73.000000	43.000000	0.000000	500.000000	-33.690064
1165	-73.000000	43.000000	0.000000	500.000000	-33.690064
1166	-73.000000	43.000000	0.000000	500.000000	-33.690064
1167	-73.000000	43.000000	0.000000	500.000000	-33.690064
1168	-73.000000	43.000000	0.000000	500.000000	-33.690064
1169	-73.000000	43.000000	0.000000	500.000000	-33.690064
1170	-73.000000	43.000000	0.000000	500.000000	-33.690064
1171	-73.000000	43.000000	0.000000	500.000000	-33.690064
1172	-73.000000	43.000000	0.000000	500.000000	-33.690064
1173	-73.000000	43.000000	0.000000	500.000000	-33.690064
1174	-73.000000	43.000000	0.000000	500.000000	-33.690064
1175	-73.000000	43.000000	0.000000	500.000000	-33.690064
1176	-73.000000	43.000000	0.000000	500.000000	-33.690064
1177	-73.000000	43.000000	0.000000	500.000000	-33.690064
1178	-73.000000	43.000000	0.000000	500.000000	-33.690064
1179	-73.000000	43.000000	0.000000	500.000000	-33.690064
1180	-73.000000	43.000000	0.000000	500.000000	-33.690064
1181	-73.000000	43.000000	0.000000	500.000000	-33.690064
1182	-73.000000	43.000000	0.000000	500.000000	-33.690064
1183	-73.000000	43.000000	0.000000	500.000000	-33.690064
1184	-73.000000	43.000000	0.000000	500.000000	-33.690064
1185	-73.000000	43.000000	0.000000	500.000000	-33.690064
1186	-73.000000	43.000000	0.000000	500.000000	-33.690064
1187	-73.000000	43.000000	0.000000	500.000000	-33.690064
1188	-73.000000	43.000000	0.000000	500.000000	-33.690064
1189	-73.000000	43.000000	0.000000	500.000000	-33.690064
1190	-73.000000	43.000000	0.000000	500.000000	-33.690064
1191	-73.000000	43.000000	0.000000	500.000000	-33.690064
1192	-73.000000	43.000000	0.000000	500.000000	-33.690064
1193	-73.000000	43.000000	0.000000	500.000000	-33.690064
1194	-73.000000	43.000000	0.000000	500.000000	-33.690064
1195	-73.000000	43.000000	0.000000	500.000000	-33.690064
1196	-73.000000	43.000000	0.000000	500.000000	-33.690064
1197	-73.000000	43.000000	0.000000	500.000000	-33.690064
1198	-73.000000	43.000000	0.000000	500.000000	-33.690064
1199	-73.000000	43.000000	0.000000	500.000000	-33.690064
1200	-73.000000	43.000000	0.000000	500.000000	-33.690064
1201	-73.000000	43.000000	0.000000	500.000000	-33.690064
1202	-73.000000	43.000000	0.000000	500.000000	-33.690064
1203	-73.000000	43.000000	0.000000	500.000000	-33.690064
1204	-73.000000	43.000000	0.000000	500.000000	-33.690064
1205	-73.000000	43.000000	0.000000	500.000000	-33.690064
1206	-73.000000	43.000000	0.000000	500.000000	-33.690064
1207	-73.000000	43.000000	0.000000	500.000000	-33.690064
1208	-73.000000	43.000000	0.000000	500.000000	-33.690064
1209	-73.000000	43.000000	0.000000	500.000000	-33.690064
1210	-73.000000	43.000000	0.000000	500.000000	-33.690064
1211	-73.000000	43.000000	0.000000	500.000000	-33.690064
1212	-73.000000	43.000000	0.000000	500.000000	-33.690064
1213	-73.000000	43.000000	0.000000	500.000000	-33.690064
1214	-73.000000	43.000000	0.000000	500.000000	-33.690064
1215	-73.000000	43.000000	0.000000	500.000000	-33.690064
1216	-73.000000	43.000000	0.000000	500.000000	-33.690064
1217	-73.000000	43.000000	0.000000	500.000000	-33.690064
1218	-73.000000	43.000000	0.000000	500.000000	-33.690064
1219	-73.000000	43.000000	0.000000	500.000000	-33.690064
1220	-73.000000	43.000000	0.000000	500.000000	-33.690064
1221	-73.000000	43.000000	0.000000	500.000000	-33.690064
1222	-73.000000	43.000000	0.000000	500.000000	-33.690064
1223	-73.000000	43.000000	0.000000	500.000000	-33.690064
1224	-73.000000	43.000000	0.000000	500.000000	-33.690064
1225	-73.000000	43.000000	0.000000	500.000000	-33.690064
1226	-73.000000	43.000000	0.000000	500.000000	-33.690064
1227	-73.000000	43.000000	0.000000	500.000000	-33.690064
1228	-73.000000	43.000000	0.000000	500.000000	-33.690064
1229	-73.000000	43.000000	0.000000	500.000000	-33.690064
1230	-73.000000	43.000000	0.000000	500.000000	-33.690064
1231	-73.000000	43.000000	0.000000	500.000000	-33.690064
1232	-73.000000	43.000000	0.000000	500.000000	-33.690064
1233	-73.000000	43.000000	0.000000	500.000000	-33.690064
1234	-73.000000	43.000000	0.000000	500.000000	-33.690064
1235	-73.000000	43.000000	0.000000	500.000000	-33.690064
1236	-73.000000	43.000000	0.000000	500.000000	-33.690064
1237	-73.000000	43.000000	0.000000	500.000000	-33.690064
1238	-73.000000	43.000000	0.000000	500.000000	-33.690064
1239	-73.000000	43.000000	0.000000	500.000000	-33.690064
1240	-73.000000	43.000000	0.000000	500.000000	-33.690064
1241	-73.000000	43.000000	0.000000	500.000000	-33.690064
1242	-73.000000	43.000000	0.000000	500.000000	-33.690064
1243	-73.000000	43.000000	0.000000	500.000000	-33.690064
1244	-73.000000	43.000000	0.000000	500.000000	-33.690064
1245	-73.000000	43.000000	0.000000	500.000000	-33.690064
1246	-73.000000	43.000000	0.000000	500.000000	-33.690064
1247	-73.000000	43.000000	0.000000	500.000000	-33.690064
1248	-73.000000	43.000000	0.000000	500.000000	-33.690064
1249	-73.000000	43.000000	0.000000	500.000000	-33.690064
1250	-73.000000	43.000000	0.000000	500.000000	-33.690064
1251	-73.000000	43.000000	0.000000	500.000000	-33.690064
1252	-73.000000	43.000000	0.000000	500.000000	-33.690064
1253	-73.000000	43.000000	0.000000	500.000000	-33.690064
1254	-73.000000	43.000000	0.000000	500.000000	-33.690064
1255	-73.000000	43.000000	0.000000	500.000000	-33.690064
1256	-73.000000	43.000000	0.000000	500.000000	-33.690064
1257	-73.000000	43.000000	0.000000	500.000000	-33.690064
1258	-73.000000	43.000000	0.000000	500.000000	-33.690064
1259	-73.000000	43.000000	0.000000	500.000000	-33.690064
1260	-73.000000	43.000000	0.000000	500.000000	-33.690064
1261	-73.000000	43.000000	0.000000	500.000000	-33.690064
1262	-73.000000	43.000000	0.000000	500.000000	-33.690064
1263	-73.000000	43.000000	0.000000	500.000000	-33.690064
1264	-73.000000	43.000000	0.000000	500.000000	-33.690064
1265	-73.000000	43.000000	0.000000	500.000000	-33.690064
1266	-73.000000	43.000000	0.000000	500.000000	-33.690064
1267	-73.000000	43.000000	0.000000	500.000000	-33.690064
1268	-73.000000	43.000000	0.000000	500.000000	-33.690064
1269	-73.000000	43.000000	0.000000	500.000000	-33.690064
1270	-73.000000	43.000000	0.000000	500.000000	-33.690064
