#	Proyecto: Control de un Quadrotor por VA
#	Datos para la gráfica en GNUplot.

#	Error X	    	Error Y	 	Altura		Alt. Ref	Yaw
0	0.000000	0.000000	0.000000	500.000000	0.000000
1	0.000000	0.000000	0.000000	500.000000	0.000000
2	0.000000	0.000000	0.000000	500.000000	0.000000
3	0.000000	0.000000	0.000000	500.000000	0.000000
4	0.000000	0.000000	0.000000	500.000000	0.000000
5	0.000000	0.000000	0.000000	500.000000	0.000000
6	0.000000	0.000000	0.000000	500.000000	0.000000
7	0.000000	0.000000	0.000000	500.000000	0.000000
8	0.000000	0.000000	0.000000	500.000000	0.000000
9	0.000000	0.000000	0.000000	500.000000	0.000000
10	0.000000	0.000000	0.000000	500.000000	0.000000
11	0.000000	0.000000	0.000000	500.000000	0.000000
12	0.000000	0.000000	0.000000	500.000000	0.000000
13	0.000000	0.000000	0.000000	500.000000	0.000000
14	0.000000	0.000000	0.000000	500.000000	0.000000
15	0.000000	0.000000	0.000000	500.000000	0.000000
16	0.000000	0.000000	0.000000	500.000000	0.000000
17	0.000000	0.000000	0.000000	500.000000	0.000000
18	0.000000	0.000000	0.000000	500.000000	0.000000
19	0.000000	0.000000	0.000000	500.000000	0.000000
20	0.000000	0.000000	0.000000	500.000000	0.000000
21	0.000000	0.000000	0.000000	500.000000	0.000000
22	0.000000	0.000000	0.000000	500.000000	0.000000
23	0.000000	0.000000	0.000000	500.000000	0.000000
24	0.000000	0.000000	0.000000	500.000000	0.000000
25	0.000000	0.000000	0.000000	500.000000	0.000000
26	0.000000	0.000000	0.000000	500.000000	0.000000
27	0.000000	0.000000	0.000000	500.000000	0.000000
28	0.000000	0.000000	0.000000	500.000000	0.000000
29	0.000000	0.000000	0.000000	500.000000	0.000000
30	0.000000	0.000000	0.000000	500.000000	0.000000
31	0.000000	0.000000	0.000000	500.000000	0.000000
32	0.000000	0.000000	0.000000	500.000000	0.000000
33	0.000000	0.000000	0.000000	500.000000	0.000000
34	0.000000	0.000000	0.000000	500.000000	0.000000
35	0.000000	0.000000	0.000000	500.000000	0.000000
36	0.000000	0.000000	0.000000	500.000000	0.000000
37	0.000000	0.000000	0.000000	500.000000	0.000000
38	0.000000	0.000000	0.000000	500.000000	0.000000
39	0.000000	0.000000	0.000000	500.000000	0.000000
40	0.000000	0.000000	0.000000	500.000000	0.000000
41	0.000000	0.000000	0.000000	500.000000	0.000000
42	0.000000	0.000000	0.000000	500.000000	0.000000
43	0.000000	0.000000	0.000000	500.000000	0.000000
44	0.000000	0.000000	0.000000	500.000000	0.000000
45	0.000000	0.000000	0.000000	500.000000	0.000000
46	0.000000	0.000000	0.000000	500.000000	0.000000
47	0.000000	0.000000	0.000000	500.000000	0.000000
48	0.000000	0.000000	0.000000	500.000000	0.000000
49	0.000000	0.000000	0.000000	500.000000	0.000000
50	0.000000	0.000000	0.000000	500.000000	0.000000
51	0.000000	0.000000	219.000000	500.000000	0.000000
52	0.000000	0.000000	219.000000	500.000000	0.000000
53	0.000000	0.000000	219.000000	500.000000	0.000000
54	0.000000	0.000000	219.000000	500.000000	0.000000
55	0.000000	0.000000	219.000000	500.000000	0.000000
56	0.000000	0.000000	219.000000	500.000000	0.000000
57	0.000000	0.000000	219.000000	500.000000	0.000000
58	0.000000	0.000000	219.000000	500.000000	0.000000
59	0.000000	0.000000	219.000000	500.000000	0.000000
60	0.000000	0.000000	219.000000	500.000000	0.000000
61	0.000000	0.000000	219.000000	500.000000	0.000000
62	0.000000	0.000000	219.000000	500.000000	0.000000
63	0.000000	0.000000	219.000000	500.000000	0.000000
64	0.000000	0.000000	219.000000	500.000000	0.000000
65	0.000000	0.000000	219.000000	500.000000	0.000000
66	0.000000	0.000000	219.000000	500.000000	0.000000
67	0.000000	0.000000	219.000000	500.000000	0.000000
68	0.000000	0.000000	219.000000	500.000000	0.000000
69	0.000000	0.000000	219.000000	500.000000	0.000000
70	0.000000	0.000000	219.000000	500.000000	0.000000
71	0.000000	0.000000	219.000000	500.000000	0.000000
72	0.000000	0.000000	219.000000	500.000000	0.000000
73	0.000000	0.000000	219.000000	500.000000	0.000000
74	0.000000	0.000000	219.000000	500.000000	0.000000
75	0.000000	0.000000	219.000000	500.000000	0.000000
76	0.000000	0.000000	219.000000	500.000000	0.000000
77	0.000000	0.000000	219.000000	500.000000	0.000000
78	0.000000	0.000000	219.000000	500.000000	0.000000
79	0.000000	0.000000	219.000000	500.000000	0.000000
80	0.000000	0.000000	219.000000	500.000000	0.000000
81	0.000000	0.000000	219.000000	500.000000	0.000000
82	0.000000	0.000000	219.000000	500.000000	0.000000
83	0.000000	0.000000	219.000000	500.000000	0.000000
84	0.000000	0.000000	219.000000	500.000000	0.000000
85	0.000000	0.000000	219.000000	500.000000	0.000000
86	0.000000	0.000000	219.000000	500.000000	0.000000
87	0.000000	0.000000	219.000000	500.000000	0.000000
88	0.000000	0.000000	219.000000	500.000000	0.000000
89	0.000000	0.000000	219.000000	500.000000	0.000000
90	0.000000	0.000000	219.000000	500.000000	0.000000
91	0.000000	0.000000	219.000000	500.000000	0.000000
92	0.000000	0.000000	219.000000	500.000000	0.000000
93	0.000000	0.000000	219.000000	500.000000	0.000000
94	0.000000	0.000000	219.000000	500.000000	0.000000
95	0.000000	0.000000	219.000000	500.000000	0.000000
96	0.000000	0.000000	219.000000	500.000000	0.000000
97	0.000000	0.000000	219.000000	500.000000	0.000000
98	0.000000	0.000000	219.000000	500.000000	0.000000
99	0.000000	0.000000	219.000000	500.000000	0.000000
100	0.000000	0.000000	219.000000	500.000000	0.000000
101	0.000000	0.000000	219.000000	500.000000	0.000000
102	0.000000	0.000000	219.000000	500.000000	0.000000
103	0.000000	0.000000	219.000000	500.000000	0.000000
104	0.000000	0.000000	219.000000	500.000000	0.000000
105	0.000000	0.000000	219.000000	500.000000	0.000000
106	0.000000	0.000000	219.000000	500.000000	0.000000
107	0.000000	0.000000	219.000000	500.000000	0.000000
108	0.000000	0.000000	219.000000	500.000000	0.000000
109	0.000000	0.000000	219.000000	500.000000	0.000000
110	0.000000	0.000000	219.000000	500.000000	0.000000
111	0.000000	0.000000	219.000000	500.000000	0.000000
112	0.000000	0.000000	219.000000	500.000000	0.000000
113	0.000000	0.000000	219.000000	500.000000	0.000000
114	0.000000	0.000000	219.000000	500.000000	0.000000
115	0.000000	0.000000	219.000000	500.000000	0.000000
116	0.000000	0.000000	219.000000	500.000000	0.000000
117	0.000000	0.000000	219.000000	500.000000	0.000000
118	0.000000	0.000000	219.000000	500.000000	0.000000
119	0.000000	0.000000	219.000000	500.000000	0.000000
120	0.000000	0.000000	219.000000	500.000000	0.000000
121	0.000000	0.000000	219.000000	500.000000	0.000000
122	0.000000	0.000000	219.000000	500.000000	0.000000
123	0.000000	0.000000	219.000000	500.000000	0.000000
124	0.000000	0.000000	219.000000	500.000000	0.000000
125	0.000000	0.000000	219.000000	500.000000	0.000000
126	0.000000	0.000000	219.000000	500.000000	0.000000
127	0.000000	0.000000	219.000000	500.000000	0.000000
128	0.000000	0.000000	219.000000	500.000000	0.000000
129	0.000000	0.000000	219.000000	500.000000	0.000000
130	0.000000	0.000000	219.000000	500.000000	0.000000
131	0.000000	0.000000	219.000000	500.000000	0.000000
132	0.000000	0.000000	219.000000	500.000000	0.000000
133	0.000000	0.000000	219.000000	500.000000	0.000000
134	0.000000	0.000000	219.000000	500.000000	0.000000
135	0.000000	0.000000	219.000000	500.000000	0.000000
136	0.000000	0.000000	219.000000	500.000000	0.000000
137	0.000000	0.000000	219.000000	500.000000	0.000000
138	0.000000	0.000000	219.000000	500.000000	0.000000
139	0.000000	0.000000	219.000000	500.000000	0.000000
140	0.000000	0.000000	219.000000	500.000000	0.000000
141	0.000000	0.000000	219.000000	500.000000	0.000000
142	0.000000	0.000000	219.000000	500.000000	0.000000
143	0.000000	0.000000	219.000000	500.000000	0.000000
144	0.000000	0.000000	219.000000	500.000000	0.000000
145	0.000000	0.000000	219.000000	500.000000	0.000000
146	0.000000	0.000000	219.000000	500.000000	0.000000
147	0.000000	0.000000	219.000000	500.000000	0.000000
148	0.000000	0.000000	219.000000	500.000000	0.000000
149	0.000000	0.000000	220.000000	500.000000	0.000000
150	0.000000	0.000000	220.000000	500.000000	0.000000
151	0.000000	0.000000	220.000000	500.000000	0.000000
152	0.000000	0.000000	220.000000	500.000000	0.000000
153	0.000000	0.000000	220.000000	500.000000	0.000000
154	0.000000	0.000000	220.000000	500.000000	0.000000
155	0.000000	0.000000	219.000000	500.000000	0.000000
156	0.000000	0.000000	219.000000	500.000000	0.000000
157	0.000000	0.000000	219.000000	500.000000	0.000000
158	0.000000	0.000000	219.000000	500.000000	0.000000
159	0.000000	0.000000	219.000000	500.000000	0.000000
160	0.000000	0.000000	219.000000	500.000000	0.000000
161	0.000000	0.000000	219.000000	500.000000	0.000000
162	0.000000	0.000000	219.000000	500.000000	0.000000
163	0.000000	0.000000	219.000000	500.000000	0.000000
164	0.000000	0.000000	219.000000	500.000000	0.000000
165	0.000000	0.000000	219.000000	500.000000	0.000000
166	0.000000	0.000000	219.000000	500.000000	0.000000
167	0.000000	0.000000	219.000000	500.000000	0.000000
168	0.000000	0.000000	219.000000	500.000000	0.000000
169	0.000000	0.000000	219.000000	500.000000	0.000000
170	0.000000	0.000000	219.000000	500.000000	0.000000
171	0.000000	0.000000	219.000000	500.000000	0.000000
172	0.000000	0.000000	219.000000	500.000000	0.000000
173	0.000000	0.000000	219.000000	500.000000	0.000000
174	0.000000	0.000000	219.000000	500.000000	0.000000
175	0.000000	0.000000	219.000000	500.000000	0.000000
176	0.000000	0.000000	219.000000	500.000000	0.000000
177	0.000000	0.000000	219.000000	500.000000	0.000000
178	0.000000	0.000000	219.000000	500.000000	0.000000
179	0.000000	0.000000	219.000000	500.000000	0.000000
180	0.000000	0.000000	219.000000	500.000000	0.000000
181	0.000000	0.000000	219.000000	500.000000	0.000000
182	0.000000	0.000000	219.000000	500.000000	0.000000
183	0.000000	0.000000	219.000000	500.000000	0.000000
184	0.000000	0.000000	219.000000	500.000000	0.000000
185	0.000000	0.000000	219.000000	500.000000	0.000000
186	0.000000	0.000000	219.000000	500.000000	0.000000
187	0.000000	0.000000	219.000000	500.000000	0.000000
188	0.000000	0.000000	219.000000	500.000000	0.000000
189	0.000000	0.000000	219.000000	500.000000	0.000000
190	0.000000	0.000000	219.000000	500.000000	0.000000
191	0.000000	0.000000	219.000000	500.000000	0.000000
192	0.000000	0.000000	219.000000	500.000000	0.000000
193	0.000000	0.000000	219.000000	500.000000	0.000000
194	0.000000	0.000000	219.000000	500.000000	0.000000
195	0.000000	0.000000	219.000000	500.000000	0.000000
196	0.000000	0.000000	219.000000	500.000000	0.000000
197	0.000000	0.000000	219.000000	500.000000	0.000000
198	0.000000	0.000000	219.000000	500.000000	0.000000
199	0.000000	0.000000	219.000000	500.000000	0.000000
200	0.000000	0.000000	219.000000	500.000000	0.000000
201	0.000000	0.000000	219.000000	500.000000	0.000000
202	0.000000	0.000000	219.000000	500.000000	0.000000
203	0.000000	0.000000	219.000000	500.000000	0.000000
204	0.000000	0.000000	219.000000	500.000000	0.000000
205	0.000000	0.000000	219.000000	500.000000	0.000000
206	0.000000	0.000000	219.000000	500.000000	0.000000
207	0.000000	0.000000	219.000000	500.000000	0.000000
208	0.000000	0.000000	219.000000	500.000000	0.000000
209	0.000000	0.000000	219.000000	500.000000	0.000000
210	0.000000	0.000000	219.000000	500.000000	0.000000
211	0.000000	0.000000	219.000000	500.000000	0.000000
212	0.000000	0.000000	219.000000	500.000000	0.000000
213	0.000000	0.000000	219.000000	500.000000	0.000000
214	0.000000	0.000000	219.000000	500.000000	0.000000
215	0.000000	0.000000	219.000000	500.000000	0.000000
216	0.000000	0.000000	221.000000	500.000000	0.000000
217	0.000000	0.000000	221.000000	500.000000	0.000000
218	0.000000	0.000000	221.000000	500.000000	0.000000
219	0.000000	0.000000	219.000000	500.000000	0.000000
220	0.000000	0.000000	219.000000	500.000000	0.000000
221	0.000000	0.000000	219.000000	500.000000	0.000000
222	0.000000	0.000000	219.000000	500.000000	0.000000
223	0.000000	0.000000	219.000000	500.000000	0.000000
224	0.000000	0.000000	219.000000	500.000000	0.000000
225	0.000000	0.000000	219.000000	500.000000	0.000000
226	0.000000	0.000000	219.000000	500.000000	0.000000
227	0.000000	0.000000	219.000000	500.000000	0.000000
228	0.000000	0.000000	219.000000	500.000000	0.000000
229	0.000000	0.000000	219.000000	500.000000	0.000000
230	0.000000	0.000000	219.000000	500.000000	0.000000
231	0.000000	0.000000	219.000000	500.000000	0.000000
232	0.000000	0.000000	220.000000	500.000000	0.000000
233	0.000000	0.000000	220.000000	500.000000	0.000000
234	0.000000	0.000000	220.000000	500.000000	0.000000
235	0.000000	0.000000	218.000000	500.000000	0.000000
236	0.000000	0.000000	218.000000	500.000000	0.000000
237	0.000000	0.000000	218.000000	500.000000	0.000000
238	0.000000	0.000000	219.000000	500.000000	0.000000
239	0.000000	0.000000	219.000000	500.000000	0.000000
240	0.000000	0.000000	219.000000	500.000000	0.000000
241	0.000000	0.000000	219.000000	500.000000	0.000000
242	0.000000	0.000000	219.000000	500.000000	0.000000
243	0.000000	0.000000	219.000000	500.000000	0.000000
244	0.000000	0.000000	218.000000	500.000000	0.000000
245	0.000000	0.000000	218.000000	500.000000	0.000000
246	0.000000	0.000000	218.000000	500.000000	0.000000
247	0.000000	0.000000	218.000000	500.000000	0.000000
248	0.000000	0.000000	218.000000	500.000000	0.000000
249	0.000000	0.000000	218.000000	500.000000	0.000000
250	0.000000	0.000000	218.000000	500.000000	0.000000
251	0.000000	0.000000	218.000000	500.000000	0.000000
252	0.000000	0.000000	218.000000	500.000000	0.000000
253	0.000000	0.000000	218.000000	500.000000	0.000000
254	0.000000	0.000000	218.000000	500.000000	0.000000
255	0.000000	0.000000	219.000000	500.000000	0.000000
256	0.000000	0.000000	220.000000	500.000000	0.000000
257	0.000000	0.000000	220.000000	500.000000	0.000000
258	0.000000	0.000000	220.000000	500.000000	0.000000
259	0.000000	0.000000	220.000000	500.000000	0.000000
260	0.000000	0.000000	255.000000	500.000000	0.000000
261	0.000000	0.000000	255.000000	500.000000	0.000000
262	0.000000	0.000000	258.000000	500.000000	0.000000
263	0.000000	0.000000	258.000000	500.000000	0.000000
264	0.000000	0.000000	258.000000	500.000000	0.000000
265	0.000000	0.000000	220.000000	500.000000	0.000000
266	0.000000	0.000000	219.000000	500.000000	0.000000
267	0.000000	0.000000	219.000000	500.000000	0.000000
268	0.000000	0.000000	220.000000	500.000000	0.000000
269	0.000000	0.000000	220.000000	500.000000	0.000000
270	0.000000	0.000000	220.000000	500.000000	0.000000
271	0.000000	0.000000	220.000000	500.000000	0.000000
272	0.000000	0.000000	220.000000	500.000000	0.000000
273	0.000000	0.000000	220.000000	500.000000	0.000000
274	0.000000	0.000000	220.000000	500.000000	0.000000
275	0.000000	0.000000	220.000000	500.000000	0.000000
276	0.000000	0.000000	220.000000	500.000000	0.000000
277	0.000000	0.000000	220.000000	500.000000	0.000000
278	0.000000	0.000000	265.000000	500.000000	0.000000
279	0.000000	0.000000	265.000000	500.000000	0.000000
280	0.000000	0.000000	218.000000	500.000000	0.000000
281	0.000000	0.000000	218.000000	500.000000	0.000000
282	0.000000	0.000000	218.000000	500.000000	0.000000
283	0.000000	0.000000	218.000000	500.000000	0.000000
284	0.000000	0.000000	218.000000	500.000000	0.000000
285	0.000000	0.000000	218.000000	500.000000	0.000000
286	0.000000	0.000000	215.000000	500.000000	0.000000
287	0.000000	0.000000	215.000000	500.000000	0.000000
288	0.000000	0.000000	216.000000	500.000000	0.000000
289	0.000000	0.000000	216.000000	500.000000	0.000000
290	0.000000	0.000000	215.000000	500.000000	0.000000
291	0.000000	0.000000	215.000000	500.000000	0.000000
292	0.000000	0.000000	215.000000	500.000000	0.000000
293	0.000000	0.000000	215.000000	500.000000	0.000000
294	0.000000	0.000000	216.000000	500.000000	0.000000
295	0.000000	0.000000	216.000000	500.000000	0.000000
296	0.000000	0.000000	217.000000	500.000000	0.000000
297	0.000000	0.000000	217.000000	500.000000	0.000000
298	0.000000	0.000000	224.000000	500.000000	0.000000
299	0.000000	0.000000	224.000000	500.000000	0.000000
300	0.000000	0.000000	216.000000	500.000000	0.000000
301	0.000000	0.000000	216.000000	500.000000	0.000000
302	0.000000	0.000000	216.000000	500.000000	0.000000
303	0.000000	0.000000	216.000000	500.000000	0.000000
304	0.000000	0.000000	217.000000	500.000000	0.000000
305	0.000000	0.000000	217.000000	500.000000	0.000000
306	0.000000	0.000000	231.000000	500.000000	0.000000
307	0.000000	0.000000	231.000000	500.000000	0.000000
308	0.000000	0.000000	240.000000	500.000000	0.000000
309	0.000000	0.000000	240.000000	500.000000	0.000000
310	0.000000	0.000000	220.000000	500.000000	0.000000
311	0.000000	0.000000	220.000000	500.000000	0.000000
312	0.000000	0.000000	223.000000	500.000000	0.000000
313	0.000000	0.000000	223.000000	500.000000	0.000000
314	0.000000	0.000000	239.000000	500.000000	0.000000
315	0.000000	0.000000	239.000000	500.000000	0.000000
316	0.000000	0.000000	216.000000	500.000000	0.000000
317	0.000000	0.000000	216.000000	500.000000	0.000000
318	0.000000	0.000000	217.000000	500.000000	0.000000
319	0.000000	0.000000	217.000000	500.000000	0.000000
320	0.000000	0.000000	217.000000	500.000000	0.000000
321	0.000000	0.000000	217.000000	500.000000	0.000000
322	0.000000	0.000000	217.000000	500.000000	0.000000
323	0.000000	0.000000	217.000000	500.000000	0.000000
324	0.000000	0.000000	217.000000	500.000000	0.000000
325	0.000000	0.000000	217.000000	500.000000	0.000000
326	0.000000	0.000000	215.000000	500.000000	0.000000
327	0.000000	0.000000	215.000000	500.000000	0.000000
328	0.000000	0.000000	215.000000	500.000000	0.000000
329	0.000000	0.000000	215.000000	500.000000	0.000000
330	0.000000	0.000000	215.000000	500.000000	0.000000
331	0.000000	0.000000	215.000000	500.000000	0.000000
332	0.000000	0.000000	217.000000	500.000000	0.000000
333	0.000000	0.000000	217.000000	500.000000	0.000000
334	0.000000	0.000000	221.000000	500.000000	0.000000
335	0.000000	0.000000	221.000000	500.000000	0.000000
336	0.000000	0.000000	221.000000	500.000000	0.000000
337	0.000000	0.000000	221.000000	500.000000	0.000000
338	0.000000	0.000000	221.000000	500.000000	0.000000
339	0.000000	0.000000	221.000000	500.000000	0.000000
340	0.000000	0.000000	221.000000	500.000000	0.000000
341	0.000000	0.000000	221.000000	500.000000	0.000000
342	0.000000	0.000000	221.000000	500.000000	0.000000
343	0.000000	0.000000	221.000000	500.000000	0.000000
344	0.000000	0.000000	220.000000	500.000000	0.000000
345	0.000000	0.000000	220.000000	500.000000	0.000000
346	0.000000	0.000000	219.000000	500.000000	0.000000
347	0.000000	0.000000	219.000000	500.000000	0.000000
348	0.000000	0.000000	267.000000	500.000000	0.000000
349	0.000000	0.000000	267.000000	500.000000	0.000000
350	0.000000	0.000000	236.000000	500.000000	0.000000
351	0.000000	0.000000	236.000000	500.000000	0.000000
352	0.000000	0.000000	218.000000	500.000000	0.000000
353	0.000000	0.000000	218.000000	500.000000	0.000000
354	0.000000	0.000000	218.000000	500.000000	0.000000
355	0.000000	0.000000	218.000000	500.000000	0.000000
356	0.000000	0.000000	223.000000	500.000000	0.000000
357	0.000000	0.000000	223.000000	500.000000	0.000000
358	0.000000	0.000000	218.000000	500.000000	0.000000
359	0.000000	0.000000	218.000000	500.000000	0.000000
360	0.000000	0.000000	220.000000	500.000000	0.000000
361	0.000000	0.000000	220.000000	500.000000	0.000000
362	0.000000	0.000000	218.000000	500.000000	0.000000
363	0.000000	0.000000	218.000000	500.000000	0.000000
364	0.000000	0.000000	218.000000	500.000000	0.000000
365	0.000000	0.000000	218.000000	500.000000	0.000000
366	-1.000000	31.000000	218.000000	500.000000	90.000000
367	-1.000000	31.000000	218.000000	500.000000	90.000000
368	-1.000000	31.000000	217.000000	500.000000	90.000000
369	-1.000000	31.000000	217.000000	500.000000	90.000000
370	-1.000000	31.000000	221.000000	500.000000	90.000000
371	-1.000000	30.000000	221.000000	500.000000	90.000000
372	-1.000000	30.000000	225.000000	500.000000	90.000000
373	-1.000000	30.000000	225.000000	500.000000	90.000000
374	-1.000000	30.000000	235.000000	500.000000	90.000000
375	-1.000000	30.000000	235.000000	500.000000	90.000000
376	-1.000000	30.000000	246.000000	500.000000	90.000000
377	-1.000000	30.000000	246.000000	500.000000	90.000000
378	-1.000000	30.000000	273.000000	500.000000	90.000000
379	-1.000000	30.000000	273.000000	500.000000	90.000000
380	-1.000000	30.000000	304.000000	500.000000	90.000000
381	-40.000000	27.000000	304.000000	500.000000	90.000000
382	-40.000000	27.000000	335.000000	500.000000	90.000000
383	-40.000000	27.000000	335.000000	500.000000	90.000000
384	-40.000000	27.000000	391.000000	500.000000	90.000000
385	-48.000000	27.000000	391.000000	500.000000	0.000000
386	-48.000000	27.000000	419.000000	500.000000	0.000000
387	-51.000000	27.000000	419.000000	500.000000	0.000000
388	-51.000000	27.000000	484.000000	500.000000	0.000000
389	-51.000000	27.000000	484.000000	500.000000	0.000000
390	-53.000000	27.000000	507.000000	500.000000	0.000000
391	-53.000000	27.000000	507.000000	500.000000	0.000000
392	-53.000000	27.000000	558.000000	500.000000	0.000000
393	-53.000000	27.000000	558.000000	500.000000	0.000000
394	-53.000000	27.000000	582.000000	500.000000	0.000000
395	-55.000000	36.000000	582.000000	500.000000	6.519805
396	-55.000000	36.000000	615.000000	500.000000	6.519805
397	-55.000000	36.000000	615.000000	500.000000	6.519805
398	-53.000000	33.000000	650.000000	500.000000	4.763640
399	-53.000000	33.000000	650.000000	500.000000	4.763640
400	-51.000000	30.000000	655.000000	500.000000	4.573918
401	-51.000000	30.000000	655.000000	500.000000	4.573918
402	-51.000000	30.000000	669.000000	500.000000	4.573918
403	-51.000000	27.000000	669.000000	500.000000	4.398703
404	-51.000000	27.000000	669.000000	500.000000	4.398703
405	-51.000000	27.000000	669.000000	500.000000	4.398703
406	-52.000000	25.000000	677.000000	500.000000	5.194434
407	-52.000000	25.000000	677.000000	500.000000	5.194434
408	-52.000000	25.000000	690.000000	500.000000	5.194434
409	-55.000000	24.000000	690.000000	500.000000	0.000000
410	-55.000000	24.000000	676.000000	500.000000	0.000000
411	-57.000000	22.000000	676.000000	500.000000	4.763640
412	-57.000000	22.000000	639.000000	500.000000	4.763640
413	-57.000000	22.000000	639.000000	500.000000	4.763640
414	-60.000000	19.000000	629.000000	500.000000	4.085614
415	-60.000000	19.000000	629.000000	500.000000	4.085614
416	-64.000000	15.000000	601.000000	500.000000	3.270493
417	-64.000000	15.000000	601.000000	500.000000	3.270493
418	-64.000000	15.000000	574.000000	500.000000	3.270493
419	-64.000000	15.000000	574.000000	500.000000	3.270493
420	-64.000000	15.000000	568.000000	500.000000	3.270493
421	-64.000000	15.000000	568.000000	500.000000	3.270493
422	-64.000000	15.000000	519.000000	500.000000	3.270493
423	-64.000000	15.000000	519.000000	500.000000	3.270493
424	-64.000000	15.000000	496.000000	500.000000	3.270493
425	-64.000000	15.000000	496.000000	500.000000	3.270493
426	-64.000000	15.000000	458.000000	500.000000	3.270493
427	-64.000000	15.000000	458.000000	500.000000	3.270493
428	-64.000000	15.000000	420.000000	500.000000	3.270493
429	-64.000000	15.000000	420.000000	500.000000	3.270493
430	-64.000000	15.000000	376.000000	500.000000	3.270493
431	-64.000000	15.000000	376.000000	500.000000	3.270493
432	-64.000000	15.000000	329.000000	500.000000	3.270493
433	-64.000000	15.000000	329.000000	500.000000	3.270493
434	-64.000000	15.000000	296.000000	500.000000	3.270493
435	-64.000000	15.000000	296.000000	500.000000	3.270493
436	-64.000000	15.000000	260.000000	500.000000	3.270493
437	-64.000000	15.000000	260.000000	500.000000	3.270493
438	-64.000000	15.000000	234.000000	500.000000	3.270493
439	-64.000000	15.000000	234.000000	500.000000	3.270493
440	-64.000000	15.000000	223.000000	500.000000	3.270493
441	-64.000000	15.000000	223.000000	500.000000	3.270493
442	-64.000000	15.000000	315.000000	500.000000	3.270493
443	-64.000000	15.000000	315.000000	500.000000	3.270493
444	-64.000000	15.000000	219.000000	500.000000	3.270493
445	-64.000000	15.000000	219.000000	500.000000	3.270493
446	-64.000000	15.000000	221.000000	500.000000	3.270493
447	-64.000000	15.000000	221.000000	500.000000	3.270493
448	-64.000000	15.000000	235.000000	500.000000	3.270493
449	-64.000000	15.000000	235.000000	500.000000	3.270493
450	-64.000000	15.000000	235.000000	500.000000	3.270493
451	-64.000000	15.000000	235.000000	500.000000	3.270493
452	-64.000000	15.000000	235.000000	500.000000	3.270493
453	-64.000000	15.000000	235.000000	500.000000	3.270493
454	-64.000000	15.000000	235.000000	500.000000	3.270493
455	-64.000000	15.000000	235.000000	500.000000	3.270493
456	-64.000000	15.000000	246.000000	500.000000	3.270493
457	-64.000000	15.000000	246.000000	500.000000	3.270493
458	-64.000000	15.000000	230.000000	500.000000	3.270493
459	-64.000000	15.000000	230.000000	500.000000	3.270493
460	-64.000000	15.000000	231.000000	500.000000	3.270493
461	-64.000000	15.000000	231.000000	500.000000	3.270493
462	-64.000000	15.000000	230.000000	500.000000	3.270493
463	-64.000000	15.000000	230.000000	500.000000	3.270493
464	-64.000000	15.000000	230.000000	500.000000	3.270493
465	-64.000000	15.000000	230.000000	500.000000	3.270493
466	-64.000000	15.000000	231.000000	500.000000	3.270493
467	-64.000000	15.000000	231.000000	500.000000	3.270493
468	-64.000000	15.000000	230.000000	500.000000	3.270493
469	-64.000000	15.000000	230.000000	500.000000	3.270493
470	-64.000000	15.000000	231.000000	500.000000	3.270493
471	-64.000000	15.000000	231.000000	500.000000	3.270493
472	-64.000000	15.000000	231.000000	500.000000	3.270493
473	-64.000000	15.000000	231.000000	500.000000	3.270493
474	-1.000000	-1.000000	233.000000	500.000000	90.000000
475	-1.000000	-1.000000	233.000000	500.000000	90.000000
476	-1.000000	-1.000000	234.000000	500.000000	90.000000
477	-1.000000	-1.000000	234.000000	500.000000	90.000000
478	-1.000000	-1.000000	238.000000	500.000000	90.000000
479	-1.000000	-1.000000	238.000000	500.000000	90.000000
480	-1.000000	-1.000000	243.000000	500.000000	90.000000
481	-1.000000	-1.000000	243.000000	500.000000	90.000000
482	-1.000000	-1.000000	249.000000	500.000000	90.000000
483	0.000000	-1.000000	249.000000	500.000000	90.000000
484	0.000000	-1.000000	257.000000	500.000000	90.000000
485	0.000000	-1.000000	257.000000	500.000000	90.000000
486	0.000000	-1.000000	269.000000	500.000000	90.000000
487	-3.000000	-1.000000	269.000000	500.000000	90.000000
488	-3.000000	-1.000000	283.000000	500.000000	90.000000
489	-3.000000	-1.000000	283.000000	500.000000	90.000000
490	-3.000000	-1.000000	301.000000	500.000000	90.000000
491	-3.000000	-1.000000	301.000000	500.000000	90.000000
492	-5.000000	-8.000000	326.000000	500.000000	2.290613
493	-5.000000	-8.000000	326.000000	500.000000	2.290613
494	-9.000000	-7.000000	350.000000	500.000000	0.000000
495	-9.000000	-7.000000	350.000000	500.000000	0.000000
496	-9.000000	-7.000000	377.000000	500.000000	0.000000
497	-9.000000	-7.000000	377.000000	500.000000	0.000000
498	-12.000000	-11.000000	405.000000	500.000000	0.000000
499	-12.000000	-11.000000	405.000000	500.000000	0.000000
500	-14.000000	-16.000000	432.000000	500.000000	0.000000
501	-14.000000	-16.000000	432.000000	500.000000	0.000000
502	-14.000000	-16.000000	460.000000	500.000000	0.000000
503	-15.000000	-21.000000	460.000000	500.000000	0.000000
504	-15.000000	-21.000000	487.000000	500.000000	0.000000
505	-16.000000	-27.000000	487.000000	500.000000	0.000000
506	-16.000000	-27.000000	516.000000	500.000000	0.000000
507	-16.000000	-27.000000	516.000000	500.000000	0.000000
508	-15.000000	-35.000000	547.000000	500.000000	1.735701
509	-15.000000	-35.000000	547.000000	500.000000	1.735701
510	-15.000000	-35.000000	573.000000	500.000000	1.735701
511	-14.000000	-38.000000	573.000000	500.000000	1.684687
512	-14.000000	-38.000000	600.000000	500.000000	1.684687
513	-13.000000	-41.000000	600.000000	500.000000	0.000000
514	-13.000000	-41.000000	619.000000	500.000000	0.000000
515	-13.000000	-41.000000	619.000000	500.000000	0.000000
516	-11.000000	-45.000000	637.000000	500.000000	1.735701
517	-11.000000	-45.000000	637.000000	500.000000	1.735701
518	-11.000000	-45.000000	652.000000	500.000000	1.735701
519	-11.000000	-40.000000	652.000000	500.000000	0.000000
520	-11.000000	-40.000000	657.000000	500.000000	0.000000
521	-9.000000	-41.000000	657.000000	500.000000	90.000000
522	-9.000000	-41.000000	654.000000	500.000000	90.000000
523	-9.000000	-41.000000	654.000000	500.000000	90.000000
524	-10.000000	-43.000000	642.000000	500.000000	90.000000
525	-10.000000	-43.000000	642.000000	500.000000	90.000000
526	-9.000000	-45.000000	629.000000	500.000000	90.000000
527	-9.000000	-45.000000	629.000000	500.000000	90.000000
528	-9.000000	-45.000000	618.000000	500.000000	90.000000
529	-9.000000	-45.000000	618.000000	500.000000	90.000000
530	-9.000000	-45.000000	587.000000	500.000000	90.000000
531	-9.000000	-45.000000	587.000000	500.000000	90.000000
532	-9.000000	-45.000000	549.000000	500.000000	90.000000
533	-9.000000	-45.000000	549.000000	500.000000	90.000000
534	-9.000000	-45.000000	509.000000	500.000000	90.000000
535	-9.000000	-45.000000	509.000000	500.000000	90.000000
536	-9.000000	-45.000000	474.000000	500.000000	90.000000
537	-9.000000	-45.000000	474.000000	500.000000	90.000000
538	-9.000000	-45.000000	424.000000	500.000000	90.000000
539	-9.000000	-45.000000	424.000000	500.000000	90.000000
540	-9.000000	-45.000000	377.000000	500.000000	90.000000
541	-9.000000	-45.000000	377.000000	500.000000	90.000000
542	-9.000000	-45.000000	317.000000	500.000000	90.000000
543	-9.000000	-45.000000	317.000000	500.000000	90.000000
544	-9.000000	-45.000000	273.000000	500.000000	90.000000
545	-9.000000	-45.000000	273.000000	500.000000	90.000000
546	-9.000000	-45.000000	248.000000	500.000000	90.000000
547	-9.000000	-45.000000	248.000000	500.000000	90.000000
548	-9.000000	-45.000000	237.000000	500.000000	90.000000
549	-9.000000	-45.000000	237.000000	500.000000	90.000000
550	-9.000000	-45.000000	237.000000	500.000000	90.000000
551	-9.000000	-45.000000	237.000000	500.000000	90.000000
552	-9.000000	-45.000000	237.000000	500.000000	90.000000
553	-9.000000	-45.000000	237.000000	500.000000	90.000000
554	-9.000000	-45.000000	237.000000	500.000000	90.000000
555	-9.000000	-45.000000	237.000000	500.000000	90.000000
556	-9.000000	-45.000000	237.000000	500.000000	90.000000
557	-9.000000	-45.000000	237.000000	500.000000	90.000000
558	-9.000000	-45.000000	237.000000	500.000000	90.000000
559	-9.000000	-45.000000	237.000000	500.000000	90.000000
560	-9.000000	-45.000000	237.000000	500.000000	90.000000
561	-9.000000	-45.000000	237.000000	500.000000	90.000000
562	-9.000000	-45.000000	237.000000	500.000000	90.000000
563	-9.000000	-45.000000	237.000000	500.000000	90.000000
564	-9.000000	-45.000000	238.000000	500.000000	90.000000
565	-9.000000	-45.000000	238.000000	500.000000	90.000000
566	-9.000000	-45.000000	238.000000	500.000000	90.000000
567	-9.000000	-45.000000	238.000000	500.000000	90.000000
568	-9.000000	-45.000000	243.000000	500.000000	90.000000
569	-9.000000	-45.000000	243.000000	500.000000	90.000000
570	8.000000	-22.000000	255.000000	500.000000	90.000000
571	8.000000	-22.000000	255.000000	500.000000	90.000000
572	15.000000	-23.000000	272.000000	500.000000	90.000000
573	15.000000	-23.000000	272.000000	500.000000	90.000000
574	15.000000	-23.000000	294.000000	500.000000	90.000000
575	15.000000	-23.000000	294.000000	500.000000	90.000000
576	15.000000	-23.000000	326.000000	500.000000	90.000000
577	25.000000	-27.000000	326.000000	500.000000	88.712671
578	25.000000	-27.000000	364.000000	500.000000	88.712671
579	26.000000	-30.000000	364.000000	500.000000	88.781125
580	26.000000	-30.000000	403.000000	500.000000	88.781125
581	26.000000	-30.000000	403.000000	500.000000	88.781125
582	26.000000	-30.000000	445.000000	500.000000	88.781125
583	26.000000	-32.000000	445.000000	500.000000	90.000000
584	26.000000	-32.000000	488.000000	500.000000	90.000000
585	26.000000	-33.000000	488.000000	500.000000	90.000000
586	26.000000	-33.000000	488.000000	500.000000	90.000000
587	26.000000	-33.000000	488.000000	500.000000	90.000000
588	26.000000	-33.000000	488.000000	500.000000	90.000000
589	26.000000	-33.000000	488.000000	500.000000	90.000000
590	26.000000	-33.000000	488.000000	500.000000	90.000000
591	26.000000	-33.000000	488.000000	500.000000	90.000000
592	26.000000	-33.000000	488.000000	500.000000	90.000000
593	26.000000	-33.000000	488.000000	500.000000	90.000000
594	26.000000	-33.000000	488.000000	500.000000	90.000000
595	26.000000	-33.000000	488.000000	500.000000	90.000000
596	26.000000	-33.000000	488.000000	500.000000	90.000000
597	26.000000	-33.000000	488.000000	500.000000	90.000000
598	26.000000	-33.000000	488.000000	500.000000	90.000000
599	26.000000	-33.000000	488.000000	500.000000	90.000000
600	26.000000	-33.000000	488.000000	500.000000	90.000000
601	26.000000	-33.000000	488.000000	500.000000	90.000000
602	26.000000	-33.000000	488.000000	500.000000	90.000000
603	26.000000	-33.000000	488.000000	500.000000	90.000000
604	26.000000	-33.000000	488.000000	500.000000	90.000000
605	26.000000	-33.000000	488.000000	500.000000	90.000000
606	26.000000	-33.000000	488.000000	500.000000	90.000000
607	26.000000	-33.000000	488.000000	500.000000	90.000000
608	26.000000	-33.000000	488.000000	500.000000	90.000000
609	26.000000	-33.000000	488.000000	500.000000	90.000000
610	26.000000	-33.000000	488.000000	500.000000	90.000000
611	26.000000	-33.000000	488.000000	500.000000	90.000000
612	26.000000	-33.000000	488.000000	500.000000	90.000000
613	26.000000	-33.000000	488.000000	500.000000	90.000000
614	26.000000	-33.000000	488.000000	500.000000	90.000000
615	26.000000	-33.000000	488.000000	500.000000	90.000000
616	26.000000	-33.000000	488.000000	500.000000	90.000000
617	26.000000	-33.000000	488.000000	500.000000	90.000000
618	26.000000	-33.000000	488.000000	500.000000	90.000000
619	26.000000	-33.000000	488.000000	500.000000	90.000000
620	26.000000	-33.000000	488.000000	500.000000	90.000000
621	26.000000	-33.000000	488.000000	500.000000	90.000000
622	26.000000	-33.000000	613.000000	500.000000	90.000000
623	26.000000	-33.000000	613.000000	500.000000	90.000000
624	44.000000	-62.000000	589.000000	500.000000	90.000000
625	44.000000	-62.000000	589.000000	500.000000	90.000000
626	44.000000	-62.000000	566.000000	500.000000	90.000000
627	44.000000	-62.000000	566.000000	500.000000	90.000000
628	44.000000	-62.000000	541.000000	500.000000	90.000000
629	44.000000	-62.000000	448.000000	500.000000	90.000000
630	44.000000	-62.000000	448.000000	500.000000	90.000000
631	44.000000	-62.000000	424.000000	500.000000	90.000000
632	44.000000	-62.000000	424.000000	500.000000	90.000000
633	44.000000	-62.000000	392.000000	500.000000	90.000000
634	44.000000	-62.000000	392.000000	500.000000	90.000000
635	44.000000	-62.000000	379.000000	500.000000	90.000000
636	44.000000	-62.000000	379.000000	500.000000	90.000000
637	44.000000	-62.000000	341.000000	500.000000	90.000000
638	44.000000	-62.000000	341.000000	500.000000	90.000000
639	44.000000	-62.000000	331.000000	500.000000	90.000000
640	44.000000	-62.000000	331.000000	500.000000	90.000000
641	44.000000	-62.000000	304.000000	500.000000	90.000000
642	44.000000	-62.000000	304.000000	500.000000	90.000000
643	44.000000	-62.000000	330.000000	500.000000	90.000000
644	44.000000	-62.000000	330.000000	500.000000	90.000000
645	44.000000	-62.000000	270.000000	500.000000	90.000000
646	44.000000	-62.000000	270.000000	500.000000	90.000000
647	44.000000	-62.000000	259.000000	500.000000	90.000000
648	44.000000	-62.000000	259.000000	500.000000	90.000000
649	44.000000	-62.000000	261.000000	500.000000	90.000000
650	44.000000	-62.000000	261.000000	500.000000	90.000000
651	44.000000	-62.000000	255.000000	500.000000	90.000000
652	44.000000	-62.000000	251.000000	500.000000	90.000000
653	44.000000	-62.000000	251.000000	500.000000	90.000000
654	44.000000	-62.000000	251.000000	500.000000	90.000000
655	44.000000	-62.000000	252.000000	500.000000	90.000000
656	44.000000	-62.000000	256.000000	500.000000	90.000000
657	44.000000	-62.000000	256.000000	500.000000	90.000000
658	44.000000	-62.000000	256.000000	500.000000	90.000000
659	44.000000	-62.000000	254.000000	500.000000	90.000000
660	44.000000	-62.000000	254.000000	500.000000	90.000000
661	44.000000	-62.000000	257.000000	500.000000	90.000000
662	44.000000	-62.000000	262.000000	500.000000	90.000000
663	44.000000	-62.000000	262.000000	500.000000	90.000000
664	44.000000	-62.000000	267.000000	500.000000	90.000000
665	44.000000	-62.000000	267.000000	500.000000	90.000000
666	44.000000	-62.000000	273.000000	500.000000	90.000000
667	20.000000	-19.000000	273.000000	500.000000	90.000000
668	20.000000	-19.000000	284.000000	500.000000	90.000000
669	17.000000	-15.000000	284.000000	500.000000	90.000000
670	17.000000	-15.000000	293.000000	500.000000	90.000000
671	17.000000	-15.000000	293.000000	500.000000	90.000000
672	17.000000	-23.000000	308.000000	500.000000	80.537679
673	17.000000	-23.000000	308.000000	500.000000	80.537679
674	17.000000	-23.000000	308.000000	500.000000	80.537679
675	0.000000	-25.000000	327.000000	500.000000	75.963757
676	0.000000	-25.000000	327.000000	500.000000	75.963757
677	-9.000000	-25.000000	347.000000	500.000000	-14.036243
678	-9.000000	-25.000000	361.000000	500.000000	-14.036243
679	-9.000000	-25.000000	361.000000	500.000000	-14.036243
680	-17.000000	-26.000000	361.000000	500.000000	-14.036243
681	-17.000000	-26.000000	383.000000	500.000000	-14.036243
682	-17.000000	-26.000000	406.000000	500.000000	-14.036243
683	-27.000000	-29.000000	406.000000	500.000000	-16.504359
684	-27.000000	-29.000000	406.000000	500.000000	-16.504359
685	-34.000000	-31.000000	432.000000	500.000000	-16.699245
686	-34.000000	-31.000000	455.000000	500.000000	-16.699245
687	-34.000000	-31.000000	455.000000	500.000000	-16.699245
688	-44.000000	-33.000000	471.000000	500.000000	-16.699245
689	-44.000000	-33.000000	471.000000	500.000000	-16.699245
690	-44.000000	-33.000000	471.000000	500.000000	-16.699245
691	-50.000000	-34.000000	495.000000	500.000000	-15.945397
692	-50.000000	-34.000000	563.000000	500.000000	-15.945397
693	-50.000000	-34.000000	563.000000	500.000000	-15.945397
694	-50.000000	-34.000000	541.000000	500.000000	-15.945397
695	-50.000000	-34.000000	541.000000	500.000000	-15.945397
696	-60.000000	-35.000000	563.000000	500.000000	68.962489
697	-60.000000	-35.000000	563.000000	500.000000	68.962489
698	-60.000000	-35.000000	578.000000	500.000000	68.962489
699	-62.000000	-38.000000	578.000000	500.000000	69.443952
700	-62.000000	-38.000000	589.000000	500.000000	69.443952
701	-62.000000	-38.000000	589.000000	500.000000	69.443952
702	-62.000000	-39.000000	584.000000	500.000000	69.676865
703	-62.000000	-39.000000	584.000000	500.000000	69.676865
704	-62.000000	-41.000000	577.000000	500.000000	69.590118
705	-62.000000	-41.000000	577.000000	500.000000	69.590118
706	-62.000000	-41.000000	577.000000	500.000000	69.590118
707	-62.000000	-41.000000	574.000000	500.000000	69.590118
708	-62.000000	-41.000000	565.000000	500.000000	69.590118
709	-62.000000	-41.000000	565.000000	500.000000	69.590118
710	-62.000000	-41.000000	555.000000	500.000000	69.590118
711	-62.000000	-41.000000	555.000000	500.000000	69.590118
712	-51.000000	-43.000000	555.000000	500.000000	69.443954
713	-51.000000	-43.000000	532.000000	500.000000	69.443954
714	-51.000000	-43.000000	498.000000	500.000000	69.443954
715	-56.000000	-41.000000	498.000000	500.000000	69.145543
716	-56.000000	-41.000000	465.000000	500.000000	69.145543
717	-47.000000	-42.000000	465.000000	500.000000	68.198592
718	-47.000000	-42.000000	433.000000	500.000000	68.198592
719	-47.000000	-42.000000	433.000000	500.000000	68.198592
720	-47.000000	-42.000000	433.000000	500.000000	68.198592
721	-47.000000	-42.000000	399.000000	500.000000	68.198592
722	-47.000000	-42.000000	369.000000	500.000000	68.198592
723	-47.000000	-42.000000	369.000000	500.000000	68.198592
724	-47.000000	-42.000000	369.000000	500.000000	68.198592
725	-37.000000	-47.000000	337.000000	500.000000	69.443957
726	-37.000000	-47.000000	291.000000	500.000000	69.443957
727	-37.000000	-47.000000	291.000000	500.000000	69.443957
728	-37.000000	-47.000000	267.000000	500.000000	69.443957
729	-37.000000	-47.000000	267.000000	500.000000	69.443957
730	-37.000000	-47.000000	251.000000	500.000000	69.443957
731	-37.000000	-47.000000	251.000000	500.000000	69.443957
732	-37.000000	-47.000000	251.000000	500.000000	69.443957
733	-37.000000	-47.000000	242.000000	500.000000	69.443957
734	-37.000000	-47.000000	238.000000	500.000000	69.443957
735	-37.000000	-47.000000	238.000000	500.000000	69.443957
736	-37.000000	-47.000000	238.000000	500.000000	69.443957
737	-37.000000	-47.000000	237.000000	500.000000	69.443957
738	-37.000000	-47.000000	237.000000	500.000000	69.443957
739	-37.000000	-47.000000	237.000000	500.000000	69.443957
740	-37.000000	-47.000000	238.000000	500.000000	69.443957
741	-37.000000	-47.000000	238.000000	500.000000	69.443957
742	-37.000000	-47.000000	237.000000	500.000000	69.443957
743	-37.000000	-47.000000	237.000000	500.000000	69.443957
744	-37.000000	-47.000000	237.000000	500.000000	69.443957
745	-37.000000	-47.000000	237.000000	500.000000	69.443957
746	-37.000000	-47.000000	237.000000	500.000000	69.443957
747	-37.000000	-47.000000	216.000000	500.000000	69.443957
748	-37.000000	-47.000000	221.000000	500.000000	69.443957
749	-37.000000	-47.000000	221.000000	500.000000	69.443957
750	-37.000000	-47.000000	218.000000	500.000000	69.443957
751	-37.000000	-47.000000	218.000000	500.000000	69.443957
752	-37.000000	-47.000000	220.000000	500.000000	69.443957
753	-37.000000	-47.000000	220.000000	500.000000	69.443957
754	-37.000000	-47.000000	218.000000	500.000000	69.443957
755	-37.000000	-47.000000	218.000000	500.000000	69.443957
756	-37.000000	-47.000000	217.000000	500.000000	69.443957
757	-37.000000	-47.000000	217.000000	500.000000	69.443957
758	-37.000000	-47.000000	218.000000	500.000000	69.443957
759	-37.000000	-47.000000	218.000000	500.000000	69.443957
760	-37.000000	-47.000000	217.000000	500.000000	69.443957
761	-37.000000	-47.000000	217.000000	500.000000	69.443957
762	-37.000000	-47.000000	218.000000	500.000000	69.443957
763	-37.000000	-47.000000	218.000000	500.000000	69.443957
764	-37.000000	-47.000000	218.000000	500.000000	69.443957
765	-37.000000	-47.000000	218.000000	500.000000	69.443957
766	-37.000000	-47.000000	218.000000	500.000000	69.443957
767	-37.000000	-47.000000	218.000000	500.000000	69.443957
768	-37.000000	-47.000000	218.000000	500.000000	69.443957
769	-37.000000	-47.000000	218.000000	500.000000	69.443957
770	-37.000000	-47.000000	218.000000	500.000000	69.443957
771	-37.000000	-47.000000	218.000000	500.000000	69.443957
772	-37.000000	-47.000000	218.000000	500.000000	69.443957
773	-37.000000	-47.000000	218.000000	500.000000	69.443957
774	-37.000000	-47.000000	218.000000	500.000000	69.443957
775	-37.000000	-47.000000	218.000000	500.000000	69.443957
776	-37.000000	-47.000000	218.000000	500.000000	69.443957
777	-37.000000	-47.000000	218.000000	500.000000	69.443957
778	-37.000000	-47.000000	218.000000	500.000000	69.443957
779	-37.000000	-47.000000	218.000000	500.000000	69.443957
780	-37.000000	-47.000000	218.000000	500.000000	69.443957
781	-37.000000	-47.000000	218.000000	500.000000	69.443957
782	-37.000000	-47.000000	218.000000	500.000000	69.443957
783	-37.000000	-47.000000	218.000000	500.000000	69.443957
784	-37.000000	-47.000000	218.000000	500.000000	69.443957
785	-37.000000	-47.000000	218.000000	500.000000	69.443957
786	-37.000000	-47.000000	218.000000	500.000000	69.443957
787	-37.000000	-47.000000	218.000000	500.000000	69.443957
788	-37.000000	-47.000000	218.000000	500.000000	69.443957
789	-37.000000	-47.000000	218.000000	500.000000	69.443957
790	-37.000000	-47.000000	218.000000	500.000000	69.443957
791	-37.000000	-47.000000	218.000000	500.000000	69.443957
792	-37.000000	-47.000000	218.000000	500.000000	69.443957
793	-37.000000	-47.000000	218.000000	500.000000	69.443957
794	-37.000000	-47.000000	218.000000	500.000000	69.443957
795	-37.000000	-47.000000	218.000000	500.000000	69.443957
796	-37.000000	-47.000000	218.000000	500.000000	69.443957
797	-37.000000	-47.000000	218.000000	500.000000	69.443957
798	-37.000000	-47.000000	218.000000	500.000000	69.443957
799	-37.000000	-47.000000	218.000000	500.000000	69.443957
800	-37.000000	-47.000000	218.000000	500.000000	69.443957
801	-37.000000	-47.000000	218.000000	500.000000	69.443957
802	-37.000000	-47.000000	218.000000	500.000000	69.443957
803	-37.000000	-47.000000	218.000000	500.000000	69.443957
804	-37.000000	-47.000000	218.000000	500.000000	69.443957
805	-37.000000	-47.000000	218.000000	500.000000	69.443957
806	-37.000000	-47.000000	218.000000	500.000000	69.443957
807	-37.000000	-47.000000	218.000000	500.000000	69.443957
808	-37.000000	-47.000000	218.000000	500.000000	69.443957
809	-37.000000	-47.000000	218.000000	500.000000	69.443957
810	-37.000000	-47.000000	218.000000	500.000000	69.443957
811	-37.000000	-47.000000	218.000000	500.000000	69.443957
812	-37.000000	-47.000000	218.000000	500.000000	69.443957
813	-37.000000	-47.000000	218.000000	500.000000	69.443957
814	-37.000000	-47.000000	218.000000	500.000000	69.443957
815	-37.000000	-47.000000	218.000000	500.000000	69.443957
816	-37.000000	-47.000000	218.000000	500.000000	69.443957
817	-37.000000	-47.000000	218.000000	500.000000	69.443957
818	-37.000000	-47.000000	218.000000	500.000000	69.443957
819	-37.000000	-47.000000	218.000000	500.000000	69.443957
820	-37.000000	-47.000000	218.000000	500.000000	69.443957
821	-37.000000	-47.000000	218.000000	500.000000	69.443957
822	-37.000000	-47.000000	218.000000	500.000000	69.443957
823	-37.000000	-47.000000	218.000000	500.000000	69.443957
824	-37.000000	-47.000000	218.000000	500.000000	69.443957
825	-37.000000	-47.000000	218.000000	500.000000	69.443957
826	-37.000000	-47.000000	218.000000	500.000000	69.443957
827	-37.000000	-47.000000	218.000000	500.000000	69.443957
828	-37.000000	-47.000000	219.000000	500.000000	69.443957
829	-37.000000	-47.000000	219.000000	500.000000	69.443957
830	-37.000000	-47.000000	219.000000	500.000000	69.443957
831	-37.000000	-47.000000	219.000000	500.000000	69.443957
832	-37.000000	-47.000000	218.000000	500.000000	69.443957
833	-37.000000	-47.000000	218.000000	500.000000	69.443957
834	-37.000000	-47.000000	218.000000	500.000000	69.443957
835	-37.000000	-47.000000	218.000000	500.000000	69.443957
836	-37.000000	-47.000000	219.000000	500.000000	69.443957
837	-37.000000	-47.000000	219.000000	500.000000	69.443957
838	-37.000000	-47.000000	218.000000	500.000000	69.443957
