#	Proyecto: Control de un Quadrotor por VA
#	Datos para la gráfica en GNUplot.

#	Error X	    	Error Y	 	Altura		Alt. Ref	Yaw
0	0.000000	0.000000	0.000000	700.000000	0.000000
1	0.000000	0.000000	0.000000	700.000000	0.000000
2	0.000000	0.000000	0.000000	700.000000	0.000000
3	0.000000	0.000000	0.000000	700.000000	0.000000
4	0.000000	0.000000	0.000000	700.000000	0.000000
5	0.000000	0.000000	0.000000	700.000000	0.000000
6	0.000000	0.000000	0.000000	700.000000	0.000000
7	0.000000	0.000000	0.000000	700.000000	0.000000
8	0.000000	0.000000	0.000000	700.000000	0.000000
9	0.000000	0.000000	0.000000	700.000000	0.000000
10	0.000000	0.000000	0.000000	700.000000	0.000000
11	0.000000	0.000000	0.000000	700.000000	0.000000
12	0.000000	0.000000	0.000000	700.000000	0.000000
13	0.000000	0.000000	0.000000	700.000000	0.000000
14	0.000000	0.000000	0.000000	700.000000	0.000000
15	0.000000	0.000000	0.000000	700.000000	0.000000
16	0.000000	0.000000	0.000000	700.000000	0.000000
17	0.000000	0.000000	0.000000	700.000000	0.000000
18	0.000000	0.000000	0.000000	700.000000	0.000000
19	0.000000	0.000000	0.000000	700.000000	0.000000
20	0.000000	0.000000	0.000000	700.000000	0.000000
21	0.000000	0.000000	0.000000	700.000000	0.000000
22	0.000000	0.000000	0.000000	700.000000	0.000000
23	0.000000	0.000000	0.000000	700.000000	0.000000
24	0.000000	0.000000	0.000000	700.000000	0.000000
25	0.000000	0.000000	0.000000	700.000000	0.000000
26	0.000000	0.000000	0.000000	700.000000	0.000000
27	0.000000	0.000000	0.000000	700.000000	0.000000
28	0.000000	0.000000	0.000000	700.000000	0.000000
29	0.000000	0.000000	0.000000	700.000000	0.000000
30	0.000000	0.000000	0.000000	700.000000	0.000000
31	0.000000	0.000000	0.000000	700.000000	0.000000
32	0.000000	0.000000	0.000000	700.000000	0.000000
33	0.000000	0.000000	0.000000	700.000000	0.000000
34	0.000000	0.000000	0.000000	700.000000	0.000000
35	0.000000	0.000000	0.000000	700.000000	0.000000
36	0.000000	0.000000	0.000000	700.000000	0.000000
37	0.000000	0.000000	0.000000	700.000000	0.000000
38	0.000000	0.000000	0.000000	700.000000	0.000000
39	0.000000	0.000000	0.000000	700.000000	0.000000
40	0.000000	0.000000	0.000000	700.000000	0.000000
41	0.000000	0.000000	0.000000	700.000000	0.000000
42	0.000000	0.000000	0.000000	700.000000	0.000000
43	0.000000	0.000000	0.000000	700.000000	0.000000
44	0.000000	0.000000	0.000000	700.000000	0.000000
45	0.000000	0.000000	0.000000	700.000000	0.000000
46	0.000000	0.000000	0.000000	700.000000	0.000000
47	0.000000	0.000000	0.000000	700.000000	0.000000
48	0.000000	0.000000	0.000000	700.000000	0.000000
49	0.000000	0.000000	0.000000	700.000000	0.000000
50	0.000000	0.000000	0.000000	700.000000	0.000000
51	0.000000	0.000000	217.000000	700.000000	0.000000
52	0.000000	0.000000	217.000000	700.000000	0.000000
53	0.000000	0.000000	217.000000	700.000000	0.000000
54	0.000000	0.000000	217.000000	700.000000	0.000000
55	0.000000	0.000000	217.000000	700.000000	0.000000
56	0.000000	0.000000	217.000000	700.000000	0.000000
57	0.000000	0.000000	217.000000	700.000000	0.000000
58	0.000000	0.000000	217.000000	700.000000	0.000000
59	0.000000	0.000000	217.000000	700.000000	0.000000
60	0.000000	0.000000	217.000000	700.000000	0.000000
61	0.000000	0.000000	217.000000	700.000000	0.000000
62	0.000000	0.000000	217.000000	700.000000	0.000000
63	0.000000	0.000000	217.000000	700.000000	0.000000
64	0.000000	0.000000	217.000000	700.000000	0.000000
65	0.000000	0.000000	217.000000	700.000000	0.000000
66	0.000000	0.000000	217.000000	700.000000	0.000000
67	0.000000	0.000000	217.000000	700.000000	0.000000
68	0.000000	0.000000	217.000000	700.000000	0.000000
69	0.000000	0.000000	217.000000	700.000000	0.000000
70	0.000000	0.000000	217.000000	700.000000	0.000000
71	0.000000	0.000000	217.000000	700.000000	0.000000
72	0.000000	0.000000	217.000000	700.000000	0.000000
73	0.000000	0.000000	217.000000	700.000000	0.000000
74	0.000000	0.000000	217.000000	700.000000	0.000000
75	0.000000	0.000000	217.000000	700.000000	0.000000
76	0.000000	0.000000	217.000000	700.000000	0.000000
77	0.000000	0.000000	217.000000	700.000000	0.000000
78	0.000000	0.000000	217.000000	700.000000	0.000000
79	0.000000	0.000000	217.000000	700.000000	0.000000
80	0.000000	0.000000	217.000000	700.000000	0.000000
81	0.000000	0.000000	217.000000	700.000000	0.000000
82	0.000000	0.000000	217.000000	700.000000	0.000000
83	0.000000	0.000000	217.000000	700.000000	0.000000
84	0.000000	0.000000	217.000000	700.000000	0.000000
85	0.000000	0.000000	217.000000	700.000000	0.000000
86	0.000000	0.000000	217.000000	700.000000	0.000000
87	0.000000	0.000000	217.000000	700.000000	0.000000
88	0.000000	0.000000	217.000000	700.000000	0.000000
89	0.000000	0.000000	217.000000	700.000000	0.000000
90	0.000000	0.000000	217.000000	700.000000	0.000000
91	0.000000	0.000000	217.000000	700.000000	0.000000
92	0.000000	0.000000	217.000000	700.000000	0.000000
93	0.000000	0.000000	217.000000	700.000000	0.000000
94	0.000000	0.000000	217.000000	700.000000	0.000000
95	0.000000	0.000000	217.000000	700.000000	0.000000
96	0.000000	0.000000	217.000000	700.000000	0.000000
97	0.000000	0.000000	217.000000	700.000000	0.000000
98	0.000000	0.000000	217.000000	700.000000	0.000000
99	0.000000	0.000000	217.000000	700.000000	0.000000
100	0.000000	0.000000	217.000000	700.000000	0.000000
101	0.000000	0.000000	217.000000	700.000000	0.000000
102	0.000000	0.000000	217.000000	700.000000	0.000000
103	0.000000	0.000000	217.000000	700.000000	0.000000
104	0.000000	0.000000	217.000000	700.000000	0.000000
105	0.000000	0.000000	217.000000	700.000000	0.000000
106	0.000000	0.000000	217.000000	700.000000	0.000000
107	0.000000	0.000000	217.000000	700.000000	0.000000
108	0.000000	0.000000	217.000000	700.000000	0.000000
109	0.000000	0.000000	217.000000	700.000000	0.000000
110	0.000000	0.000000	217.000000	700.000000	0.000000
111	0.000000	0.000000	217.000000	700.000000	0.000000
112	0.000000	0.000000	217.000000	700.000000	0.000000
113	0.000000	0.000000	217.000000	700.000000	0.000000
114	0.000000	0.000000	217.000000	700.000000	0.000000
115	0.000000	0.000000	217.000000	700.000000	0.000000
116	0.000000	0.000000	217.000000	700.000000	0.000000
117	0.000000	0.000000	217.000000	700.000000	0.000000
118	0.000000	0.000000	217.000000	700.000000	0.000000
119	0.000000	0.000000	217.000000	700.000000	0.000000
120	0.000000	0.000000	217.000000	700.000000	0.000000
121	0.000000	0.000000	217.000000	700.000000	0.000000
122	0.000000	0.000000	217.000000	700.000000	0.000000
123	0.000000	0.000000	217.000000	700.000000	0.000000
124	0.000000	0.000000	217.000000	700.000000	0.000000
125	0.000000	0.000000	217.000000	700.000000	0.000000
126	0.000000	0.000000	217.000000	700.000000	0.000000
127	0.000000	0.000000	217.000000	700.000000	0.000000
128	0.000000	0.000000	217.000000	700.000000	0.000000
129	0.000000	0.000000	217.000000	700.000000	0.000000
130	0.000000	0.000000	217.000000	700.000000	0.000000
131	0.000000	0.000000	217.000000	700.000000	0.000000
132	0.000000	0.000000	217.000000	700.000000	0.000000
133	0.000000	0.000000	217.000000	700.000000	0.000000
134	0.000000	0.000000	217.000000	700.000000	0.000000
135	0.000000	0.000000	217.000000	700.000000	0.000000
136	0.000000	0.000000	217.000000	700.000000	0.000000
137	0.000000	0.000000	217.000000	700.000000	0.000000
138	0.000000	0.000000	218.000000	700.000000	0.000000
139	0.000000	0.000000	218.000000	700.000000	0.000000
140	0.000000	0.000000	217.000000	700.000000	0.000000
141	0.000000	0.000000	217.000000	700.000000	0.000000
142	0.000000	0.000000	218.000000	700.000000	0.000000
143	0.000000	0.000000	218.000000	700.000000	0.000000
144	0.000000	0.000000	217.000000	700.000000	0.000000
145	0.000000	0.000000	217.000000	700.000000	0.000000
146	0.000000	0.000000	217.000000	700.000000	0.000000
147	0.000000	0.000000	217.000000	700.000000	0.000000
148	0.000000	0.000000	217.000000	700.000000	0.000000
149	0.000000	0.000000	217.000000	700.000000	0.000000
150	0.000000	0.000000	217.000000	700.000000	0.000000
151	0.000000	0.000000	217.000000	700.000000	0.000000
152	0.000000	0.000000	217.000000	700.000000	0.000000
153	0.000000	0.000000	217.000000	700.000000	0.000000
154	0.000000	0.000000	217.000000	700.000000	0.000000
155	0.000000	0.000000	217.000000	700.000000	0.000000
156	0.000000	0.000000	218.000000	700.000000	0.000000
157	0.000000	0.000000	218.000000	700.000000	0.000000
158	0.000000	0.000000	217.000000	700.000000	0.000000
159	0.000000	0.000000	217.000000	700.000000	0.000000
160	0.000000	0.000000	217.000000	700.000000	0.000000
161	0.000000	0.000000	217.000000	700.000000	0.000000
162	0.000000	0.000000	217.000000	700.000000	0.000000
163	0.000000	0.000000	217.000000	700.000000	0.000000
164	0.000000	0.000000	217.000000	700.000000	0.000000
165	0.000000	0.000000	217.000000	700.000000	0.000000
166	0.000000	0.000000	217.000000	700.000000	0.000000
167	0.000000	0.000000	217.000000	700.000000	0.000000
168	0.000000	0.000000	217.000000	700.000000	0.000000
169	0.000000	0.000000	217.000000	700.000000	0.000000
170	0.000000	0.000000	218.000000	700.000000	0.000000
171	0.000000	0.000000	218.000000	700.000000	0.000000
172	0.000000	0.000000	217.000000	700.000000	0.000000
173	0.000000	0.000000	217.000000	700.000000	0.000000
174	0.000000	0.000000	217.000000	700.000000	0.000000
175	0.000000	0.000000	217.000000	700.000000	0.000000
176	0.000000	0.000000	217.000000	700.000000	0.000000
177	0.000000	0.000000	217.000000	700.000000	0.000000
178	0.000000	0.000000	217.000000	700.000000	0.000000
179	0.000000	0.000000	217.000000	700.000000	0.000000
180	0.000000	0.000000	218.000000	700.000000	0.000000
181	0.000000	0.000000	218.000000	700.000000	0.000000
182	0.000000	0.000000	217.000000	700.000000	0.000000
183	0.000000	0.000000	217.000000	700.000000	0.000000
184	0.000000	0.000000	217.000000	700.000000	0.000000
185	0.000000	0.000000	217.000000	700.000000	0.000000
186	0.000000	0.000000	217.000000	700.000000	0.000000
187	0.000000	0.000000	217.000000	700.000000	0.000000
188	0.000000	0.000000	217.000000	700.000000	0.000000
189	0.000000	0.000000	217.000000	700.000000	0.000000
190	0.000000	0.000000	217.000000	700.000000	0.000000
191	0.000000	0.000000	217.000000	700.000000	0.000000
192	0.000000	0.000000	217.000000	700.000000	0.000000
193	0.000000	0.000000	217.000000	700.000000	0.000000
194	0.000000	0.000000	217.000000	700.000000	0.000000
195	0.000000	0.000000	217.000000	700.000000	0.000000
196	0.000000	0.000000	217.000000	700.000000	0.000000
197	0.000000	0.000000	217.000000	700.000000	0.000000
198	0.000000	0.000000	217.000000	700.000000	0.000000
199	0.000000	0.000000	217.000000	700.000000	0.000000
200	0.000000	0.000000	217.000000	700.000000	0.000000
201	0.000000	0.000000	217.000000	700.000000	0.000000
202	0.000000	0.000000	217.000000	700.000000	0.000000
203	0.000000	0.000000	217.000000	700.000000	0.000000
204	0.000000	0.000000	217.000000	700.000000	0.000000
205	0.000000	0.000000	217.000000	700.000000	0.000000
206	0.000000	0.000000	217.000000	700.000000	0.000000
207	0.000000	0.000000	217.000000	700.000000	0.000000
208	0.000000	0.000000	217.000000	700.000000	0.000000
209	0.000000	0.000000	217.000000	700.000000	0.000000
210	0.000000	0.000000	217.000000	700.000000	0.000000
211	0.000000	0.000000	217.000000	700.000000	0.000000
212	0.000000	0.000000	217.000000	700.000000	0.000000
213	0.000000	0.000000	217.000000	700.000000	0.000000
214	0.000000	0.000000	217.000000	700.000000	0.000000
215	0.000000	0.000000	217.000000	700.000000	0.000000
216	0.000000	0.000000	217.000000	700.000000	0.000000
217	0.000000	0.000000	217.000000	700.000000	0.000000
218	0.000000	0.000000	217.000000	700.000000	0.000000
219	0.000000	0.000000	217.000000	700.000000	0.000000
220	0.000000	0.000000	217.000000	700.000000	0.000000
221	0.000000	0.000000	217.000000	700.000000	0.000000
222	0.000000	0.000000	217.000000	700.000000	0.000000
223	0.000000	0.000000	217.000000	700.000000	0.000000
224	0.000000	0.000000	0.000000	700.000000	0.000000
225	0.000000	0.000000	0.000000	700.000000	0.000000
226	0.000000	0.000000	1.000000	700.000000	0.000000
227	0.000000	0.000000	1.000000	700.000000	0.000000
228	0.000000	0.000000	0.000000	700.000000	0.000000
229	0.000000	0.000000	0.000000	700.000000	0.000000
230	0.000000	0.000000	0.000000	700.000000	0.000000
231	0.000000	0.000000	0.000000	700.000000	0.000000
232	0.000000	0.000000	0.000000	700.000000	0.000000
233	0.000000	0.000000	0.000000	700.000000	0.000000
234	0.000000	0.000000	0.000000	700.000000	0.000000
235	0.000000	0.000000	0.000000	700.000000	0.000000
236	0.000000	0.000000	0.000000	700.000000	0.000000
237	0.000000	0.000000	0.000000	700.000000	0.000000
238	0.000000	0.000000	0.000000	700.000000	0.000000
239	0.000000	0.000000	0.000000	700.000000	0.000000
240	0.000000	0.000000	1.000000	700.000000	0.000000
241	0.000000	0.000000	1.000000	700.000000	0.000000
242	0.000000	0.000000	1.000000	700.000000	0.000000
243	0.000000	0.000000	1.000000	700.000000	0.000000
244	0.000000	0.000000	1.000000	700.000000	0.000000
245	0.000000	0.000000	1.000000	700.000000	0.000000
246	0.000000	0.000000	0.000000	700.000000	0.000000
247	0.000000	0.000000	0.000000	700.000000	0.000000
248	0.000000	0.000000	0.000000	700.000000	0.000000
249	0.000000	0.000000	0.000000	700.000000	0.000000
250	0.000000	0.000000	1.000000	700.000000	0.000000
251	0.000000	0.000000	1.000000	700.000000	0.000000
252	0.000000	0.000000	1.000000	700.000000	0.000000
253	0.000000	0.000000	0.000000	700.000000	0.000000
254	0.000000	0.000000	0.000000	700.000000	0.000000
255	0.000000	0.000000	0.000000	700.000000	0.000000
256	0.000000	0.000000	0.000000	700.000000	0.000000
257	0.000000	0.000000	0.000000	700.000000	0.000000
258	0.000000	0.000000	1.000000	700.000000	0.000000
259	0.000000	0.000000	1.000000	700.000000	0.000000
260	0.000000	0.000000	0.000000	700.000000	0.000000
261	0.000000	0.000000	0.000000	700.000000	0.000000
262	0.000000	0.000000	0.000000	700.000000	0.000000
263	0.000000	0.000000	0.000000	700.000000	0.000000
264	0.000000	0.000000	0.000000	700.000000	0.000000
265	0.000000	0.000000	0.000000	700.000000	0.000000
266	0.000000	0.000000	0.000000	700.000000	0.000000
267	0.000000	0.000000	0.000000	700.000000	0.000000
268	0.000000	0.000000	0.000000	700.000000	0.000000
269	0.000000	0.000000	1.000000	700.000000	0.000000
270	0.000000	0.000000	1.000000	700.000000	0.000000
271	0.000000	0.000000	1.000000	700.000000	0.000000
272	0.000000	0.000000	1.000000	700.000000	0.000000
273	0.000000	0.000000	1.000000	700.000000	0.000000
274	0.000000	0.000000	1.000000	700.000000	0.000000
275	0.000000	0.000000	0.000000	700.000000	0.000000
276	0.000000	0.000000	1.000000	700.000000	0.000000
277	0.000000	0.000000	1.000000	700.000000	0.000000
278	0.000000	0.000000	1.000000	700.000000	0.000000
279	0.000000	0.000000	1.000000	700.000000	0.000000
280	0.000000	0.000000	1.000000	700.000000	0.000000
281	0.000000	0.000000	1.000000	700.000000	0.000000
282	0.000000	0.000000	1.000000	700.000000	0.000000
283	0.000000	0.000000	1.000000	700.000000	0.000000
284	0.000000	0.000000	0.000000	700.000000	0.000000
285	0.000000	0.000000	0.000000	700.000000	0.000000
286	0.000000	0.000000	0.000000	700.000000	0.000000
287	0.000000	0.000000	0.000000	700.000000	0.000000
288	0.000000	0.000000	0.000000	700.000000	0.000000
289	0.000000	0.000000	0.000000	700.000000	0.000000
290	0.000000	0.000000	0.000000	700.000000	0.000000
291	0.000000	0.000000	0.000000	700.000000	0.000000
292	0.000000	0.000000	0.000000	700.000000	0.000000
293	0.000000	0.000000	0.000000	700.000000	0.000000
294	0.000000	0.000000	0.000000	700.000000	0.000000
295	0.000000	0.000000	0.000000	700.000000	0.000000
296	0.000000	0.000000	0.000000	700.000000	0.000000
297	0.000000	0.000000	0.000000	700.000000	0.000000
298	0.000000	0.000000	0.000000	700.000000	0.000000
299	0.000000	0.000000	0.000000	700.000000	0.000000
300	0.000000	0.000000	0.000000	700.000000	0.000000
301	0.000000	0.000000	0.000000	700.000000	0.000000
302	0.000000	0.000000	1.000000	700.000000	0.000000
303	0.000000	0.000000	1.000000	700.000000	0.000000
304	0.000000	0.000000	1.000000	700.000000	0.000000
305	0.000000	0.000000	1.000000	700.000000	0.000000
306	0.000000	0.000000	1.000000	700.000000	0.000000
307	0.000000	0.000000	1.000000	700.000000	0.000000
308	0.000000	0.000000	1.000000	700.000000	0.000000
309	0.000000	0.000000	1.000000	700.000000	0.000000
310	0.000000	0.000000	0.000000	700.000000	0.000000
311	0.000000	0.000000	0.000000	700.000000	0.000000
312	0.000000	0.000000	1.000000	700.000000	0.000000
313	0.000000	0.000000	1.000000	700.000000	0.000000
314	0.000000	0.000000	0.000000	700.000000	0.000000
315	0.000000	0.000000	0.000000	700.000000	0.000000
316	0.000000	0.000000	1.000000	700.000000	0.000000
317	0.000000	0.000000	1.000000	700.000000	0.000000
318	0.000000	0.000000	1.000000	700.000000	0.000000
319	0.000000	0.000000	1.000000	700.000000	0.000000
320	0.000000	0.000000	1.000000	700.000000	0.000000
321	0.000000	0.000000	1.000000	700.000000	0.000000
322	0.000000	0.000000	1.000000	700.000000	0.000000
323	0.000000	0.000000	1.000000	700.000000	0.000000
324	0.000000	0.000000	1.000000	700.000000	0.000000
325	0.000000	0.000000	1.000000	700.000000	0.000000
326	0.000000	0.000000	1.000000	700.000000	0.000000
327	0.000000	0.000000	1.000000	700.000000	0.000000
328	0.000000	0.000000	1.000000	700.000000	0.000000
329	0.000000	0.000000	1.000000	700.000000	0.000000
330	0.000000	0.000000	0.000000	700.000000	0.000000
331	0.000000	0.000000	0.000000	700.000000	0.000000
332	0.000000	0.000000	1.000000	700.000000	0.000000
333	0.000000	0.000000	1.000000	700.000000	0.000000
334	0.000000	0.000000	0.000000	700.000000	0.000000
335	0.000000	0.000000	0.000000	700.000000	0.000000
336	0.000000	0.000000	0.000000	700.000000	0.000000
337	0.000000	0.000000	0.000000	700.000000	0.000000
338	0.000000	0.000000	0.000000	700.000000	0.000000
339	0.000000	0.000000	0.000000	700.000000	0.000000
340	0.000000	0.000000	1.000000	700.000000	0.000000
341	0.000000	0.000000	1.000000	700.000000	0.000000
342	0.000000	0.000000	2.000000	700.000000	0.000000
343	0.000000	0.000000	2.000000	700.000000	0.000000
344	0.000000	0.000000	1.000000	700.000000	0.000000
345	0.000000	0.000000	1.000000	700.000000	0.000000
346	0.000000	0.000000	1.000000	700.000000	0.000000
347	0.000000	0.000000	1.000000	700.000000	0.000000
348	0.000000	0.000000	-1.000000	700.000000	0.000000
349	0.000000	0.000000	-1.000000	700.000000	0.000000
350	0.000000	0.000000	-1.000000	700.000000	0.000000
351	0.000000	0.000000	-1.000000	700.000000	0.000000
352	0.000000	0.000000	0.000000	700.000000	0.000000
353	0.000000	0.000000	0.000000	700.000000	0.000000
354	0.000000	0.000000	0.000000	700.000000	0.000000
355	0.000000	0.000000	0.000000	700.000000	0.000000
356	0.000000	0.000000	0.000000	700.000000	0.000000
357	0.000000	0.000000	0.000000	700.000000	0.000000
358	0.000000	0.000000	0.000000	700.000000	0.000000
359	0.000000	0.000000	0.000000	700.000000	0.000000
360	0.000000	0.000000	-1.000000	700.000000	0.000000
361	0.000000	0.000000	-1.000000	700.000000	0.000000
362	0.000000	0.000000	0.000000	700.000000	0.000000
363	0.000000	0.000000	0.000000	700.000000	0.000000
364	0.000000	0.000000	0.000000	700.000000	0.000000
365	0.000000	0.000000	0.000000	700.000000	0.000000
366	0.000000	0.000000	0.000000	700.000000	0.000000
367	0.000000	0.000000	0.000000	700.000000	0.000000
368	0.000000	0.000000	-1.000000	700.000000	0.000000
369	0.000000	0.000000	-1.000000	700.000000	0.000000
370	0.000000	0.000000	-1.000000	700.000000	0.000000
371	0.000000	0.000000	-1.000000	700.000000	0.000000
372	0.000000	0.000000	-1.000000	700.000000	0.000000
373	0.000000	0.000000	-1.000000	700.000000	0.000000
374	0.000000	0.000000	-1.000000	700.000000	0.000000
375	0.000000	0.000000	-1.000000	700.000000	0.000000
376	0.000000	0.000000	1.000000	700.000000	0.000000
377	0.000000	0.000000	1.000000	700.000000	0.000000
378	0.000000	0.000000	-1.000000	700.000000	0.000000
379	0.000000	0.000000	-1.000000	700.000000	0.000000
380	0.000000	0.000000	-1.000000	700.000000	0.000000
381	0.000000	0.000000	-1.000000	700.000000	0.000000
382	0.000000	0.000000	2.000000	700.000000	0.000000
383	0.000000	0.000000	2.000000	700.000000	0.000000
384	0.000000	0.000000	-1.000000	700.000000	0.000000
385	0.000000	0.000000	-1.000000	700.000000	0.000000
386	0.000000	0.000000	2.000000	700.000000	0.000000
387	0.000000	0.000000	2.000000	700.000000	0.000000
388	0.000000	0.000000	0.000000	700.000000	0.000000
389	0.000000	0.000000	0.000000	700.000000	0.000000
390	0.000000	0.000000	1.000000	700.000000	0.000000
391	0.000000	0.000000	1.000000	700.000000	0.000000
392	0.000000	0.000000	0.000000	700.000000	0.000000
393	0.000000	0.000000	0.000000	700.000000	0.000000
394	0.000000	0.000000	0.000000	700.000000	0.000000
395	0.000000	0.000000	0.000000	700.000000	0.000000
396	0.000000	0.000000	1.000000	700.000000	0.000000
397	0.000000	0.000000	1.000000	700.000000	0.000000
398	0.000000	0.000000	0.000000	700.000000	0.000000
399	0.000000	0.000000	0.000000	700.000000	0.000000
400	0.000000	0.000000	0.000000	700.000000	0.000000
401	0.000000	0.000000	0.000000	700.000000	0.000000
402	0.000000	0.000000	0.000000	700.000000	0.000000
403	0.000000	0.000000	0.000000	700.000000	0.000000
404	0.000000	0.000000	0.000000	700.000000	0.000000
405	0.000000	0.000000	0.000000	700.000000	0.000000
406	0.000000	0.000000	1.000000	700.000000	0.000000
407	0.000000	0.000000	1.000000	700.000000	0.000000
408	0.000000	0.000000	1.000000	700.000000	0.000000
409	0.000000	0.000000	1.000000	700.000000	0.000000
410	0.000000	0.000000	0.000000	700.000000	0.000000
411	0.000000	0.000000	0.000000	700.000000	0.000000
412	0.000000	0.000000	0.000000	700.000000	0.000000
413	0.000000	0.000000	0.000000	700.000000	0.000000
414	0.000000	0.000000	1.000000	700.000000	0.000000
415	0.000000	0.000000	1.000000	700.000000	0.000000
416	0.000000	0.000000	0.000000	700.000000	0.000000
417	0.000000	0.000000	0.000000	700.000000	0.000000
418	0.000000	0.000000	0.000000	700.000000	0.000000
419	0.000000	0.000000	0.000000	700.000000	0.000000
420	0.000000	0.000000	2.000000	700.000000	0.000000
421	0.000000	0.000000	2.000000	700.000000	0.000000
422	0.000000	0.000000	3.000000	700.000000	0.000000
423	0.000000	0.000000	8.000000	700.000000	0.000000
424	0.000000	0.000000	8.000000	700.000000	0.000000
425	0.000000	0.000000	12.000000	700.000000	0.000000
426	0.000000	0.000000	12.000000	700.000000	0.000000
427	0.000000	0.000000	20.000000	700.000000	0.000000
428	0.000000	0.000000	20.000000	700.000000	0.000000
429	0.000000	0.000000	29.000000	700.000000	0.000000
430	0.000000	0.000000	29.000000	700.000000	0.000000
431	0.000000	0.000000	39.000000	700.000000	0.000000
432	0.000000	0.000000	39.000000	700.000000	0.000000
433	0.000000	0.000000	52.000000	700.000000	0.000000
434	0.000000	0.000000	52.000000	700.000000	0.000000
435	0.000000	0.000000	64.000000	700.000000	0.000000
436	0.000000	0.000000	64.000000	700.000000	0.000000
437	0.000000	0.000000	89.000000	700.000000	0.000000
438	0.000000	0.000000	89.000000	700.000000	0.000000
439	0.000000	0.000000	94.000000	700.000000	0.000000
440	0.000000	0.000000	94.000000	700.000000	0.000000
441	0.000000	0.000000	106.000000	700.000000	0.000000
442	0.000000	0.000000	106.000000	700.000000	0.000000
443	0.000000	0.000000	106.000000	700.000000	0.000000
444	0.000000	0.000000	121.000000	700.000000	0.000000
445	0.000000	0.000000	121.000000	700.000000	0.000000
446	0.000000	0.000000	136.000000	700.000000	0.000000
447	0.000000	0.000000	204.000000	700.000000	0.000000
448	0.000000	0.000000	187.000000	700.000000	0.000000
449	0.000000	0.000000	187.000000	700.000000	0.000000
450	0.000000	0.000000	169.000000	700.000000	0.000000
451	0.000000	0.000000	169.000000	700.000000	0.000000
452	0.000000	0.000000	169.000000	700.000000	0.000000
453	0.000000	0.000000	169.000000	700.000000	0.000000
454	0.000000	0.000000	151.000000	700.000000	0.000000
455	0.000000	0.000000	138.000000	700.000000	0.000000
456	0.000000	0.000000	125.000000	700.000000	0.000000
457	0.000000	0.000000	125.000000	700.000000	0.000000
458	0.000000	0.000000	111.000000	700.000000	0.000000
459	0.000000	0.000000	111.000000	700.000000	0.000000
460	0.000000	0.000000	111.000000	700.000000	0.000000
461	0.000000	0.000000	102.000000	700.000000	0.000000
462	0.000000	0.000000	167.000000	700.000000	0.000000
463	0.000000	0.000000	167.000000	700.000000	0.000000
464	0.000000	0.000000	167.000000	700.000000	0.000000
465	0.000000	0.000000	167.000000	700.000000	0.000000
466	0.000000	0.000000	164.000000	700.000000	0.000000
467	0.000000	0.000000	164.000000	700.000000	0.000000
468	0.000000	0.000000	161.000000	700.000000	0.000000
469	0.000000	0.000000	161.000000	700.000000	0.000000
470	0.000000	0.000000	155.000000	700.000000	0.000000
471	0.000000	0.000000	155.000000	700.000000	0.000000
472	0.000000	0.000000	155.000000	700.000000	0.000000
473	0.000000	0.000000	153.000000	700.000000	0.000000
474	0.000000	0.000000	153.000000	700.000000	0.000000
475	0.000000	0.000000	154.000000	700.000000	0.000000
476	0.000000	0.000000	154.000000	700.000000	0.000000
477	0.000000	0.000000	154.000000	700.000000	0.000000
478	0.000000	0.000000	146.000000	700.000000	0.000000
479	0.000000	0.000000	138.000000	700.000000	0.000000
480	0.000000	0.000000	132.000000	700.000000	0.000000
481	0.000000	0.000000	132.000000	700.000000	0.000000
482	0.000000	0.000000	127.000000	700.000000	0.000000
483	0.000000	0.000000	127.000000	700.000000	0.000000
484	73.000000	43.000000	127.000000	700.000000	0.000000
485	73.000000	43.000000	127.000000	700.000000	0.000000
486	73.000000	43.000000	127.000000	700.000000	0.000000
487	73.000000	43.000000	127.000000	700.000000	0.000000
488	67.000000	27.000000	131.000000	700.000000	0.000000
489	67.000000	27.000000	131.000000	700.000000	0.000000
490	63.000000	17.000000	133.000000	700.000000	0.000000
491	63.000000	17.000000	133.000000	700.000000	0.000000
492	63.000000	17.000000	133.000000	700.000000	0.000000
493	59.000000	3.000000	137.000000	700.000000	0.000000
494	59.000000	3.000000	146.000000	700.000000	0.000000
495	55.000000	-1.000000	146.000000	700.000000	0.000000
496	55.000000	-1.000000	152.000000	700.000000	0.000000
497	51.000000	-1.000000	152.000000	700.000000	0.000000
498	51.000000	-1.000000	152.000000	700.000000	0.000000
499	51.000000	-1.000000	161.000000	700.000000	0.000000
500	47.000000	-1.000000	169.000000	700.000000	0.000000
501	47.000000	-1.000000	169.000000	700.000000	0.000000
502	47.000000	-1.000000	180.000000	700.000000	0.000000
503	46.000000	-1.000000	180.000000	700.000000	0.000000
504	46.000000	-1.000000	194.000000	700.000000	0.000000
505	45.000000	-1.000000	194.000000	700.000000	0.000000
506	45.000000	-1.000000	204.000000	700.000000	0.000000
507	45.000000	-1.000000	204.000000	700.000000	0.000000
508	44.000000	0.000000	217.000000	700.000000	0.000000
509	44.000000	0.000000	217.000000	700.000000	0.000000
510	44.000000	0.000000	232.000000	700.000000	0.000000
511	62.000000	9.000000	232.000000	700.000000	21.037515
512	62.000000	9.000000	244.000000	700.000000	21.037515
513	61.000000	10.000000	244.000000	700.000000	22.619865
514	61.000000	10.000000	258.000000	700.000000	22.619865
515	61.000000	10.000000	258.000000	700.000000	22.619865
516	60.000000	9.000000	269.000000	700.000000	22.833656
517	60.000000	9.000000	269.000000	700.000000	22.833656
518	62.000000	12.000000	281.000000	700.000000	25.463347
519	62.000000	12.000000	281.000000	700.000000	25.463347
520	62.000000	12.000000	289.000000	700.000000	25.463347
521	62.000000	12.000000	289.000000	700.000000	25.463347
522	62.000000	12.000000	298.000000	700.000000	25.463347
523	62.000000	12.000000	298.000000	700.000000	25.463347
524	61.000000	7.000000	312.000000	700.000000	21.801410
525	61.000000	7.000000	312.000000	700.000000	21.801410
526	61.000000	7.000000	318.000000	700.000000	21.801410
527	63.000000	3.000000	318.000000	700.000000	20.556048
528	63.000000	3.000000	331.000000	700.000000	20.556048
529	63.000000	-2.000000	331.000000	700.000000	20.772258
530	63.000000	-2.000000	338.000000	700.000000	20.772258
531	63.000000	-2.000000	338.000000	700.000000	20.772258
532	63.000000	-2.000000	346.000000	700.000000	20.772258
533	67.000000	-5.000000	346.000000	700.000000	20.323139
534	67.000000	-5.000000	356.000000	700.000000	20.323139
535	69.000000	-8.000000	356.000000	700.000000	19.983111
536	69.000000	-8.000000	356.000000	700.000000	19.983111
537	69.000000	-8.000000	366.000000	700.000000	19.983111
538	56.000000	-9.000000	373.000000	700.000000	0.000000
539	56.000000	-9.000000	373.000000	700.000000	0.000000
540	73.000000	-12.000000	381.000000	700.000000	20.224852
541	73.000000	-12.000000	381.000000	700.000000	20.224852
542	73.000000	-12.000000	389.000000	700.000000	20.224852
543	61.000000	-13.000000	389.000000	700.000000	0.000000
544	61.000000	-13.000000	402.000000	700.000000	0.000000
545	61.000000	-13.000000	402.000000	700.000000	0.000000
546	61.000000	-13.000000	416.000000	700.000000	0.000000
547	61.000000	-13.000000	416.000000	700.000000	0.000000
548	67.000000	-22.000000	414.000000	700.000000	0.000000
549	77.000000	-21.000000	458.000000	700.000000	0.000000
550	77.000000	-21.000000	458.000000	700.000000	0.000000
551	77.000000	-21.000000	447.000000	700.000000	0.000000
552	77.000000	-21.000000	447.000000	700.000000	0.000000
553	77.000000	-21.000000	447.000000	700.000000	0.000000
554	77.000000	-21.000000	439.000000	700.000000	0.000000
555	77.000000	-21.000000	430.000000	700.000000	0.000000
556	77.000000	-21.000000	430.000000	700.000000	0.000000
557	77.000000	-21.000000	427.000000	700.000000	0.000000
558	77.000000	-21.000000	427.000000	700.000000	0.000000
559	77.000000	-21.000000	408.000000	700.000000	0.000000
560	77.000000	-21.000000	408.000000	700.000000	0.000000
561	77.000000	-21.000000	395.000000	700.000000	0.000000
562	72.000000	-34.000000	395.000000	700.000000	0.000000
563	72.000000	-34.000000	385.000000	700.000000	0.000000
564	72.000000	-34.000000	385.000000	700.000000	0.000000
565	66.000000	-32.000000	374.000000	700.000000	0.000000
566	66.000000	-32.000000	374.000000	700.000000	0.000000
567	61.000000	-31.000000	371.000000	700.000000	0.000000
568	61.000000	-31.000000	371.000000	700.000000	0.000000
569	61.000000	-31.000000	372.000000	700.000000	0.000000
570	56.000000	-30.000000	372.000000	700.000000	0.000000
571	56.000000	-30.000000	371.000000	700.000000	0.000000
572	56.000000	-30.000000	371.000000	700.000000	0.000000
573	52.000000	-29.000000	374.000000	700.000000	0.000000
574	52.000000	-29.000000	374.000000	700.000000	0.000000
575	52.000000	-29.000000	374.000000	700.000000	0.000000
576	52.000000	-29.000000	374.000000	700.000000	0.000000
577	56.000000	-41.000000	388.000000	700.000000	20.556048
578	50.000000	-43.000000	388.000000	700.000000	20.556048
579	50.000000	-43.000000	401.000000	700.000000	20.556048
580	44.000000	-47.000000	401.000000	700.000000	21.801410
581	44.000000	-47.000000	416.000000	700.000000	21.801410
582	40.000000	-48.000000	416.000000	700.000000	20.556048
583	40.000000	-48.000000	430.000000	700.000000	20.556048
584	40.000000	-48.000000	430.000000	700.000000	20.556048
585	34.000000	-51.000000	444.000000	700.000000	19.983111
586	34.000000	-51.000000	444.000000	700.000000	19.983111
587	34.000000	-51.000000	461.000000	700.000000	19.983111
588	31.000000	-52.000000	461.000000	700.000000	-70.016889
589	31.000000	-52.000000	477.000000	700.000000	-70.016889
590	31.000000	-52.000000	477.000000	700.000000	-70.016889
591	27.000000	-54.000000	491.000000	700.000000	-68.198597
592	27.000000	-54.000000	491.000000	700.000000	-68.198597
593	24.000000	-56.000000	504.000000	700.000000	-66.801413
594	24.000000	-56.000000	504.000000	700.000000	-66.801413
595	24.000000	-56.000000	520.000000	700.000000	-66.801413
596	19.000000	-57.000000	520.000000	700.000000	-69.443959
597	19.000000	-57.000000	535.000000	700.000000	-69.443959
598	19.000000	-57.000000	535.000000	700.000000	-69.443959
599	17.000000	-59.000000	548.000000	700.000000	-69.443959
600	17.000000	-59.000000	548.000000	700.000000	-69.443959
601	18.000000	-60.000000	560.000000	700.000000	-68.198597
602	18.000000	-60.000000	560.000000	700.000000	-68.198597
603	18.000000	-60.000000	574.000000	700.000000	-68.198597
604	18.000000	-53.000000	574.000000	700.000000	90.000000
605	18.000000	-53.000000	586.000000	700.000000	90.000000
606	18.000000	-53.000000	586.000000	700.000000	90.000000
607	21.000000	-60.000000	598.000000	700.000000	-68.962485
608	21.000000	-60.000000	598.000000	700.000000	-68.962485
609	21.000000	-60.000000	613.000000	700.000000	-68.962485
610	23.000000	-59.000000	613.000000	700.000000	-71.565047
611	23.000000	-59.000000	622.000000	700.000000	-71.565047
612	26.000000	-59.000000	622.000000	700.000000	-68.962485
613	26.000000	-59.000000	627.000000	700.000000	-68.962485
614	29.000000	-58.000000	627.000000	700.000000	-69.274447
615	29.000000	-58.000000	643.000000	700.000000	-69.274447
616	29.000000	-58.000000	643.000000	700.000000	-69.274447
617	29.000000	-58.000000	647.000000	700.000000	-69.274447
618	33.000000	-57.000000	647.000000	700.000000	-71.565047
619	33.000000	-57.000000	647.000000	700.000000	-71.565047
620	36.000000	-56.000000	647.000000	700.000000	-71.565047
621	36.000000	-56.000000	663.000000	700.000000	-71.565047
622	36.000000	-56.000000	666.000000	700.000000	-71.565047
623	39.000000	-56.000000	666.000000	700.000000	-71.565047
624	39.000000	-56.000000	666.000000	700.000000	-71.565047
625	42.000000	-56.000000	674.000000	700.000000	-71.565060
626	42.000000	-56.000000	674.000000	700.000000	-71.565060
627	42.000000	-56.000000	680.000000	700.000000	-71.565060
628	44.000000	-56.000000	682.000000	700.000000	-71.565047
629	44.000000	-56.000000	682.000000	700.000000	-71.565047
630	66.000000	-60.000000	711.000000	700.000000	90.000000
631	66.000000	-60.000000	711.000000	700.000000	90.000000
632	66.000000	-60.000000	711.000000	700.000000	90.000000
633	67.000000	-63.000000	704.000000	700.000000	-76.759487
634	67.000000	-63.000000	705.000000	700.000000	-76.759487
635	67.000000	-63.000000	705.000000	700.000000	-76.759487
636	67.000000	-63.000000	695.000000	700.000000	-76.759487
637	65.000000	-60.000000	695.000000	700.000000	90.000000
638	65.000000	-60.000000	686.000000	700.000000	90.000000
639	62.000000	-63.000000	686.000000	700.000000	90.000000
640	62.000000	-63.000000	684.000000	700.000000	90.000000
641	62.000000	-63.000000	684.000000	700.000000	90.000000
642	55.000000	-62.000000	684.000000	700.000000	90.000000
643	55.000000	-62.000000	668.000000	700.000000	90.000000
644	55.000000	-62.000000	532.000000	700.000000	90.000000
645	55.000000	-62.000000	532.000000	700.000000	90.000000
646	55.000000	-62.000000	524.000000	700.000000	90.000000
647	55.000000	-62.000000	524.000000	700.000000	90.000000
648	55.000000	-62.000000	515.000000	700.000000	90.000000
649	55.000000	-62.000000	515.000000	700.000000	90.000000
650	55.000000	-62.000000	510.000000	700.000000	90.000000
651	55.000000	-62.000000	510.000000	700.000000	90.000000
652	55.000000	-62.000000	510.000000	700.000000	90.000000
653	55.000000	-62.000000	508.000000	700.000000	90.000000
654	-47.000000	-61.000000	507.000000	700.000000	90.000000
655	-47.000000	-61.000000	507.000000	700.000000	90.000000
656	-48.000000	-56.000000	507.000000	700.000000	90.000000
657	-48.000000	-56.000000	510.000000	700.000000	90.000000
658	-69.000000	-9.000000	601.000000	700.000000	14.036236
659	-69.000000	-9.000000	601.000000	700.000000	14.036236
660	-64.000000	-8.000000	612.000000	700.000000	0.000000
661	-64.000000	-8.000000	612.000000	700.000000	0.000000
662	-75.000000	-6.000000	625.000000	700.000000	17.102732
663	-75.000000	-6.000000	625.000000	700.000000	17.102732
664	-75.000000	-6.000000	625.000000	700.000000	17.102732
665	-75.000000	-3.000000	630.000000	700.000000	16.260207
666	-75.000000	-3.000000	642.000000	700.000000	16.260207
667	-70.000000	6.000000	642.000000	700.000000	14.036236
668	-70.000000	6.000000	642.000000	700.000000	14.036236
669	-70.000000	6.000000	642.000000	700.000000	14.036236
670	-61.000000	10.000000	647.000000	700.000000	15.524111
671	-61.000000	10.000000	647.000000	700.000000	15.524111
672	-52.000000	12.000000	657.000000	700.000000	15.255118
673	-52.000000	12.000000	657.000000	700.000000	15.255118
674	-52.000000	12.000000	653.000000	700.000000	15.255118
675	-44.000000	16.000000	653.000000	700.000000	15.255118
676	-44.000000	16.000000	666.000000	700.000000	15.255118
677	-44.000000	16.000000	666.000000	700.000000	15.255118
678	-37.000000	20.000000	648.000000	700.000000	15.255118
679	-37.000000	20.000000	648.000000	700.000000	15.255118
680	-37.000000	20.000000	648.000000	700.000000	15.255118
681	-33.000000	23.000000	654.000000	700.000000	14.036236
682	-33.000000	23.000000	653.000000	700.000000	14.036236
683	-30.000000	25.000000	653.000000	700.000000	14.036236
684	-30.000000	25.000000	666.000000	700.000000	14.036236
685	-30.000000	25.000000	666.000000	700.000000	14.036236
686	-27.000000	26.000000	666.000000	700.000000	15.255118
687	-27.000000	26.000000	665.000000	700.000000	15.255118
688	-25.000000	27.000000	665.000000	700.000000	14.036236
689	-25.000000	27.000000	667.000000	700.000000	14.036236
690	-25.000000	27.000000	668.000000	700.000000	14.036236
691	-25.000000	27.000000	668.000000	700.000000	14.036236
692	-23.000000	28.000000	675.000000	700.000000	12.994612
693	-23.000000	28.000000	675.000000	700.000000	12.994612
694	-22.000000	29.000000	684.000000	700.000000	12.528800
695	-22.000000	29.000000	684.000000	700.000000	12.528800
696	-22.000000	29.000000	690.000000	700.000000	12.528800
697	-21.000000	30.000000	690.000000	700.000000	10.304850
698	-21.000000	30.000000	699.000000	700.000000	10.304850
699	-19.000000	31.000000	699.000000	700.000000	11.309926
700	-19.000000	31.000000	703.000000	700.000000	11.309926
701	-19.000000	31.000000	703.000000	700.000000	11.309926
702	-19.000000	31.000000	720.000000	700.000000	11.309926
703	-19.000000	31.000000	720.000000	700.000000	11.309926
704	-19.000000	31.000000	734.000000	700.000000	11.309926
705	-19.000000	31.000000	734.000000	700.000000	11.309926
706	-15.000000	32.000000	742.000000	700.000000	12.264772
707	-15.000000	32.000000	742.000000	700.000000	12.264772
708	-15.000000	32.000000	765.000000	700.000000	12.264772
709	-15.000000	32.000000	765.000000	700.000000	12.264772
710	-15.000000	32.000000	750.000000	700.000000	12.264772
711	-11.000000	34.000000	750.000000	700.000000	10.007982
712	-11.000000	34.000000	755.000000	700.000000	10.007982
713	-11.000000	34.000000	755.000000	700.000000	10.007982
714	-11.000000	34.000000	753.000000	700.000000	10.007982
715	-11.000000	34.000000	753.000000	700.000000	10.007982
716	-11.000000	34.000000	753.000000	700.000000	10.007982
717	-9.000000	37.000000	749.000000	700.000000	7.125014
718	-9.000000	37.000000	749.000000	700.000000	7.125014
719	-9.000000	37.000000	747.000000	700.000000	7.125014
720	-6.000000	38.000000	747.000000	700.000000	8.130104
721	-4.000000	40.000000	746.000000	700.000000	8.130104
722	-4.000000	40.000000	746.000000	700.000000	8.130104
723	-4.000000	40.000000	751.000000	700.000000	8.130104
724	-2.000000	42.000000	739.000000	700.000000	7.125014
725	-2.000000	42.000000	739.000000	700.000000	7.125014
726	0.000000	44.000000	732.000000	700.000000	8.130104
727	0.000000	44.000000	732.000000	700.000000	8.130104
728	0.000000	44.000000	721.000000	700.000000	8.130104
729	2.000000	47.000000	721.000000	700.000000	6.842770
730	2.000000	47.000000	713.000000	700.000000	6.842770
731	2.000000	47.000000	713.000000	700.000000	6.842770
732	3.000000	49.000000	713.000000	700.000000	8.130104
733	3.000000	49.000000	702.000000	700.000000	8.130104
734	3.000000	49.000000	687.000000	700.000000	8.130104
735	5.000000	45.000000	687.000000	700.000000	6.709841
736	5.000000	45.000000	678.000000	700.000000	6.709841
737	7.000000	46.000000	678.000000	700.000000	6.340184
738	7.000000	46.000000	663.000000	700.000000	6.340184
739	7.000000	46.000000	663.000000	700.000000	6.340184
740	7.000000	47.000000	650.000000	700.000000	-85.601290
741	7.000000	47.000000	650.000000	700.000000	-85.601290
742	8.000000	50.000000	642.000000	700.000000	-84.289402
743	8.000000	50.000000	642.000000	700.000000	-84.289402
744	8.000000	50.000000	626.000000	700.000000	-84.289402
745	7.000000	50.000000	626.000000	700.000000	90.000000
746	7.000000	50.000000	619.000000	700.000000	90.000000
747	7.000000	50.000000	619.000000	700.000000	90.000000
748	5.000000	51.000000	607.000000	700.000000	90.000000
749	5.000000	51.000000	607.000000	700.000000	90.000000
750	5.000000	51.000000	607.000000	700.000000	90.000000
751	4.000000	53.000000	600.000000	700.000000	90.000000
752	4.000000	53.000000	600.000000	700.000000	90.000000
753	4.000000	53.000000	600.000000	700.000000	90.000000
754	4.000000	53.000000	597.000000	700.000000	90.000000
755	4.000000	53.000000	597.000000	700.000000	90.000000
756	2.000000	55.000000	603.000000	700.000000	90.000000
757	2.000000	55.000000	603.000000	700.000000	90.000000
758	2.000000	55.000000	605.000000	700.000000	90.000000
759	0.000000	56.000000	605.000000	700.000000	90.000000
760	0.000000	56.000000	610.000000	700.000000	90.000000
761	-1.000000	57.000000	610.000000	700.000000	90.000000
762	-1.000000	57.000000	623.000000	700.000000	90.000000
763	-1.000000	57.000000	623.000000	700.000000	90.000000
764	-3.000000	57.000000	626.000000	700.000000	90.000000
765	-3.000000	57.000000	626.000000	700.000000	90.000000
766	-4.000000	56.000000	640.000000	700.000000	90.000000
767	-4.000000	56.000000	640.000000	700.000000	90.000000
768	-4.000000	56.000000	656.000000	700.000000	90.000000
769	-8.000000	55.000000	656.000000	700.000000	90.000000
770	-8.000000	55.000000	668.000000	700.000000	90.000000
771	-8.000000	55.000000	668.000000	700.000000	90.000000
772	-12.000000	54.000000	685.000000	700.000000	-84.805559
773	-12.000000	54.000000	685.000000	700.000000	-84.805559
774	-15.000000	52.000000	705.000000	700.000000	-85.914386
775	-15.000000	52.000000	705.000000	700.000000	-85.914386
776	-15.000000	52.000000	725.000000	700.000000	-85.914386
777	-19.000000	51.000000	725.000000	700.000000	-83.290159
778	-19.000000	51.000000	742.000000	700.000000	-83.290159
779	-19.000000	51.000000	742.000000	700.000000	-83.290159
780	-22.000000	49.000000	764.000000	700.000000	7.125014
781	-22.000000	49.000000	764.000000	700.000000	7.125014
782	-22.000000	49.000000	782.000000	700.000000	7.125014
783	-23.000000	47.000000	782.000000	700.000000	6.340184
784	-23.000000	47.000000	805.000000	700.000000	6.340184
785	-22.000000	51.000000	805.000000	700.000000	9.462325
786	-22.000000	51.000000	823.000000	700.000000	9.462325
787	-22.000000	51.000000	823.000000	700.000000	9.462325
788	-21.000000	50.000000	840.000000	700.000000	6.340184
789	-21.000000	50.000000	840.000000	700.000000	6.340184
790	-21.000000	50.000000	853.000000	700.000000	6.340184
791	-20.000000	49.000000	853.000000	700.000000	4.763640
792	-20.000000	49.000000	873.000000	700.000000	4.763640
793	-18.000000	50.000000	873.000000	700.000000	6.340184
794	-18.000000	50.000000	873.000000	700.000000	6.340184
795	-18.000000	50.000000	873.000000	700.000000	6.340184
796	-16.000000	52.000000	878.000000	700.000000	6.009009
797	-16.000000	52.000000	878.000000	700.000000	6.009009
798	-16.000000	52.000000	879.000000	700.000000	6.009009
799	-15.000000	54.000000	879.000000	700.000000	6.340184
800	-15.000000	54.000000	885.000000	700.000000	6.340184
801	-14.000000	50.000000	885.000000	700.000000	7.125014
802	-14.000000	50.000000	879.000000	700.000000	7.125014
803	-14.000000	50.000000	879.000000	700.000000	7.125014
804	-13.000000	50.000000	877.000000	700.000000	0.000000
805	-13.000000	50.000000	877.000000	700.000000	0.000000
806	-13.000000	50.000000	880.000000	700.000000	0.000000
807	-12.000000	53.000000	880.000000	700.000000	-82.874979
808	-12.000000	53.000000	854.000000	700.000000	-82.874979
809	-12.000000	53.000000	854.000000	700.000000	90.000000
810	-12.000000	53.000000	868.000000	700.000000	90.000000
811	-12.000000	53.000000	868.000000	700.000000	90.000000
812	-10.000000	54.000000	835.000000	700.000000	90.000000
813	-10.000000	54.000000	835.000000	700.000000	90.000000
814	-10.000000	54.000000	818.000000	700.000000	90.000000
815	-9.000000	56.000000	818.000000	700.000000	90.000000
816	-9.000000	56.000000	801.000000	700.000000	90.000000
817	-9.000000	56.000000	801.000000	700.000000	90.000000
818	-7.000000	58.000000	786.000000	700.000000	90.000000
819	-7.000000	58.000000	786.000000	700.000000	90.000000
820	-7.000000	59.000000	773.000000	700.000000	90.000000
821	-7.000000	59.000000	773.000000	700.000000	90.000000
822	-5.000000	61.000000	748.000000	700.000000	90.000000
823	-5.000000	61.000000	748.000000	700.000000	90.000000
824	-5.000000	61.000000	731.000000	700.000000	90.000000
825	-5.000000	61.000000	731.000000	700.000000	90.000000
826	-5.000000	63.000000	715.000000	700.000000	90.000000
827	-5.000000	63.000000	715.000000	700.000000	90.000000
828	-4.000000	62.000000	700.000000	700.000000	90.000000
829	-4.000000	62.000000	700.000000	700.000000	90.000000
830	-4.000000	62.000000	684.000000	700.000000	90.000000
831	-5.000000	62.000000	684.000000	700.000000	90.000000
832	-5.000000	62.000000	672.000000	700.000000	90.000000
833	-4.000000	61.000000	672.000000	700.000000	90.000000
834	-4.000000	61.000000	656.000000	700.000000	90.000000
835	-4.000000	61.000000	656.000000	700.000000	90.000000
836	-4.000000	61.000000	644.000000	700.000000	90.000000
837	-6.000000	60.000000	644.000000	700.000000	90.000000
838	-6.000000	60.000000	634.000000	700.000000	90.000000
839	-5.000000	59.000000	634.000000	700.000000	90.000000
840	-5.000000	59.000000	628.000000	700.000000	90.000000
841	-5.000000	59.000000	628.000000	700.000000	90.000000
842	-6.000000	59.000000	624.000000	700.000000	90.000000
843	-6.000000	59.000000	624.000000	700.000000	90.000000
844	-7.000000	57.000000	617.000000	700.000000	90.000000
845	-7.000000	57.000000	617.000000	700.000000	90.000000
846	-7.000000	57.000000	619.000000	700.000000	90.000000
847	-7.000000	55.000000	619.000000	700.000000	90.000000
848	-7.000000	55.000000	624.000000	700.000000	90.000000
849	-7.000000	55.000000	624.000000	700.000000	90.000000
850	-7.000000	52.000000	630.000000	700.000000	90.000000
851	-7.000000	52.000000	630.000000	700.000000	90.000000
852	-5.000000	51.000000	634.000000	700.000000	-85.236353
853	-5.000000	51.000000	634.000000	700.000000	-85.236353
854	-5.000000	51.000000	650.000000	700.000000	-85.236353
855	-2.000000	50.000000	650.000000	700.000000	-86.423672
856	-2.000000	50.000000	662.000000	700.000000	-86.423672
857	-2.000000	50.000000	662.000000	700.000000	-86.423672
858	4.000000	49.000000	670.000000	700.000000	-85.763603
859	4.000000	49.000000	670.000000	700.000000	-85.763603
860	4.000000	49.000000	686.000000	700.000000	-85.763603
861	9.000000	48.000000	686.000000	700.000000	4.398703
862	9.000000	48.000000	703.000000	700.000000	4.398703
863	15.000000	48.000000	703.000000	700.000000	4.085614
864	15.000000	48.000000	720.000000	700.000000	4.085614
865	23.000000	48.000000	720.000000	700.000000	4.085614
866	23.000000	48.000000	737.000000	700.000000	4.085614
867	23.000000	48.000000	737.000000	700.000000	4.085614
868	30.000000	49.000000	758.000000	700.000000	4.398703
869	30.000000	49.000000	758.000000	700.000000	4.398703
870	30.000000	49.000000	785.000000	700.000000	4.398703
871	41.000000	51.000000	785.000000	700.000000	90.000000
872	41.000000	51.000000	801.000000	700.000000	90.000000
873	41.000000	51.000000	801.000000	700.000000	90.000000
874	47.000000	54.000000	801.000000	700.000000	-84.805559
875	47.000000	54.000000	822.000000	700.000000	-84.805559
876	52.000000	56.000000	839.000000	700.000000	90.000000
877	52.000000	56.000000	839.000000	700.000000	90.000000
878	52.000000	56.000000	855.000000	700.000000	90.000000
879	56.000000	58.000000	855.000000	700.000000	90.000000
880	56.000000	58.000000	873.000000	700.000000	90.000000
881	56.000000	58.000000	873.000000	700.000000	90.000000
882	56.000000	58.000000	883.000000	700.000000	90.000000
883	56.000000	58.000000	883.000000	700.000000	90.000000
884	56.000000	58.000000	891.000000	700.000000	90.000000
885	56.000000	58.000000	891.000000	700.000000	90.000000
886	56.000000	58.000000	895.000000	700.000000	90.000000
887	56.000000	58.000000	895.000000	700.000000	90.000000
888	56.000000	58.000000	896.000000	700.000000	90.000000
889	56.000000	58.000000	896.000000	700.000000	90.000000
890	56.000000	58.000000	897.000000	700.000000	90.000000
891	56.000000	58.000000	897.000000	700.000000	90.000000
892	56.000000	58.000000	893.000000	700.000000	90.000000
893	56.000000	58.000000	893.000000	700.000000	90.000000
894	56.000000	58.000000	881.000000	700.000000	90.000000
895	56.000000	58.000000	881.000000	700.000000	90.000000
896	56.000000	58.000000	890.000000	700.000000	90.000000
897	56.000000	58.000000	890.000000	700.000000	90.000000
898	56.000000	58.000000	866.000000	700.000000	90.000000
899	56.000000	58.000000	866.000000	700.000000	90.000000
900	56.000000	58.000000	854.000000	700.000000	90.000000
901	56.000000	58.000000	854.000000	700.000000	90.000000
902	56.000000	58.000000	838.000000	700.000000	90.000000
903	56.000000	58.000000	824.000000	700.000000	90.000000
904	56.000000	58.000000	824.000000	700.000000	90.000000
905	56.000000	58.000000	824.000000	700.000000	90.000000
906	56.000000	58.000000	811.000000	700.000000	90.000000
907	56.000000	58.000000	799.000000	700.000000	90.000000
908	56.000000	58.000000	799.000000	700.000000	90.000000
909	56.000000	58.000000	799.000000	700.000000	90.000000
910	56.000000	58.000000	782.000000	700.000000	90.000000
911	56.000000	58.000000	782.000000	700.000000	90.000000
912	56.000000	58.000000	769.000000	700.000000	90.000000
913	56.000000	58.000000	752.000000	700.000000	90.000000
914	56.000000	58.000000	752.000000	700.000000	90.000000
915	56.000000	58.000000	737.000000	700.000000	90.000000
916	56.000000	58.000000	737.000000	700.000000	90.000000
917	56.000000	58.000000	737.000000	700.000000	90.000000
918	56.000000	58.000000	719.000000	700.000000	90.000000
919	56.000000	58.000000	719.000000	700.000000	90.000000
920	56.000000	58.000000	707.000000	700.000000	90.000000
921	56.000000	58.000000	707.000000	700.000000	90.000000
922	56.000000	58.000000	693.000000	700.000000	90.000000
923	56.000000	58.000000	693.000000	700.000000	90.000000
924	56.000000	58.000000	677.000000	700.000000	90.000000
925	56.000000	58.000000	666.000000	700.000000	90.000000
926	56.000000	58.000000	666.000000	700.000000	90.000000
927	56.000000	58.000000	652.000000	700.000000	90.000000
928	56.000000	58.000000	652.000000	700.000000	90.000000
929	56.000000	58.000000	652.000000	700.000000	90.000000
930	56.000000	58.000000	646.000000	700.000000	90.000000
931	56.000000	58.000000	635.000000	700.000000	90.000000
932	56.000000	58.000000	635.000000	700.000000	90.000000
933	56.000000	58.000000	625.000000	700.000000	90.000000
934	56.000000	58.000000	625.000000	700.000000	90.000000
935	56.000000	58.000000	625.000000	700.000000	90.000000
936	56.000000	58.000000	614.000000	700.000000	90.000000
937	56.000000	58.000000	614.000000	700.000000	90.000000
938	56.000000	58.000000	614.000000	700.000000	90.000000
939	56.000000	58.000000	614.000000	700.000000	90.000000
940	56.000000	58.000000	614.000000	700.000000	90.000000
941	56.000000	58.000000	613.000000	700.000000	90.000000
942	56.000000	58.000000	613.000000	700.000000	90.000000
943	56.000000	58.000000	618.000000	700.000000	90.000000
944	56.000000	58.000000	618.000000	700.000000	90.000000
945	56.000000	58.000000	618.000000	700.000000	90.000000
946	56.000000	58.000000	631.000000	700.000000	90.000000
947	56.000000	58.000000	625.000000	700.000000	90.000000
948	56.000000	58.000000	625.000000	700.000000	90.000000
949	65.000000	64.000000	625.000000	700.000000	90.000000
950	65.000000	64.000000	635.000000	700.000000	90.000000
951	65.000000	64.000000	635.000000	700.000000	90.000000
952	68.000000	63.000000	645.000000	700.000000	90.000000
953	68.000000	63.000000	645.000000	700.000000	90.000000
954	68.000000	63.000000	655.000000	700.000000	90.000000
955	68.000000	63.000000	687.000000	700.000000	90.000000
956	68.000000	63.000000	687.000000	700.000000	90.000000
957	68.000000	63.000000	676.000000	700.000000	90.000000
958	68.000000	63.000000	676.000000	700.000000	90.000000
959	68.000000	63.000000	689.000000	700.000000	90.000000
960	68.000000	63.000000	689.000000	700.000000	90.000000
961	68.000000	63.000000	705.000000	700.000000	90.000000
962	68.000000	63.000000	705.000000	700.000000	90.000000
963	68.000000	63.000000	721.000000	700.000000	90.000000
964	68.000000	63.000000	721.000000	700.000000	90.000000
965	68.000000	63.000000	741.000000	700.000000	90.000000
966	68.000000	63.000000	741.000000	700.000000	90.000000
967	68.000000	63.000000	741.000000	700.000000	90.000000
968	68.000000	63.000000	758.000000	700.000000	90.000000
969	68.000000	63.000000	774.000000	700.000000	90.000000
970	68.000000	63.000000	774.000000	700.000000	90.000000
971	68.000000	63.000000	797.000000	700.000000	90.000000
972	68.000000	63.000000	797.000000	700.000000	90.000000
973	68.000000	63.000000	807.000000	700.000000	90.000000
974	68.000000	63.000000	807.000000	700.000000	90.000000
975	68.000000	63.000000	819.000000	700.000000	90.000000
976	68.000000	63.000000	819.000000	700.000000	90.000000
977	68.000000	63.000000	825.000000	700.000000	90.000000
978	68.000000	63.000000	825.000000	700.000000	90.000000
979	68.000000	63.000000	832.000000	700.000000	90.000000
980	68.000000	63.000000	832.000000	700.000000	90.000000
981	68.000000	63.000000	846.000000	700.000000	90.000000
982	68.000000	63.000000	846.000000	700.000000	90.000000
983	68.000000	63.000000	846.000000	700.000000	90.000000
984	68.000000	63.000000	850.000000	700.000000	90.000000
985	68.000000	63.000000	860.000000	700.000000	90.000000
986	68.000000	63.000000	860.000000	700.000000	90.000000
987	68.000000	63.000000	860.000000	700.000000	90.000000
988	68.000000	63.000000	841.000000	700.000000	90.000000
989	68.000000	63.000000	829.000000	700.000000	90.000000
990	68.000000	63.000000	829.000000	700.000000	90.000000
991	68.000000	63.000000	833.000000	700.000000	90.000000
992	68.000000	63.000000	833.000000	700.000000	90.000000
993	68.000000	63.000000	818.000000	700.000000	90.000000
994	68.000000	63.000000	818.000000	700.000000	90.000000
995	68.000000	63.000000	818.000000	700.000000	90.000000
996	68.000000	63.000000	804.000000	700.000000	90.000000
997	68.000000	62.000000	791.000000	700.000000	90.000000
998	68.000000	62.000000	791.000000	700.000000	90.000000
999	68.000000	62.000000	777.000000	700.000000	90.000000
1000	66.000000	62.000000	777.000000	700.000000	90.000000
1001	66.000000	62.000000	769.000000	700.000000	90.000000
1002	60.000000	63.000000	769.000000	700.000000	90.000000
1003	60.000000	63.000000	754.000000	700.000000	90.000000
1004	60.000000	63.000000	754.000000	700.000000	90.000000
1005	60.000000	63.000000	741.000000	700.000000	90.000000
1006	60.000000	63.000000	741.000000	700.000000	90.000000
1007	60.000000	63.000000	721.000000	700.000000	90.000000
1008	60.000000	63.000000	721.000000	700.000000	90.000000
1009	60.000000	63.000000	698.000000	700.000000	90.000000
1010	60.000000	63.000000	698.000000	700.000000	90.000000
1011	60.000000	63.000000	681.000000	700.000000	90.000000
1012	60.000000	63.000000	681.000000	700.000000	90.000000
1013	60.000000	63.000000	667.000000	700.000000	90.000000
1014	60.000000	63.000000	667.000000	700.000000	90.000000
1015	60.000000	63.000000	650.000000	700.000000	90.000000
1016	60.000000	63.000000	650.000000	700.000000	90.000000
1017	60.000000	63.000000	641.000000	700.000000	90.000000
1018	60.000000	63.000000	641.000000	700.000000	90.000000
1019	60.000000	63.000000	628.000000	700.000000	90.000000
1020	60.000000	63.000000	628.000000	700.000000	90.000000
1021	60.000000	63.000000	616.000000	700.000000	90.000000
1022	60.000000	63.000000	616.000000	700.000000	90.000000
1023	60.000000	63.000000	607.000000	700.000000	90.000000
1024	60.000000	63.000000	607.000000	700.000000	90.000000
1025	60.000000	63.000000	602.000000	700.000000	90.000000
1026	60.000000	63.000000	602.000000	700.000000	90.000000
1027	60.000000	63.000000	601.000000	700.000000	90.000000
1028	60.000000	63.000000	601.000000	700.000000	90.000000
1029	60.000000	63.000000	605.000000	700.000000	90.000000
1030	60.000000	63.000000	605.000000	700.000000	90.000000
1031	60.000000	63.000000	611.000000	700.000000	90.000000
1032	60.000000	63.000000	611.000000	700.000000	90.000000
1033	60.000000	63.000000	609.000000	700.000000	90.000000
1034	60.000000	63.000000	609.000000	700.000000	90.000000
1035	60.000000	63.000000	621.000000	700.000000	90.000000
1036	60.000000	63.000000	621.000000	700.000000	90.000000
1037	60.000000	63.000000	626.000000	700.000000	90.000000
1038	60.000000	63.000000	626.000000	700.000000	90.000000
1039	60.000000	63.000000	637.000000	700.000000	90.000000
1040	60.000000	63.000000	637.000000	700.000000	90.000000
1041	60.000000	63.000000	648.000000	700.000000	90.000000
1042	60.000000	63.000000	648.000000	700.000000	90.000000
1043	60.000000	63.000000	664.000000	700.000000	90.000000
1044	60.000000	63.000000	664.000000	700.000000	90.000000
1045	60.000000	63.000000	692.000000	700.000000	90.000000
1046	60.000000	63.000000	692.000000	700.000000	90.000000
1047	60.000000	63.000000	693.000000	700.000000	90.000000
1048	60.000000	63.000000	693.000000	700.000000	90.000000
1049	60.000000	63.000000	712.000000	700.000000	90.000000
1050	60.000000	63.000000	712.000000	700.000000	90.000000
1051	60.000000	63.000000	731.000000	700.000000	90.000000
1052	60.000000	63.000000	731.000000	700.000000	90.000000
1053	60.000000	63.000000	748.000000	700.000000	90.000000
1054	60.000000	63.000000	748.000000	700.000000	90.000000
1055	60.000000	63.000000	771.000000	700.000000	90.000000
1056	60.000000	63.000000	771.000000	700.000000	90.000000
1057	60.000000	63.000000	789.000000	700.000000	90.000000
1058	60.000000	63.000000	789.000000	700.000000	90.000000
1059	60.000000	63.000000	805.000000	700.000000	90.000000
1060	60.000000	63.000000	805.000000	700.000000	90.000000
1061	60.000000	63.000000	821.000000	700.000000	90.000000
1062	60.000000	63.000000	821.000000	700.000000	90.000000
1063	60.000000	63.000000	836.000000	700.000000	90.000000
1064	60.000000	63.000000	836.000000	700.000000	90.000000
1065	60.000000	63.000000	838.000000	700.000000	90.000000
1066	60.000000	63.000000	838.000000	700.000000	90.000000
1067	60.000000	63.000000	791.000000	700.000000	90.000000
1068	60.000000	63.000000	782.000000	700.000000	90.000000
1069	60.000000	63.000000	782.000000	700.000000	90.000000
1070	60.000000	63.000000	782.000000	700.000000	90.000000
1071	60.000000	63.000000	782.000000	700.000000	90.000000
1072	60.000000	63.000000	769.000000	700.000000	90.000000
1073	60.000000	63.000000	769.000000	700.000000	90.000000
1074	60.000000	63.000000	775.000000	700.000000	90.000000
1075	60.000000	63.000000	775.000000	700.000000	90.000000
1076	60.000000	63.000000	787.000000	700.000000	90.000000
1077	60.000000	63.000000	787.000000	700.000000	90.000000
1078	60.000000	63.000000	787.000000	700.000000	90.000000
1079	60.000000	63.000000	787.000000	700.000000	90.000000
1080	60.000000	63.000000	778.000000	700.000000	90.000000
1081	60.000000	63.000000	778.000000	700.000000	90.000000
1082	60.000000	63.000000	774.000000	700.000000	90.000000
1083	60.000000	63.000000	774.000000	700.000000	90.000000
1084	60.000000	63.000000	757.000000	700.000000	90.000000
1085	60.000000	63.000000	757.000000	700.000000	90.000000
1086	60.000000	63.000000	743.000000	700.000000	90.000000
1087	60.000000	63.000000	743.000000	700.000000	90.000000
1088	60.000000	63.000000	735.000000	700.000000	90.000000
1089	60.000000	63.000000	735.000000	700.000000	90.000000
1090	60.000000	63.000000	730.000000	700.000000	90.000000
1091	53.000000	47.000000	689.000000	700.000000	90.000000
1092	56.000000	45.000000	689.000000	700.000000	85.914383
1093	56.000000	45.000000	670.000000	700.000000	85.914383
1094	56.000000	45.000000	670.000000	700.000000	85.914383
1095	56.000000	45.000000	667.000000	700.000000	85.914383
1096	55.000000	41.000000	667.000000	700.000000	-2.045409
1097	55.000000	41.000000	672.000000	700.000000	-2.045409
1098	50.000000	44.000000	672.000000	700.000000	-4.763640
1099	50.000000	44.000000	664.000000	700.000000	-4.763640
1100	40.000000	35.000000	664.000000	700.000000	-4.398703
1101	40.000000	35.000000	660.000000	700.000000	-4.398703
1102	40.000000	35.000000	660.000000	700.000000	-4.398703
1103	29.000000	29.000000	660.000000	700.000000	-4.573925
1104	29.000000	29.000000	656.000000	700.000000	-4.573925
1105	-16.000000	4.000000	704.000000	700.000000	-2.602562
1106	-71.000000	23.000000	805.000000	700.000000	0.000000
1107	-71.000000	23.000000	805.000000	700.000000	0.000000
1108	-71.000000	23.000000	805.000000	700.000000	0.000000
1109	-71.000000	23.000000	805.000000	700.000000	0.000000
1110	-71.000000	23.000000	818.000000	700.000000	0.000000
1111	-73.000000	27.000000	818.000000	700.000000	0.000000
1112	-73.000000	27.000000	806.000000	700.000000	0.000000
1113	-73.000000	27.000000	806.000000	700.000000	0.000000
1114	-71.000000	29.000000	805.000000	700.000000	0.000000
1115	-71.000000	29.000000	805.000000	700.000000	0.000000
1116	-71.000000	29.000000	806.000000	700.000000	0.000000
1117	-70.000000	32.000000	806.000000	700.000000	-4.763640
1118	-70.000000	32.000000	788.000000	700.000000	-4.763640
1119	-59.000000	28.000000	788.000000	700.000000	-4.969741
1120	-59.000000	28.000000	780.000000	700.000000	-4.969741
1121	-48.000000	23.000000	780.000000	700.000000	-5.194427
1122	-48.000000	23.000000	776.000000	700.000000	-5.194427
1123	-48.000000	23.000000	776.000000	700.000000	-5.194427
1124	-48.000000	23.000000	759.000000	700.000000	-5.194427
1125	-36.000000	15.000000	759.000000	700.000000	-4.969741
1126	-24.000000	3.000000	726.000000	700.000000	-6.340191
1127	-24.000000	3.000000	726.000000	700.000000	-6.340191
1128	-18.000000	0.000000	714.000000	700.000000	-5.710591
1129	-18.000000	0.000000	714.000000	700.000000	-5.710591
1130	-18.000000	0.000000	700.000000	700.000000	-5.710591
1131	-18.000000	0.000000	700.000000	700.000000	-5.710591
1132	-15.000000	-1.000000	690.000000	700.000000	-6.842777
1133	-22.000000	-2.000000	670.000000	700.000000	-5.194427
1134	-22.000000	-2.000000	668.000000	700.000000	-5.194427
1135	-28.000000	-7.000000	668.000000	700.000000	-5.194427
1136	-28.000000	-7.000000	667.000000	700.000000	-5.194427
1137	-28.000000	-7.000000	667.000000	700.000000	-5.194427
1138	-36.000000	-17.000000	648.000000	700.000000	-7.594644
1139	-36.000000	-17.000000	648.000000	700.000000	-7.594644
1140	-36.000000	-17.000000	633.000000	700.000000	-7.594644
1141	-38.000000	-19.000000	633.000000	700.000000	-6.842777
1142	-43.000000	-15.000000	627.000000	700.000000	-9.090278
1143	-45.000000	-18.000000	627.000000	700.000000	-7.431410
1144	-45.000000	-18.000000	636.000000	700.000000	-7.431410
1145	-49.000000	-24.000000	636.000000	700.000000	-10.304850
1146	-78.000000	-9.000000	724.000000	700.000000	0.000000
1147	-78.000000	-9.000000	724.000000	700.000000	0.000000
1148	-78.000000	-9.000000	728.000000	700.000000	0.000000
1149	-78.000000	-9.000000	728.000000	700.000000	0.000000
1150	-78.000000	-9.000000	723.000000	700.000000	0.000000
1151	-78.000000	-9.000000	723.000000	700.000000	0.000000
1152	-78.000000	-9.000000	723.000000	700.000000	0.000000
1153	-78.000000	-9.000000	723.000000	700.000000	0.000000
1154	-78.000000	6.000000	715.000000	700.000000	0.000000
1155	-78.000000	6.000000	716.000000	700.000000	0.000000
1156	-75.000000	7.000000	716.000000	700.000000	0.000000
1157	-75.000000	7.000000	716.000000	700.000000	0.000000
1158	-75.000000	7.000000	709.000000	700.000000	0.000000
1159	-71.000000	8.000000	701.000000	700.000000	0.000000
1160	-71.000000	8.000000	701.000000	700.000000	0.000000
1161	-68.000000	10.000000	694.000000	700.000000	0.000000
1162	-68.000000	10.000000	694.000000	700.000000	0.000000
1163	-68.000000	10.000000	694.000000	700.000000	0.000000
1164	-68.000000	10.000000	681.000000	700.000000	0.000000
1165	-66.000000	15.000000	674.000000	700.000000	-7.765167
1166	-66.000000	15.000000	674.000000	700.000000	-7.765167
1167	-60.000000	15.000000	666.000000	700.000000	-8.746159
1168	-60.000000	15.000000	666.000000	700.000000	-8.746159
1169	-53.000000	15.000000	666.000000	700.000000	-5.440334
1170	-53.000000	15.000000	657.000000	700.000000	-5.440334
1171	-53.000000	15.000000	657.000000	700.000000	-5.440334
1172	-46.000000	16.000000	661.000000	700.000000	-8.130104
1173	-46.000000	16.000000	661.000000	700.000000	-8.130104
1174	-46.000000	16.000000	647.000000	700.000000	-8.130104
1175	-39.000000	14.000000	644.000000	700.000000	-9.462325
1176	-39.000000	14.000000	644.000000	700.000000	-9.462325
1177	-39.000000	14.000000	644.000000	700.000000	-9.462325
1178	-34.000000	12.000000	640.000000	700.000000	-8.426971
1179	-34.000000	12.000000	646.000000	700.000000	-8.426971
1180	-32.000000	10.000000	646.000000	700.000000	-7.125014
1181	-32.000000	10.000000	648.000000	700.000000	-7.125014
1182	-32.000000	10.000000	648.000000	700.000000	-7.125014
1183	-30.000000	8.000000	649.000000	700.000000	-7.431410
1184	-30.000000	8.000000	649.000000	700.000000	-7.431410
1185	-26.000000	7.000000	661.000000	700.000000	-7.765167
1186	-26.000000	7.000000	661.000000	700.000000	-7.765167
1187	-26.000000	7.000000	663.000000	700.000000	-7.765167
1188	-26.000000	7.000000	663.000000	700.000000	-7.765167
1189	-22.000000	6.000000	663.000000	700.000000	-9.462325
1190	-22.000000	6.000000	681.000000	700.000000	-9.462325
1191	-20.000000	5.000000	703.000000	700.000000	-7.765167
1192	-20.000000	5.000000	703.000000	700.000000	-7.765167
1193	-20.000000	5.000000	703.000000	700.000000	-7.765167
1194	-17.000000	4.000000	706.000000	700.000000	-8.746159
1195	-17.000000	4.000000	706.000000	700.000000	-8.746159
1196	-15.000000	2.000000	714.000000	700.000000	-9.462325
1197	-15.000000	2.000000	728.000000	700.000000	-9.462325
1198	-15.000000	2.000000	728.000000	700.000000	-9.462325
1199	-12.000000	1.000000	738.000000	700.000000	-8.130104
1200	-12.000000	1.000000	738.000000	700.000000	-8.130104
1201	-12.000000	1.000000	738.000000	700.000000	-8.130104
1202	-10.000000	2.000000	745.000000	700.000000	-7.765167
1203	-10.000000	2.000000	750.000000	700.000000	-7.765167
1204	-10.000000	1.000000	750.000000	700.000000	-3.576335
1205	-10.000000	1.000000	749.000000	700.000000	-3.576335
1206	-10.000000	1.000000	749.000000	700.000000	-3.576335
1207	-11.000000	0.000000	746.000000	700.000000	-7.765167
1208	-11.000000	0.000000	746.000000	700.000000	-7.765167
1209	-11.000000	0.000000	746.000000	700.000000	-7.765167
1210	-11.000000	0.000000	740.000000	700.000000	-8.130104
1211	-11.000000	0.000000	720.000000	700.000000	-8.130104
1212	-11.000000	0.000000	720.000000	700.000000	-8.130104
1213	-13.000000	0.000000	707.000000	700.000000	-7.765167
1214	-13.000000	0.000000	707.000000	700.000000	-7.765167
1215	-13.000000	0.000000	707.000000	700.000000	-7.765167
1216	-15.000000	0.000000	683.000000	700.000000	-4.763640
1217	-15.000000	0.000000	683.000000	700.000000	-4.763640
1218	-16.000000	-2.000000	658.000000	700.000000	-7.125014
1219	-16.000000	-2.000000	631.000000	700.000000	-7.125014
1220	-16.000000	-2.000000	631.000000	700.000000	-7.125014
1221	-19.000000	-2.000000	631.000000	700.000000	-8.746159
1222	-19.000000	-2.000000	602.000000	700.000000	-8.746159
1223	-19.000000	-3.000000	602.000000	700.000000	-7.853310
1224	-19.000000	-3.000000	571.000000	700.000000	-7.853310
1225	-19.000000	-4.000000	533.000000	700.000000	-6.340191
1226	-19.000000	-4.000000	533.000000	700.000000	-6.340191
1227	-19.000000	-4.000000	499.000000	700.000000	-6.340191
1228	-20.000000	-5.000000	499.000000	700.000000	-6.911229
1229	-20.000000	-5.000000	499.000000	700.000000	-6.911229
1230	-20.000000	-5.000000	461.000000	700.000000	-6.911229
1231	-20.000000	-5.000000	461.000000	700.000000	-6.911229
1232	-20.000000	-5.000000	461.000000	700.000000	-6.911229
1233	-20.000000	-5.000000	429.000000	700.000000	-6.911229
1234	-20.000000	-5.000000	385.000000	700.000000	-6.911229
1235	-20.000000	-5.000000	350.000000	700.000000	-6.911229
1236	-20.000000	-5.000000	350.000000	700.000000	-6.911229
1237	-22.000000	-10.000000	317.000000	700.000000	-6.009002
1238	-22.000000	-10.000000	317.000000	700.000000	-6.009002
1239	-24.000000	-13.000000	317.000000	700.000000	-6.340191
1240	-24.000000	-13.000000	280.000000	700.000000	-6.340191
1241	-27.000000	-13.000000	248.000000	700.000000	-7.431410
1242	-27.000000	-13.000000	248.000000	700.000000	-7.431410
1243	-27.000000	-13.000000	248.000000	700.000000	-7.431410
1244	-27.000000	-13.000000	219.000000	700.000000	-7.431410
1245	-35.000000	-11.000000	190.000000	700.000000	-6.581946
1246	-35.000000	-11.000000	190.000000	700.000000	-6.581946
1247	-46.000000	-7.000000	162.000000	700.000000	-6.115505
1248	-46.000000	-7.000000	162.000000	700.000000	-6.115505
1249	-46.000000	-7.000000	141.000000	700.000000	-6.115505
1250	-57.000000	-2.000000	141.000000	700.000000	-3.691389
1251	-57.000000	-2.000000	117.000000	700.000000	-3.691389
1252	-57.000000	-2.000000	117.000000	700.000000	-3.691389
1253	-57.000000	-2.000000	117.000000	700.000000	-3.691389
1254	-43.000000	-1.000000	117.000000	700.000000	0.000000
1255	-43.000000	-1.000000	99.000000	700.000000	0.000000
1256	-43.000000	-1.000000	89.000000	700.000000	0.000000
1257	-43.000000	-1.000000	89.000000	700.000000	0.000000
1258	-43.000000	-1.000000	89.000000	700.000000	0.000000
1259	-43.000000	-1.000000	70.000000	700.000000	0.000000
1260	-43.000000	-1.000000	70.000000	700.000000	0.000000
1261	-43.000000	-1.000000	70.000000	700.000000	0.000000
1262	-43.000000	-1.000000	70.000000	700.000000	0.000000
1263	-43.000000	-1.000000	70.000000	700.000000	0.000000
1264	-66.000000	-1.000000	63.000000	700.000000	0.000000
1265	-66.000000	-1.000000	63.000000	700.000000	0.000000
1266	-66.000000	-1.000000	60.000000	700.000000	0.000000
1267	-66.000000	-1.000000	60.000000	700.000000	0.000000
1268	-66.000000	-1.000000	60.000000	700.000000	0.000000
1269	-66.000000	-1.000000	60.000000	700.000000	0.000000
1270	-66.000000	-1.000000	49.000000	700.000000	0.000000
1271	-66.000000	-1.000000	49.000000	700.000000	0.000000
1272	-66.000000	-1.000000	49.000000	700.000000	0.000000
1273	-66.000000	-1.000000	49.000000	700.000000	0.000000
1274	-66.000000	-1.000000	49.000000	700.000000	0.000000
1275	-66.000000	-1.000000	48.000000	700.000000	0.000000
1276	-66.000000	-1.000000	48.000000	700.000000	0.000000
1277	-66.000000	-1.000000	48.000000	700.000000	0.000000
1278	-66.000000	-1.000000	57.000000	700.000000	0.000000
1279	-66.000000	-1.000000	225.000000	700.000000	0.000000
1280	-66.000000	-1.000000	225.000000	700.000000	0.000000
1281	-66.000000	-1.000000	224.000000	700.000000	0.000000
1282	-66.000000	-1.000000	224.000000	700.000000	0.000000
1283	-66.000000	-1.000000	224.000000	700.000000	0.000000
1284	-66.000000	-1.000000	224.000000	700.000000	0.000000
1285	-66.000000	-1.000000	224.000000	700.000000	0.000000
1286	-66.000000	-1.000000	224.000000	700.000000	0.000000
1287	-66.000000	-1.000000	224.000000	700.000000	0.000000
1288	-66.000000	-1.000000	224.000000	700.000000	0.000000
1289	-66.000000	-1.000000	224.000000	700.000000	0.000000
1290	-66.000000	-1.000000	224.000000	700.000000	0.000000
1291	-66.000000	-1.000000	224.000000	700.000000	0.000000
1292	-66.000000	-1.000000	224.000000	700.000000	0.000000
1293	-66.000000	-1.000000	224.000000	700.000000	0.000000
1294	-66.000000	-1.000000	224.000000	700.000000	0.000000
1295	-66.000000	-1.000000	224.000000	700.000000	0.000000
1296	-66.000000	-1.000000	224.000000	700.000000	0.000000
1297	-66.000000	-1.000000	224.000000	700.000000	0.000000
1298	-66.000000	-1.000000	224.000000	700.000000	0.000000
1299	-66.000000	-1.000000	223.000000	700.000000	0.000000
1300	-66.000000	-1.000000	222.000000	700.000000	0.000000
1301	-66.000000	-1.000000	222.000000	700.000000	0.000000
1302	-66.000000	-1.000000	221.000000	700.000000	0.000000
1303	-66.000000	-1.000000	221.000000	700.000000	0.000000
1304	-66.000000	-1.000000	221.000000	700.000000	0.000000
1305	-66.000000	-1.000000	221.000000	700.000000	0.000000
1306	-66.000000	-1.000000	221.000000	700.000000	0.000000
1307	-66.000000	-1.000000	221.000000	700.000000	0.000000
1308	-66.000000	-1.000000	221.000000	700.000000	0.000000
1309	-66.000000	-1.000000	221.000000	700.000000	0.000000
1310	-66.000000	-1.000000	221.000000	700.000000	0.000000
1311	-66.000000	-1.000000	221.000000	700.000000	0.000000
1312	-66.000000	-1.000000	221.000000	700.000000	0.000000
1313	-66.000000	-1.000000	221.000000	700.000000	0.000000
1314	-66.000000	-1.000000	221.000000	700.000000	0.000000
1315	-66.000000	-1.000000	221.000000	700.000000	0.000000
1316	-66.000000	-1.000000	221.000000	700.000000	0.000000
1317	-66.000000	-1.000000	221.000000	700.000000	0.000000
1318	-66.000000	-1.000000	221.000000	700.000000	0.000000
1319	-66.000000	-1.000000	221.000000	700.000000	0.000000
1320	-66.000000	-1.000000	221.000000	700.000000	0.000000
1321	-66.000000	-1.000000	220.000000	700.000000	0.000000
1322	-66.000000	-1.000000	219.000000	700.000000	0.000000
1323	-66.000000	-1.000000	219.000000	700.000000	0.000000
1324	-66.000000	-1.000000	219.000000	700.000000	0.000000
1325	-66.000000	-1.000000	218.000000	700.000000	0.000000
1326	-66.000000	-1.000000	218.000000	700.000000	0.000000
1327	-66.000000	-1.000000	218.000000	700.000000	0.000000
1328	-66.000000	-1.000000	218.000000	700.000000	0.000000
1329	-66.000000	-1.000000	218.000000	700.000000	0.000000
1330	-66.000000	-1.000000	218.000000	700.000000	0.000000
1331	-66.000000	-1.000000	218.000000	700.000000	0.000000
1332	-66.000000	-1.000000	218.000000	700.000000	0.000000
1333	-66.000000	-1.000000	218.000000	700.000000	0.000000
1334	-66.000000	-1.000000	218.000000	700.000000	0.000000
1335	-66.000000	-1.000000	218.000000	700.000000	0.000000
1336	-66.000000	-1.000000	218.000000	700.000000	0.000000
1337	-66.000000	-1.000000	218.000000	700.000000	0.000000
1338	-66.000000	-1.000000	218.000000	700.000000	0.000000
1339	-66.000000	-1.000000	218.000000	700.000000	0.000000
1340	-66.000000	-1.000000	218.000000	700.000000	0.000000
1341	-66.000000	-1.000000	218.000000	700.000000	0.000000
1342	-66.000000	-1.000000	218.000000	700.000000	0.000000
1343	-66.000000	-1.000000	218.000000	700.000000	0.000000
1344	-66.000000	-1.000000	218.000000	700.000000	0.000000
1345	-66.000000	-1.000000	218.000000	700.000000	0.000000
1346	-66.000000	-1.000000	218.000000	700.000000	0.000000
1347	-66.000000	-1.000000	218.000000	700.000000	0.000000
1348	-66.000000	-1.000000	218.000000	700.000000	0.000000
1349	-66.000000	-1.000000	218.000000	700.000000	0.000000
1350	-66.000000	-1.000000	218.000000	700.000000	0.000000
1351	-66.000000	-1.000000	218.000000	700.000000	0.000000
1352	-66.000000	-1.000000	218.000000	700.000000	0.000000
1353	-66.000000	-1.000000	218.000000	700.000000	0.000000
1354	-66.000000	-1.000000	218.000000	700.000000	0.000000
1355	-66.000000	-1.000000	218.000000	700.000000	0.000000
1356	-66.000000	-1.000000	218.000000	700.000000	0.000000
1357	-66.000000	-1.000000	218.000000	700.000000	0.000000
1358	-66.000000	-1.000000	218.000000	700.000000	0.000000
1359	-66.000000	-1.000000	218.000000	700.000000	0.000000
1360	-66.000000	-1.000000	218.000000	700.000000	0.000000
1361	-66.000000	-1.000000	218.000000	700.000000	0.000000
1362	-66.000000	-1.000000	218.000000	700.000000	0.000000
1363	-66.000000	-1.000000	218.000000	700.000000	0.000000
1364	-66.000000	-1.000000	218.000000	700.000000	0.000000
1365	-66.000000	-1.000000	218.000000	700.000000	0.000000
1366	-66.000000	-1.000000	218.000000	700.000000	0.000000
1367	-66.000000	-1.000000	218.000000	700.000000	0.000000
1368	-66.000000	-1.000000	218.000000	700.000000	0.000000
1369	-66.000000	-1.000000	218.000000	700.000000	0.000000
1370	-66.000000	-1.000000	218.000000	700.000000	0.000000
1371	-66.000000	-1.000000	218.000000	700.000000	0.000000
1372	-66.000000	-1.000000	218.000000	700.000000	0.000000
1373	-66.000000	-1.000000	218.000000	700.000000	0.000000
1374	-66.000000	-1.000000	218.000000	700.000000	0.000000
1375	-66.000000	-1.000000	218.000000	700.000000	0.000000
1376	-66.000000	-1.000000	218.000000	700.000000	0.000000
1377	-66.000000	-1.000000	218.000000	700.000000	0.000000
1378	-66.000000	-1.000000	218.000000	700.000000	0.000000
1379	-66.000000	-1.000000	218.000000	700.000000	0.000000
1380	-66.000000	-1.000000	218.000000	700.000000	0.000000
1381	-66.000000	-1.000000	218.000000	700.000000	0.000000
1382	-66.000000	-1.000000	218.000000	700.000000	0.000000
1383	-66.000000	-1.000000	218.000000	700.000000	0.000000
1384	-66.000000	-1.000000	218.000000	700.000000	0.000000
1385	-66.000000	-1.000000	218.000000	700.000000	0.000000
1386	-66.000000	-1.000000	218.000000	700.000000	0.000000
1387	-66.000000	-1.000000	218.000000	700.000000	0.000000
1388	-66.000000	-1.000000	218.000000	700.000000	0.000000
1389	-66.000000	-1.000000	218.000000	700.000000	0.000000
1390	-66.000000	-1.000000	218.000000	700.000000	0.000000
1391	-66.000000	-1.000000	218.000000	700.000000	0.000000
1392	-66.000000	-1.000000	218.000000	700.000000	0.000000
1393	-66.000000	-1.000000	218.000000	700.000000	0.000000
1394	-66.000000	-1.000000	218.000000	700.000000	0.000000
1395	-66.000000	-1.000000	218.000000	700.000000	0.000000
1396	-66.000000	-1.000000	218.000000	700.000000	0.000000
1397	-66.000000	-1.000000	218.000000	700.000000	0.000000
1398	-66.000000	-1.000000	218.000000	700.000000	0.000000
1399	-66.000000	-1.000000	218.000000	700.000000	0.000000
1400	-66.000000	-1.000000	218.000000	700.000000	0.000000
1401	-66.000000	-1.000000	218.000000	700.000000	0.000000
1402	-66.000000	-1.000000	218.000000	700.000000	0.000000
1403	-66.000000	-1.000000	218.000000	700.000000	0.000000
1404	-66.000000	-1.000000	218.000000	700.000000	0.000000
1405	-66.000000	-1.000000	218.000000	700.000000	0.000000
1406	-66.000000	-1.000000	218.000000	700.000000	0.000000
1407	-66.000000	-1.000000	218.000000	700.000000	0.000000
1408	-66.000000	-1.000000	218.000000	700.000000	0.000000
1409	-66.000000	-1.000000	218.000000	700.000000	0.000000
1410	-66.000000	-1.000000	218.000000	700.000000	0.000000
1411	-66.000000	-1.000000	218.000000	700.000000	0.000000
1412	-66.000000	-1.000000	218.000000	700.000000	0.000000
1413	-66.000000	-1.000000	218.000000	700.000000	0.000000
1414	-66.000000	-1.000000	218.000000	700.000000	0.000000
1415	-66.000000	-1.000000	218.000000	700.000000	0.000000
1416	-66.000000	-1.000000	218.000000	700.000000	0.000000
1417	-66.000000	-1.000000	218.000000	700.000000	0.000000
1418	-66.000000	-1.000000	218.000000	700.000000	0.000000
1419	-66.000000	-1.000000	218.000000	700.000000	0.000000
1420	-66.000000	-1.000000	218.000000	700.000000	0.000000
1421	-66.000000	-1.000000	218.000000	700.000000	0.000000
1422	-66.000000	-1.000000	218.000000	700.000000	0.000000
1423	-66.000000	-1.000000	218.000000	700.000000	0.000000
1424	-66.000000	-1.000000	218.000000	700.000000	0.000000
1425	-66.000000	-1.000000	218.000000	700.000000	0.000000
1426	-66.000000	-1.000000	218.000000	700.000000	0.000000
1427	-66.000000	-1.000000	218.000000	700.000000	0.000000
1428	-66.000000	-1.000000	218.000000	700.000000	0.000000
1429	-66.000000	-1.000000	218.000000	700.000000	0.000000
1430	-66.000000	-1.000000	218.000000	700.000000	0.000000
1431	-66.000000	-1.000000	218.000000	700.000000	0.000000
1432	-66.000000	-1.000000	218.000000	700.000000	0.000000
1433	-66.000000	-1.000000	218.000000	700.000000	0.000000
1434	-66.000000	-1.000000	218.000000	700.000000	0.000000
1435	-66.000000	-1.000000	218.000000	700.000000	0.000000
1436	-66.000000	-1.000000	218.000000	700.000000	0.000000
1437	-66.000000	-1.000000	218.000000	700.000000	0.000000
1438	-66.000000	-1.000000	218.000000	700.000000	0.000000
1439	-66.000000	-1.000000	218.000000	700.000000	0.000000
1440	-66.000000	-1.000000	218.000000	700.000000	0.000000
1441	-66.000000	-1.000000	218.000000	700.000000	0.000000
1442	-66.000000	-1.000000	218.000000	700.000000	0.000000
1443	-66.000000	-1.000000	218.000000	700.000000	0.000000
1444	-66.000000	-1.000000	218.000000	700.000000	0.000000
1445	-66.000000	-1.000000	218.000000	700.000000	0.000000
1446	-66.000000	-1.000000	218.000000	700.000000	0.000000
1447	-66.000000	-1.000000	218.000000	700.000000	0.000000
1448	-66.000000	-1.000000	218.000000	700.000000	0.000000
1449	-66.000000	-1.000000	218.000000	700.000000	0.000000
1450	-66.000000	-1.000000	218.000000	700.000000	0.000000
1451	-66.000000	-1.000000	218.000000	700.000000	0.000000
1452	-66.000000	-1.000000	218.000000	700.000000	0.000000
1453	-66.000000	-1.000000	218.000000	700.000000	0.000000
1454	-66.000000	-1.000000	218.000000	700.000000	0.000000
1455	-66.000000	-1.000000	218.000000	700.000000	0.000000
1456	-66.000000	-1.000000	218.000000	700.000000	0.000000
1457	-66.000000	-1.000000	218.000000	700.000000	0.000000
1458	-66.000000	-1.000000	218.000000	700.000000	0.000000
1459	-66.000000	-1.000000	218.000000	700.000000	0.000000
1460	-66.000000	-1.000000	218.000000	700.000000	0.000000
1461	-66.000000	-1.000000	218.000000	700.000000	0.000000
1462	-66.000000	-1.000000	218.000000	700.000000	0.000000
1463	-66.000000	-1.000000	218.000000	700.000000	0.000000
1464	-66.000000	-1.000000	218.000000	700.000000	0.000000
1465	-66.000000	-1.000000	218.000000	700.000000	0.000000
1466	-66.000000	-1.000000	218.000000	700.000000	0.000000
1467	-66.000000	-1.000000	218.000000	700.000000	0.000000
1468	-66.000000	-1.000000	218.000000	700.000000	0.000000
1469	-66.000000	-1.000000	218.000000	700.000000	0.000000
1470	-66.000000	-1.000000	218.000000	700.000000	0.000000
1471	-66.000000	-1.000000	218.000000	700.000000	0.000000
1472	-66.000000	-1.000000	218.000000	700.000000	0.000000
1473	-66.000000	-1.000000	218.000000	700.000000	0.000000
1474	-66.000000	-1.000000	218.000000	700.000000	0.000000
1475	-66.000000	-1.000000	218.000000	700.000000	0.000000
1476	-66.000000	-1.000000	218.000000	700.000000	0.000000
