#	Proyecto: Control de un Quadrotor por VA
#	Datos para la gráfica en GNUplot.

#	Error X	    	Error Y	 	Altura		Alt. Ref	Yaw
0	0.000000	0.000000	0.000000	700.000000	0.000000
1	0.000000	0.000000	0.000000	700.000000	0.000000
2	0.000000	0.000000	0.000000	700.000000	0.000000
3	0.000000	0.000000	0.000000	700.000000	0.000000
4	0.000000	0.000000	0.000000	700.000000	0.000000
5	0.000000	0.000000	0.000000	700.000000	0.000000
6	0.000000	0.000000	0.000000	700.000000	0.000000
7	0.000000	0.000000	218.000000	700.000000	0.000000
8	0.000000	0.000000	218.000000	700.000000	0.000000
9	0.000000	0.000000	218.000000	700.000000	0.000000
10	0.000000	0.000000	218.000000	700.000000	0.000000
11	0.000000	0.000000	218.000000	700.000000	0.000000
12	0.000000	0.000000	218.000000	700.000000	0.000000
13	0.000000	0.000000	218.000000	700.000000	0.000000
14	0.000000	0.000000	218.000000	700.000000	0.000000
15	0.000000	0.000000	218.000000	700.000000	0.000000
16	0.000000	0.000000	218.000000	700.000000	0.000000
17	0.000000	0.000000	218.000000	700.000000	0.000000
18	0.000000	0.000000	218.000000	700.000000	0.000000
19	0.000000	0.000000	218.000000	700.000000	0.000000
20	0.000000	0.000000	218.000000	700.000000	0.000000
21	0.000000	0.000000	218.000000	700.000000	0.000000
22	0.000000	0.000000	218.000000	700.000000	0.000000
23	0.000000	0.000000	218.000000	700.000000	0.000000
24	0.000000	0.000000	218.000000	700.000000	0.000000
25	0.000000	0.000000	218.000000	700.000000	0.000000
26	0.000000	0.000000	218.000000	700.000000	0.000000
27	0.000000	0.000000	218.000000	700.000000	0.000000
28	0.000000	0.000000	218.000000	700.000000	0.000000
29	0.000000	0.000000	218.000000	700.000000	0.000000
30	0.000000	0.000000	218.000000	700.000000	0.000000
31	0.000000	0.000000	218.000000	700.000000	0.000000
32	0.000000	0.000000	218.000000	700.000000	0.000000
33	0.000000	0.000000	218.000000	700.000000	0.000000
34	0.000000	0.000000	218.000000	700.000000	0.000000
35	0.000000	0.000000	218.000000	700.000000	0.000000
36	0.000000	0.000000	218.000000	700.000000	0.000000
37	0.000000	0.000000	218.000000	700.000000	0.000000
38	0.000000	0.000000	223.000000	700.000000	0.000000
39	0.000000	0.000000	223.000000	700.000000	0.000000
40	0.000000	0.000000	223.000000	700.000000	0.000000
41	0.000000	0.000000	223.000000	700.000000	0.000000
42	0.000000	0.000000	223.000000	700.000000	0.000000
43	0.000000	0.000000	223.000000	700.000000	0.000000
44	0.000000	0.000000	223.000000	700.000000	0.000000
45	0.000000	0.000000	223.000000	700.000000	0.000000
46	0.000000	0.000000	0.000000	700.000000	0.000000
47	0.000000	0.000000	0.000000	700.000000	0.000000
48	0.000000	0.000000	0.000000	700.000000	0.000000
49	0.000000	0.000000	0.000000	700.000000	0.000000
50	0.000000	0.000000	0.000000	700.000000	0.000000
51	0.000000	0.000000	0.000000	700.000000	0.000000
52	0.000000	0.000000	0.000000	700.000000	0.000000
53	0.000000	0.000000	0.000000	700.000000	0.000000
54	0.000000	0.000000	0.000000	700.000000	0.000000
55	0.000000	0.000000	0.000000	700.000000	0.000000
56	0.000000	0.000000	0.000000	700.000000	0.000000
57	0.000000	0.000000	0.000000	700.000000	0.000000
58	0.000000	0.000000	0.000000	700.000000	0.000000
59	0.000000	0.000000	0.000000	700.000000	0.000000
60	0.000000	0.000000	0.000000	700.000000	0.000000
61	0.000000	0.000000	0.000000	700.000000	0.000000
62	0.000000	0.000000	0.000000	700.000000	0.000000
63	0.000000	0.000000	0.000000	700.000000	0.000000
64	0.000000	0.000000	0.000000	700.000000	0.000000
65	0.000000	0.000000	0.000000	700.000000	0.000000
66	0.000000	0.000000	0.000000	700.000000	0.000000
67	0.000000	0.000000	0.000000	700.000000	0.000000
68	0.000000	0.000000	0.000000	700.000000	0.000000
69	0.000000	0.000000	0.000000	700.000000	0.000000
70	0.000000	0.000000	0.000000	700.000000	0.000000
71	0.000000	0.000000	0.000000	700.000000	0.000000
72	0.000000	0.000000	0.000000	700.000000	0.000000
73	0.000000	0.000000	0.000000	700.000000	0.000000
74	0.000000	0.000000	0.000000	700.000000	0.000000
75	0.000000	0.000000	0.000000	700.000000	0.000000
76	0.000000	0.000000	0.000000	700.000000	0.000000
77	0.000000	0.000000	0.000000	700.000000	0.000000
78	0.000000	0.000000	0.000000	700.000000	0.000000
79	0.000000	0.000000	0.000000	700.000000	0.000000
80	0.000000	0.000000	0.000000	700.000000	0.000000
81	0.000000	0.000000	0.000000	700.000000	0.000000
82	0.000000	0.000000	0.000000	700.000000	0.000000
83	0.000000	0.000000	0.000000	700.000000	0.000000
84	0.000000	0.000000	0.000000	700.000000	0.000000
85	0.000000	0.000000	0.000000	700.000000	0.000000
86	0.000000	0.000000	0.000000	700.000000	0.000000
87	0.000000	0.000000	0.000000	700.000000	0.000000
88	0.000000	0.000000	0.000000	700.000000	0.000000
89	0.000000	0.000000	0.000000	700.000000	0.000000
90	0.000000	0.000000	0.000000	700.000000	0.000000
91	0.000000	0.000000	0.000000	700.000000	0.000000
92	0.000000	0.000000	0.000000	700.000000	0.000000
93	0.000000	0.000000	0.000000	700.000000	0.000000
94	0.000000	0.000000	0.000000	700.000000	0.000000
95	0.000000	0.000000	0.000000	700.000000	0.000000
96	0.000000	0.000000	0.000000	700.000000	0.000000
97	0.000000	0.000000	0.000000	700.000000	0.000000
98	0.000000	0.000000	0.000000	700.000000	0.000000
99	0.000000	0.000000	0.000000	700.000000	0.000000
100	0.000000	0.000000	0.000000	700.000000	0.000000
101	0.000000	0.000000	0.000000	700.000000	0.000000
102	0.000000	0.000000	0.000000	700.000000	0.000000
103	0.000000	0.000000	0.000000	700.000000	0.000000
104	0.000000	0.000000	0.000000	700.000000	0.000000
105	0.000000	0.000000	0.000000	700.000000	0.000000
106	0.000000	0.000000	0.000000	700.000000	0.000000
107	0.000000	0.000000	0.000000	700.000000	0.000000
108	0.000000	0.000000	0.000000	700.000000	0.000000
109	0.000000	0.000000	0.000000	700.000000	0.000000
110	0.000000	0.000000	0.000000	700.000000	0.000000
111	0.000000	0.000000	0.000000	700.000000	0.000000
112	0.000000	0.000000	0.000000	700.000000	0.000000
113	0.000000	0.000000	0.000000	700.000000	0.000000
114	0.000000	0.000000	0.000000	700.000000	0.000000
115	0.000000	0.000000	0.000000	700.000000	0.000000
116	0.000000	0.000000	0.000000	700.000000	0.000000
117	0.000000	0.000000	0.000000	700.000000	0.000000
118	0.000000	0.000000	0.000000	700.000000	0.000000
119	0.000000	0.000000	0.000000	700.000000	0.000000
120	0.000000	0.000000	0.000000	700.000000	0.000000
121	0.000000	0.000000	0.000000	700.000000	0.000000
122	0.000000	0.000000	0.000000	700.000000	0.000000
123	0.000000	0.000000	0.000000	700.000000	0.000000
124	0.000000	0.000000	0.000000	700.000000	0.000000
125	0.000000	0.000000	0.000000	700.000000	0.000000
126	0.000000	0.000000	0.000000	700.000000	0.000000
127	0.000000	0.000000	0.000000	700.000000	0.000000
128	0.000000	0.000000	0.000000	700.000000	0.000000
129	0.000000	0.000000	0.000000	700.000000	0.000000
130	0.000000	0.000000	0.000000	700.000000	0.000000
131	0.000000	0.000000	0.000000	700.000000	0.000000
132	0.000000	0.000000	0.000000	700.000000	0.000000
133	0.000000	0.000000	0.000000	700.000000	0.000000
134	0.000000	0.000000	0.000000	700.000000	0.000000
135	0.000000	0.000000	0.000000	700.000000	0.000000
136	0.000000	0.000000	0.000000	700.000000	0.000000
137	0.000000	0.000000	0.000000	700.000000	0.000000
138	0.000000	0.000000	0.000000	700.000000	0.000000
139	0.000000	0.000000	0.000000	700.000000	0.000000
140	0.000000	0.000000	0.000000	700.000000	0.000000
141	0.000000	0.000000	0.000000	700.000000	0.000000
142	0.000000	0.000000	0.000000	700.000000	0.000000
143	0.000000	0.000000	0.000000	700.000000	0.000000
144	0.000000	0.000000	0.000000	700.000000	0.000000
145	0.000000	0.000000	0.000000	700.000000	0.000000
146	0.000000	0.000000	0.000000	700.000000	0.000000
147	0.000000	0.000000	0.000000	700.000000	0.000000
148	0.000000	0.000000	0.000000	700.000000	0.000000
149	0.000000	0.000000	0.000000	700.000000	0.000000
150	0.000000	0.000000	0.000000	700.000000	0.000000
151	0.000000	0.000000	0.000000	700.000000	0.000000
152	0.000000	0.000000	0.000000	700.000000	0.000000
153	0.000000	0.000000	0.000000	700.000000	0.000000
154	0.000000	0.000000	0.000000	700.000000	0.000000
155	0.000000	0.000000	0.000000	700.000000	0.000000
156	0.000000	0.000000	0.000000	700.000000	0.000000
157	0.000000	0.000000	0.000000	700.000000	0.000000
158	0.000000	0.000000	0.000000	700.000000	0.000000
159	0.000000	0.000000	0.000000	700.000000	0.000000
160	0.000000	0.000000	0.000000	700.000000	0.000000
161	0.000000	0.000000	0.000000	700.000000	0.000000
162	0.000000	0.000000	0.000000	700.000000	0.000000
163	0.000000	0.000000	0.000000	700.000000	0.000000
164	0.000000	0.000000	0.000000	700.000000	0.000000
165	0.000000	0.000000	0.000000	700.000000	0.000000
166	0.000000	0.000000	0.000000	700.000000	0.000000
167	0.000000	0.000000	0.000000	700.000000	0.000000
168	0.000000	0.000000	0.000000	700.000000	0.000000
169	0.000000	0.000000	0.000000	700.000000	0.000000
170	0.000000	0.000000	0.000000	700.000000	0.000000
171	0.000000	0.000000	0.000000	700.000000	0.000000
172	0.000000	0.000000	0.000000	700.000000	0.000000
173	0.000000	0.000000	0.000000	700.000000	0.000000
174	0.000000	0.000000	0.000000	700.000000	0.000000
175	0.000000	0.000000	0.000000	700.000000	0.000000
176	0.000000	0.000000	0.000000	700.000000	0.000000
177	0.000000	0.000000	0.000000	700.000000	0.000000
178	0.000000	0.000000	0.000000	700.000000	0.000000
179	0.000000	0.000000	0.000000	700.000000	0.000000
180	0.000000	0.000000	0.000000	700.000000	0.000000
181	0.000000	0.000000	0.000000	700.000000	0.000000
182	0.000000	0.000000	0.000000	700.000000	0.000000
183	0.000000	0.000000	0.000000	700.000000	0.000000
184	0.000000	0.000000	0.000000	700.000000	0.000000
185	0.000000	0.000000	0.000000	700.000000	0.000000
186	0.000000	0.000000	0.000000	700.000000	0.000000
187	0.000000	0.000000	0.000000	700.000000	0.000000
188	0.000000	0.000000	0.000000	700.000000	0.000000
189	0.000000	0.000000	0.000000	700.000000	0.000000
190	0.000000	0.000000	0.000000	700.000000	0.000000
191	0.000000	0.000000	0.000000	700.000000	0.000000
192	0.000000	0.000000	0.000000	700.000000	0.000000
193	0.000000	0.000000	0.000000	700.000000	0.000000
194	0.000000	0.000000	0.000000	700.000000	0.000000
195	0.000000	0.000000	0.000000	700.000000	0.000000
196	0.000000	0.000000	0.000000	700.000000	0.000000
197	0.000000	0.000000	0.000000	700.000000	0.000000
198	0.000000	0.000000	0.000000	700.000000	0.000000
199	0.000000	0.000000	0.000000	700.000000	0.000000
200	0.000000	0.000000	0.000000	700.000000	0.000000
201	0.000000	0.000000	0.000000	700.000000	0.000000
202	0.000000	0.000000	0.000000	700.000000	0.000000
203	0.000000	0.000000	0.000000	700.000000	0.000000
204	0.000000	0.000000	0.000000	700.000000	0.000000
205	0.000000	0.000000	0.000000	700.000000	0.000000
206	0.000000	0.000000	0.000000	700.000000	0.000000
207	0.000000	0.000000	0.000000	700.000000	0.000000
208	0.000000	0.000000	0.000000	700.000000	0.000000
209	0.000000	0.000000	0.000000	700.000000	0.000000
210	0.000000	0.000000	0.000000	700.000000	0.000000
211	0.000000	0.000000	0.000000	700.000000	0.000000
212	0.000000	0.000000	0.000000	700.000000	0.000000
213	0.000000	0.000000	0.000000	700.000000	0.000000
214	0.000000	0.000000	0.000000	700.000000	0.000000
215	0.000000	0.000000	0.000000	700.000000	0.000000
216	0.000000	0.000000	0.000000	700.000000	0.000000
217	0.000000	0.000000	0.000000	700.000000	0.000000
218	0.000000	0.000000	0.000000	700.000000	0.000000
219	0.000000	0.000000	0.000000	700.000000	0.000000
220	0.000000	0.000000	0.000000	700.000000	0.000000
221	0.000000	0.000000	0.000000	700.000000	0.000000
222	0.000000	0.000000	0.000000	700.000000	0.000000
223	0.000000	0.000000	0.000000	700.000000	0.000000
224	0.000000	0.000000	0.000000	700.000000	0.000000
225	0.000000	0.000000	0.000000	700.000000	0.000000
226	0.000000	0.000000	0.000000	700.000000	0.000000
227	0.000000	0.000000	0.000000	700.000000	0.000000
228	0.000000	0.000000	0.000000	700.000000	0.000000
229	0.000000	0.000000	0.000000	700.000000	0.000000
230	0.000000	0.000000	0.000000	700.000000	0.000000
231	0.000000	0.000000	0.000000	700.000000	0.000000
232	0.000000	0.000000	0.000000	700.000000	0.000000
233	0.000000	0.000000	0.000000	700.000000	0.000000
234	0.000000	0.000000	0.000000	700.000000	0.000000
235	0.000000	0.000000	0.000000	700.000000	0.000000
236	0.000000	0.000000	0.000000	700.000000	0.000000
237	0.000000	0.000000	0.000000	700.000000	0.000000
238	0.000000	0.000000	0.000000	700.000000	0.000000
239	0.000000	0.000000	0.000000	700.000000	0.000000
240	0.000000	0.000000	0.000000	700.000000	0.000000
241	0.000000	0.000000	0.000000	700.000000	0.000000
242	0.000000	0.000000	0.000000	700.000000	0.000000
243	0.000000	0.000000	0.000000	700.000000	0.000000
244	0.000000	0.000000	0.000000	700.000000	0.000000
245	0.000000	0.000000	0.000000	700.000000	0.000000
246	0.000000	0.000000	0.000000	700.000000	0.000000
247	0.000000	0.000000	0.000000	700.000000	0.000000
248	0.000000	0.000000	0.000000	700.000000	0.000000
249	0.000000	0.000000	0.000000	700.000000	0.000000
250	0.000000	0.000000	0.000000	700.000000	0.000000
251	0.000000	0.000000	0.000000	700.000000	0.000000
252	0.000000	0.000000	0.000000	700.000000	0.000000
253	0.000000	0.000000	0.000000	700.000000	0.000000
254	0.000000	0.000000	0.000000	700.000000	0.000000
255	0.000000	0.000000	0.000000	700.000000	0.000000
256	0.000000	0.000000	0.000000	700.000000	0.000000
257	0.000000	0.000000	0.000000	700.000000	0.000000
258	0.000000	0.000000	0.000000	700.000000	0.000000
259	0.000000	0.000000	0.000000	700.000000	0.000000
260	0.000000	0.000000	0.000000	700.000000	0.000000
261	0.000000	0.000000	0.000000	700.000000	0.000000
262	0.000000	0.000000	220.000000	700.000000	0.000000
263	0.000000	0.000000	220.000000	700.000000	0.000000
264	0.000000	0.000000	220.000000	700.000000	0.000000
265	0.000000	0.000000	220.000000	700.000000	0.000000
266	0.000000	0.000000	220.000000	700.000000	0.000000
267	0.000000	0.000000	220.000000	700.000000	0.000000
268	0.000000	0.000000	220.000000	700.000000	0.000000
269	0.000000	0.000000	220.000000	700.000000	0.000000
270	0.000000	0.000000	220.000000	700.000000	0.000000
271	0.000000	0.000000	220.000000	700.000000	0.000000
272	0.000000	0.000000	220.000000	700.000000	0.000000
273	0.000000	0.000000	220.000000	700.000000	0.000000
274	0.000000	0.000000	220.000000	700.000000	0.000000
275	0.000000	0.000000	220.000000	700.000000	0.000000
276	0.000000	0.000000	220.000000	700.000000	0.000000
277	0.000000	0.000000	220.000000	700.000000	0.000000
278	0.000000	0.000000	220.000000	700.000000	0.000000
279	0.000000	0.000000	220.000000	700.000000	0.000000
280	0.000000	0.000000	220.000000	700.000000	0.000000
281	0.000000	0.000000	220.000000	700.000000	0.000000
282	0.000000	0.000000	220.000000	700.000000	0.000000
283	0.000000	0.000000	220.000000	700.000000	0.000000
284	0.000000	0.000000	220.000000	700.000000	0.000000
285	0.000000	0.000000	220.000000	700.000000	0.000000
286	0.000000	0.000000	220.000000	700.000000	0.000000
287	0.000000	0.000000	220.000000	700.000000	0.000000
288	0.000000	0.000000	220.000000	700.000000	0.000000
289	0.000000	0.000000	220.000000	700.000000	0.000000
290	0.000000	0.000000	220.000000	700.000000	0.000000
291	0.000000	0.000000	220.000000	700.000000	0.000000
292	0.000000	0.000000	220.000000	700.000000	0.000000
293	0.000000	0.000000	220.000000	700.000000	0.000000
294	0.000000	0.000000	220.000000	700.000000	0.000000
295	0.000000	0.000000	220.000000	700.000000	0.000000
296	0.000000	0.000000	220.000000	700.000000	0.000000
297	0.000000	0.000000	220.000000	700.000000	0.000000
298	0.000000	0.000000	220.000000	700.000000	0.000000
299	0.000000	0.000000	220.000000	700.000000	0.000000
300	0.000000	0.000000	220.000000	700.000000	0.000000
301	0.000000	0.000000	220.000000	700.000000	0.000000
302	0.000000	0.000000	220.000000	700.000000	0.000000
303	0.000000	0.000000	220.000000	700.000000	0.000000
304	0.000000	0.000000	220.000000	700.000000	0.000000
305	0.000000	0.000000	220.000000	700.000000	0.000000
306	0.000000	0.000000	220.000000	700.000000	0.000000
307	0.000000	0.000000	220.000000	700.000000	0.000000
308	0.000000	0.000000	220.000000	700.000000	0.000000
309	0.000000	0.000000	220.000000	700.000000	0.000000
310	0.000000	0.000000	220.000000	700.000000	0.000000
311	0.000000	0.000000	220.000000	700.000000	0.000000
312	0.000000	0.000000	220.000000	700.000000	0.000000
313	0.000000	0.000000	220.000000	700.000000	0.000000
314	0.000000	0.000000	220.000000	700.000000	0.000000
315	0.000000	0.000000	220.000000	700.000000	0.000000
316	0.000000	0.000000	220.000000	700.000000	0.000000
317	0.000000	0.000000	220.000000	700.000000	0.000000
318	0.000000	0.000000	220.000000	700.000000	0.000000
319	0.000000	0.000000	220.000000	700.000000	0.000000
320	0.000000	0.000000	220.000000	700.000000	0.000000
321	0.000000	0.000000	220.000000	700.000000	0.000000
322	0.000000	0.000000	220.000000	700.000000	0.000000
323	0.000000	0.000000	220.000000	700.000000	0.000000
324	0.000000	0.000000	220.000000	700.000000	0.000000
325	0.000000	0.000000	220.000000	700.000000	0.000000
326	0.000000	0.000000	220.000000	700.000000	0.000000
327	0.000000	0.000000	220.000000	700.000000	0.000000
328	0.000000	0.000000	220.000000	700.000000	0.000000
329	0.000000	0.000000	220.000000	700.000000	0.000000
330	0.000000	0.000000	220.000000	700.000000	0.000000
331	0.000000	0.000000	220.000000	700.000000	0.000000
332	0.000000	0.000000	220.000000	700.000000	0.000000
333	0.000000	0.000000	220.000000	700.000000	0.000000
334	0.000000	0.000000	220.000000	700.000000	0.000000
335	0.000000	0.000000	220.000000	700.000000	0.000000
336	0.000000	0.000000	220.000000	700.000000	0.000000
337	0.000000	0.000000	220.000000	700.000000	0.000000
338	0.000000	0.000000	220.000000	700.000000	0.000000
339	0.000000	0.000000	220.000000	700.000000	0.000000
340	0.000000	0.000000	220.000000	700.000000	0.000000
341	0.000000	0.000000	220.000000	700.000000	0.000000
342	0.000000	0.000000	220.000000	700.000000	0.000000
343	0.000000	0.000000	220.000000	700.000000	0.000000
344	0.000000	0.000000	220.000000	700.000000	0.000000
345	0.000000	0.000000	220.000000	700.000000	0.000000
346	0.000000	0.000000	220.000000	700.000000	0.000000
347	0.000000	0.000000	220.000000	700.000000	0.000000
348	0.000000	0.000000	220.000000	700.000000	0.000000
349	0.000000	0.000000	220.000000	700.000000	0.000000
350	0.000000	0.000000	220.000000	700.000000	0.000000
351	0.000000	0.000000	220.000000	700.000000	0.000000
352	0.000000	0.000000	220.000000	700.000000	0.000000
353	0.000000	0.000000	220.000000	700.000000	0.000000
354	0.000000	0.000000	220.000000	700.000000	0.000000
355	0.000000	0.000000	220.000000	700.000000	0.000000
356	0.000000	0.000000	220.000000	700.000000	0.000000
357	0.000000	0.000000	220.000000	700.000000	0.000000
358	0.000000	0.000000	220.000000	700.000000	0.000000
359	0.000000	0.000000	220.000000	700.000000	0.000000
360	0.000000	0.000000	220.000000	700.000000	0.000000
361	0.000000	0.000000	220.000000	700.000000	0.000000
362	0.000000	0.000000	220.000000	700.000000	0.000000
363	0.000000	0.000000	220.000000	700.000000	0.000000
364	0.000000	0.000000	220.000000	700.000000	0.000000
365	0.000000	0.000000	220.000000	700.000000	0.000000
366	0.000000	0.000000	220.000000	700.000000	0.000000
367	0.000000	0.000000	220.000000	700.000000	0.000000
368	0.000000	0.000000	220.000000	700.000000	0.000000
369	0.000000	0.000000	220.000000	700.000000	0.000000
370	0.000000	0.000000	220.000000	700.000000	0.000000
371	0.000000	0.000000	220.000000	700.000000	0.000000
372	0.000000	0.000000	220.000000	700.000000	0.000000
373	0.000000	0.000000	220.000000	700.000000	0.000000
374	0.000000	0.000000	220.000000	700.000000	0.000000
375	0.000000	0.000000	220.000000	700.000000	0.000000
376	0.000000	0.000000	220.000000	700.000000	0.000000
377	0.000000	0.000000	220.000000	700.000000	0.000000
378	0.000000	0.000000	220.000000	700.000000	0.000000
379	0.000000	0.000000	220.000000	700.000000	0.000000
380	0.000000	0.000000	220.000000	700.000000	0.000000
381	0.000000	0.000000	220.000000	700.000000	0.000000
382	0.000000	0.000000	220.000000	700.000000	0.000000
383	0.000000	0.000000	220.000000	700.000000	0.000000
384	0.000000	0.000000	220.000000	700.000000	0.000000
385	0.000000	0.000000	220.000000	700.000000	0.000000
386	0.000000	0.000000	220.000000	700.000000	0.000000
387	0.000000	0.000000	220.000000	700.000000	0.000000
388	0.000000	0.000000	220.000000	700.000000	0.000000
389	0.000000	0.000000	220.000000	700.000000	0.000000
390	0.000000	0.000000	220.000000	700.000000	0.000000
391	0.000000	0.000000	220.000000	700.000000	0.000000
392	0.000000	0.000000	220.000000	700.000000	0.000000
393	0.000000	0.000000	220.000000	700.000000	0.000000
394	0.000000	0.000000	220.000000	700.000000	0.000000
395	0.000000	0.000000	220.000000	700.000000	0.000000
396	0.000000	0.000000	220.000000	700.000000	0.000000
397	0.000000	0.000000	220.000000	700.000000	0.000000
398	0.000000	0.000000	220.000000	700.000000	0.000000
399	0.000000	0.000000	220.000000	700.000000	0.000000
400	0.000000	0.000000	220.000000	700.000000	0.000000
401	0.000000	0.000000	220.000000	700.000000	0.000000
402	0.000000	0.000000	220.000000	700.000000	0.000000
403	0.000000	0.000000	220.000000	700.000000	0.000000
404	0.000000	0.000000	220.000000	700.000000	0.000000
405	0.000000	0.000000	220.000000	700.000000	0.000000
406	0.000000	0.000000	220.000000	700.000000	0.000000
407	0.000000	0.000000	220.000000	700.000000	0.000000
408	0.000000	0.000000	220.000000	700.000000	0.000000
409	0.000000	0.000000	220.000000	700.000000	0.000000
410	0.000000	0.000000	220.000000	700.000000	0.000000
411	0.000000	0.000000	220.000000	700.000000	0.000000
412	0.000000	0.000000	220.000000	700.000000	0.000000
413	0.000000	0.000000	220.000000	700.000000	0.000000
414	0.000000	0.000000	220.000000	700.000000	0.000000
415	0.000000	0.000000	220.000000	700.000000	0.000000
416	0.000000	0.000000	220.000000	700.000000	0.000000
417	0.000000	0.000000	220.000000	700.000000	0.000000
418	0.000000	0.000000	220.000000	700.000000	0.000000
419	0.000000	0.000000	220.000000	700.000000	0.000000
420	0.000000	0.000000	220.000000	700.000000	0.000000
421	0.000000	0.000000	220.000000	700.000000	0.000000
422	0.000000	0.000000	220.000000	700.000000	0.000000
423	0.000000	0.000000	220.000000	700.000000	0.000000
424	0.000000	0.000000	220.000000	700.000000	0.000000
425	0.000000	0.000000	220.000000	700.000000	0.000000
426	0.000000	0.000000	220.000000	700.000000	0.000000
427	0.000000	0.000000	220.000000	700.000000	0.000000
428	0.000000	0.000000	220.000000	700.000000	0.000000
429	0.000000	0.000000	220.000000	700.000000	0.000000
430	0.000000	0.000000	220.000000	700.000000	0.000000
431	0.000000	0.000000	220.000000	700.000000	0.000000
432	0.000000	0.000000	220.000000	700.000000	0.000000
433	0.000000	0.000000	220.000000	700.000000	0.000000
434	0.000000	0.000000	220.000000	700.000000	0.000000
435	0.000000	0.000000	220.000000	700.000000	0.000000
436	0.000000	0.000000	220.000000	700.000000	0.000000
437	0.000000	0.000000	220.000000	700.000000	0.000000
438	0.000000	0.000000	220.000000	700.000000	0.000000
439	0.000000	0.000000	220.000000	700.000000	0.000000
440	0.000000	0.000000	220.000000	700.000000	0.000000
441	0.000000	0.000000	220.000000	700.000000	0.000000
442	0.000000	0.000000	220.000000	700.000000	0.000000
443	0.000000	0.000000	220.000000	700.000000	0.000000
444	0.000000	0.000000	220.000000	700.000000	0.000000
445	0.000000	0.000000	220.000000	700.000000	0.000000
446	0.000000	0.000000	220.000000	700.000000	0.000000
447	0.000000	0.000000	220.000000	700.000000	0.000000
448	0.000000	0.000000	220.000000	700.000000	0.000000
449	0.000000	0.000000	220.000000	700.000000	0.000000
450	0.000000	0.000000	220.000000	700.000000	0.000000
451	0.000000	0.000000	220.000000	700.000000	0.000000
452	0.000000	0.000000	221.000000	700.000000	0.000000
453	0.000000	0.000000	220.000000	700.000000	0.000000
454	0.000000	0.000000	221.000000	700.000000	0.000000
455	0.000000	0.000000	221.000000	700.000000	0.000000
456	0.000000	0.000000	-9.000000	700.000000	0.000000
457	0.000000	0.000000	-8.000000	700.000000	0.000000
458	0.000000	0.000000	-8.000000	700.000000	0.000000
459	0.000000	0.000000	-8.000000	700.000000	0.000000
460	0.000000	0.000000	-9.000000	700.000000	0.000000
461	0.000000	0.000000	-9.000000	700.000000	0.000000
462	0.000000	0.000000	-9.000000	700.000000	0.000000
463	0.000000	0.000000	-9.000000	700.000000	0.000000
464	0.000000	0.000000	-9.000000	700.000000	0.000000
465	0.000000	0.000000	-8.000000	700.000000	0.000000
466	0.000000	0.000000	-9.000000	700.000000	0.000000
467	0.000000	0.000000	-8.000000	700.000000	0.000000
468	0.000000	0.000000	-8.000000	700.000000	0.000000
469	0.000000	0.000000	-9.000000	700.000000	0.000000
470	0.000000	0.000000	-9.000000	700.000000	0.000000
471	0.000000	0.000000	-9.000000	700.000000	0.000000
472	0.000000	0.000000	-9.000000	700.000000	0.000000
473	0.000000	0.000000	-7.000000	700.000000	0.000000
474	0.000000	0.000000	-7.000000	700.000000	0.000000
475	-37.000000	-1.000000	-7.000000	700.000000	0.000000
476	-1.000000	-1.000000	-7.000000	700.000000	90.000000
477	-1.000000	-1.000000	-5.000000	700.000000	90.000000
478	-1.000000	-1.000000	-5.000000	700.000000	90.000000
479	-1.000000	-1.000000	1.000000	700.000000	90.000000
480	-1.000000	-1.000000	11.000000	700.000000	90.000000
481	-1.000000	-1.000000	11.000000	700.000000	90.000000
482	7.000000	7.000000	23.000000	700.000000	90.000000
483	7.000000	7.000000	23.000000	700.000000	90.000000
484	7.000000	7.000000	23.000000	700.000000	90.000000
485	15.000000	13.000000	41.000000	700.000000	90.000000
486	15.000000	13.000000	41.000000	700.000000	90.000000
487	21.000000	16.000000	72.000000	700.000000	90.000000
488	21.000000	16.000000	72.000000	700.000000	90.000000
489	21.000000	16.000000	86.000000	700.000000	90.000000
490	27.000000	15.000000	86.000000	700.000000	90.000000
491	27.000000	15.000000	119.000000	700.000000	90.000000
492	27.000000	15.000000	119.000000	700.000000	90.000000
493	31.000000	13.000000	138.000000	700.000000	0.000000
494	31.000000	13.000000	138.000000	700.000000	0.000000
495	35.000000	9.000000	165.000000	700.000000	0.000000
496	35.000000	9.000000	194.000000	700.000000	0.000000
497	35.000000	9.000000	194.000000	700.000000	0.000000
498	51.000000	17.000000	194.000000	700.000000	12.264772
499	51.000000	17.000000	194.000000	700.000000	12.264772
500	51.000000	17.000000	194.000000	700.000000	12.264772
501	51.000000	17.000000	194.000000	700.000000	12.264772
502	51.000000	17.000000	194.000000	700.000000	12.264772
503	55.000000	4.000000	272.000000	700.000000	11.309926
504	55.000000	4.000000	272.000000	700.000000	11.309926
505	60.000000	-4.000000	297.000000	700.000000	10.304850
506	64.000000	-10.000000	323.000000	700.000000	10.175513
507	64.000000	-10.000000	323.000000	700.000000	10.175513
508	65.000000	-19.000000	342.000000	700.000000	12.200473
509	65.000000	-19.000000	342.000000	700.000000	12.200473
510	65.000000	-19.000000	342.000000	700.000000	12.200473
511	65.000000	-19.000000	355.000000	700.000000	12.200473
512	66.000000	-23.000000	355.000000	700.000000	12.875002
513	66.000000	-23.000000	373.000000	700.000000	12.875002
514	54.000000	-23.000000	385.000000	700.000000	0.000000
515	54.000000	-23.000000	385.000000	700.000000	0.000000
516	54.000000	-23.000000	385.000000	700.000000	0.000000
517	56.000000	-25.000000	393.000000	700.000000	0.000000
518	56.000000	-25.000000	405.000000	700.000000	0.000000
519	56.000000	-25.000000	405.000000	700.000000	0.000000
520	56.000000	-25.000000	419.000000	700.000000	0.000000
521	56.000000	-25.000000	419.000000	700.000000	0.000000
522	66.000000	-20.000000	419.000000	700.000000	0.000000
523	66.000000	-20.000000	419.000000	700.000000	0.000000
524	66.000000	-20.000000	431.000000	700.000000	0.000000
525	71.000000	-14.000000	445.000000	700.000000	0.000000
526	71.000000	-14.000000	457.000000	700.000000	0.000000
527	71.000000	-14.000000	457.000000	700.000000	0.000000
528	73.000000	-13.000000	457.000000	700.000000	0.000000
529	73.000000	-13.000000	445.000000	700.000000	0.000000
530	75.000000	-19.000000	434.000000	700.000000	0.000000
531	75.000000	-19.000000	434.000000	700.000000	0.000000
532	75.000000	-29.000000	438.000000	700.000000	0.000000
533	75.000000	-29.000000	438.000000	700.000000	0.000000
534	75.000000	-29.000000	431.000000	700.000000	0.000000
535	75.000000	-29.000000	431.000000	700.000000	0.000000
536	73.000000	-38.000000	431.000000	700.000000	0.000000
537	73.000000	-38.000000	431.000000	700.000000	0.000000
538	69.000000	-41.000000	434.000000	700.000000	0.000000
539	69.000000	-41.000000	434.000000	700.000000	0.000000
540	69.000000	-41.000000	446.000000	700.000000	0.000000
541	65.000000	-44.000000	446.000000	700.000000	8.130104
542	65.000000	-44.000000	446.000000	700.000000	8.130104
543	55.000000	-44.000000	436.000000	700.000000	90.000000
544	55.000000	-44.000000	439.000000	700.000000	90.000000
545	55.000000	-44.000000	439.000000	700.000000	90.000000
546	35.000000	-52.000000	449.000000	700.000000	-82.874979
547	35.000000	-52.000000	449.000000	700.000000	-82.874979
548	35.000000	-52.000000	449.000000	700.000000	-82.874979
549	20.000000	-53.000000	457.000000	700.000000	90.000000
550	20.000000	-53.000000	475.000000	700.000000	90.000000
551	5.000000	-57.000000	475.000000	700.000000	90.000000
552	5.000000	-57.000000	476.000000	700.000000	90.000000
553	5.000000	-57.000000	476.000000	700.000000	90.000000
554	-9.000000	-59.000000	476.000000	700.000000	90.000000
555	-9.000000	-59.000000	487.000000	700.000000	90.000000
556	-9.000000	-59.000000	499.000000	700.000000	90.000000
557	-26.000000	-64.000000	499.000000	700.000000	-90.000000
558	-26.000000	-64.000000	499.000000	700.000000	-90.000000
559	-26.000000	-64.000000	515.000000	700.000000	-90.000000
560	-26.000000	-64.000000	529.000000	700.000000	-90.000000
561	-26.000000	-64.000000	529.000000	700.000000	-90.000000
562	-26.000000	-64.000000	529.000000	700.000000	-90.000000
563	-26.000000	-64.000000	563.000000	700.000000	-90.000000
564	-26.000000	-64.000000	567.000000	700.000000	-90.000000
565	-26.000000	-64.000000	567.000000	700.000000	-90.000000
566	-26.000000	-64.000000	596.000000	700.000000	-90.000000
567	-26.000000	-64.000000	596.000000	700.000000	-90.000000
568	-26.000000	-64.000000	609.000000	700.000000	-90.000000
569	-26.000000	-64.000000	609.000000	700.000000	-90.000000
570	-26.000000	-64.000000	609.000000	700.000000	-90.000000
571	-26.000000	-64.000000	633.000000	700.000000	-90.000000
572	-26.000000	-64.000000	446.000000	700.000000	-90.000000
573	-26.000000	-64.000000	446.000000	700.000000	-90.000000
574	-26.000000	-64.000000	446.000000	700.000000	-90.000000
575	-26.000000	-64.000000	446.000000	700.000000	-90.000000
576	1.000000	-56.000000	946.000000	700.000000	21.801417
577	45.000000	-15.000000	946.000000	700.000000	18.434953
578	45.000000	-15.000000	946.000000	700.000000	18.434953
579	45.000000	-15.000000	1354.000000	700.000000	18.434953
580	45.000000	-15.000000	1354.000000	700.000000	18.434953
581	45.000000	-15.000000	2066.000000	700.000000	18.434953
582	45.000000	-15.000000	2066.000000	700.000000	18.434953
583	45.000000	-15.000000	2066.000000	700.000000	18.434953
584	45.000000	-15.000000	2066.000000	700.000000	18.434953
585	45.000000	-15.000000	1081.000000	700.000000	18.434953
586	45.000000	-15.000000	1081.000000	700.000000	18.434953
587	45.000000	-15.000000	1122.000000	700.000000	18.434953
588	45.000000	-15.000000	1122.000000	700.000000	18.434953
589	45.000000	-15.000000	1122.000000	700.000000	18.434953
590	45.000000	-15.000000	1122.000000	700.000000	18.434953
591	45.000000	-15.000000	1173.000000	700.000000	18.434953
592	45.000000	-15.000000	1173.000000	700.000000	18.434953
593	45.000000	-15.000000	1250.000000	700.000000	18.434953
594	45.000000	-15.000000	1250.000000	700.000000	18.434953
595	45.000000	-15.000000	1479.000000	700.000000	18.434953
596	45.000000	-15.000000	1479.000000	700.000000	18.434953
597	45.000000	-15.000000	1479.000000	700.000000	18.434953
598	45.000000	-15.000000	1484.000000	700.000000	18.434953
599	45.000000	-15.000000	2524.000000	700.000000	18.434953
600	45.000000	-15.000000	2524.000000	700.000000	18.434953
601	45.000000	-15.000000	2489.000000	700.000000	18.434953
602	45.000000	-15.000000	2489.000000	700.000000	18.434953
603	45.000000	-15.000000	2489.000000	700.000000	18.434953
604	45.000000	-15.000000	2464.000000	700.000000	18.434953
605	45.000000	-15.000000	2626.000000	700.000000	18.434953
606	45.000000	-15.000000	2626.000000	700.000000	18.434953
607	45.000000	-15.000000	2634.000000	700.000000	18.434953
608	45.000000	-15.000000	2634.000000	700.000000	18.434953
609	45.000000	-15.000000	2634.000000	700.000000	18.434953
610	45.000000	-15.000000	1293.000000	700.000000	18.434953
611	45.000000	-15.000000	1259.000000	700.000000	18.434953
612	45.000000	-15.000000	1259.000000	700.000000	18.434953
613	45.000000	-15.000000	1259.000000	700.000000	18.434953
614	45.000000	-15.000000	1241.000000	700.000000	18.434953
615	45.000000	-15.000000	1241.000000	700.000000	18.434953
616	45.000000	-15.000000	1222.000000	700.000000	18.434953
617	45.000000	-15.000000	1230.000000	700.000000	18.434953
618	45.000000	-15.000000	1230.000000	700.000000	18.434953
619	45.000000	-15.000000	1192.000000	700.000000	18.434953
620	45.000000	-15.000000	1192.000000	700.000000	18.434953
621	45.000000	-15.000000	1192.000000	700.000000	18.434953
622	45.000000	-15.000000	1192.000000	700.000000	18.434953
623	45.000000	-15.000000	1192.000000	700.000000	18.434953
624	45.000000	-15.000000	1205.000000	700.000000	18.434953
625	45.000000	-15.000000	1231.000000	700.000000	18.434953
626	45.000000	-15.000000	1231.000000	700.000000	18.434953
627	45.000000	-15.000000	1231.000000	700.000000	18.434953
628	45.000000	-15.000000	2593.000000	700.000000	18.434953
629	45.000000	-15.000000	3008.000000	700.000000	18.434953
630	45.000000	-15.000000	3008.000000	700.000000	18.434953
631	45.000000	-15.000000	2487.000000	700.000000	18.434953
632	45.000000	-15.000000	2487.000000	700.000000	18.434953
633	45.000000	-15.000000	2487.000000	700.000000	18.434953
634	45.000000	-15.000000	2487.000000	700.000000	18.434953
635	45.000000	-15.000000	2499.000000	700.000000	18.434953
636	45.000000	-15.000000	2499.000000	700.000000	18.434953
637	45.000000	-15.000000	2482.000000	700.000000	18.434953
638	45.000000	-15.000000	2482.000000	700.000000	18.434953
639	45.000000	-15.000000	2482.000000	700.000000	18.434953
640	45.000000	-15.000000	2482.000000	700.000000	18.434953
641	45.000000	-15.000000	2482.000000	700.000000	18.434953
642	45.000000	-15.000000	2473.000000	700.000000	18.434953
643	45.000000	-15.000000	2492.000000	700.000000	18.434953
644	45.000000	-15.000000	2492.000000	700.000000	18.434953
645	45.000000	-15.000000	2492.000000	700.000000	18.434953
646	45.000000	-15.000000	2516.000000	700.000000	18.434953
647	45.000000	-15.000000	2520.000000	700.000000	18.434953
648	45.000000	-15.000000	2520.000000	700.000000	18.434953
649	45.000000	-15.000000	2520.000000	700.000000	18.434953
650	45.000000	-15.000000	2524.000000	700.000000	18.434953
651	45.000000	-15.000000	2523.000000	700.000000	18.434953
652	45.000000	-15.000000	2523.000000	700.000000	18.434953
653	45.000000	-15.000000	2521.000000	700.000000	18.434953
654	45.000000	-15.000000	2521.000000	700.000000	18.434953
655	45.000000	-15.000000	2520.000000	700.000000	18.434953
656	45.000000	-15.000000	2520.000000	700.000000	18.434953
657	45.000000	-15.000000	2520.000000	700.000000	18.434953
658	45.000000	-15.000000	2518.000000	700.000000	18.434953
659	45.000000	-15.000000	2518.000000	700.000000	18.434953
660	45.000000	-15.000000	2517.000000	700.000000	18.434953
661	45.000000	-15.000000	2516.000000	700.000000	18.434953
662	45.000000	-15.000000	2516.000000	700.000000	18.434953
663	45.000000	-15.000000	2516.000000	700.000000	18.434953
664	45.000000	-15.000000	2518.000000	700.000000	18.434953
665	45.000000	-15.000000	2518.000000	700.000000	18.434953
666	45.000000	-15.000000	2519.000000	700.000000	18.434953
667	45.000000	-15.000000	2521.000000	700.000000	18.434953
668	45.000000	-15.000000	2521.000000	700.000000	18.434953
669	45.000000	-15.000000	2523.000000	700.000000	18.434953
670	45.000000	-15.000000	2523.000000	700.000000	18.434953
671	45.000000	-15.000000	2523.000000	700.000000	18.434953
672	45.000000	-15.000000	2525.000000	700.000000	18.434953
673	45.000000	-15.000000	2525.000000	700.000000	18.434953
674	45.000000	-15.000000	2525.000000	700.000000	18.434953
675	45.000000	-15.000000	2524.000000	700.000000	18.434953
676	45.000000	-15.000000	2524.000000	700.000000	18.434953
677	45.000000	-15.000000	2524.000000	700.000000	18.434953
678	45.000000	-15.000000	2524.000000	700.000000	18.434953
679	45.000000	-15.000000	2520.000000	700.000000	18.434953
680	45.000000	-15.000000	2520.000000	700.000000	18.434953
681	45.000000	-15.000000	2517.000000	700.000000	18.434953
682	45.000000	-15.000000	2517.000000	700.000000	18.434953
683	45.000000	-15.000000	2517.000000	700.000000	18.434953
684	45.000000	-15.000000	2517.000000	700.000000	18.434953
685	45.000000	-15.000000	2515.000000	700.000000	18.434953
686	45.000000	-15.000000	2515.000000	700.000000	18.434953
687	45.000000	-15.000000	2516.000000	700.000000	18.434953
688	45.000000	-15.000000	2516.000000	700.000000	18.434953
689	45.000000	-15.000000	2516.000000	700.000000	18.434953
690	45.000000	-15.000000	2516.000000	700.000000	18.434953
691	45.000000	-15.000000	2520.000000	700.000000	18.434953
692	45.000000	-15.000000	2520.000000	700.000000	18.434953
693	45.000000	-15.000000	2522.000000	700.000000	18.434953
694	45.000000	-15.000000	2522.000000	700.000000	18.434953
695	45.000000	-15.000000	2523.000000	700.000000	18.434953
696	45.000000	-15.000000	2523.000000	700.000000	18.434953
697	45.000000	-15.000000	2522.000000	700.000000	18.434953
698	45.000000	-15.000000	2522.000000	700.000000	18.434953
699	45.000000	-15.000000	2520.000000	700.000000	18.434953
700	45.000000	-15.000000	2520.000000	700.000000	18.434953
701	45.000000	-15.000000	2519.000000	700.000000	18.434953
702	45.000000	-15.000000	2519.000000	700.000000	18.434953
703	45.000000	-15.000000	2519.000000	700.000000	18.434953
704	45.000000	-15.000000	2519.000000	700.000000	18.434953
705	45.000000	-15.000000	2519.000000	700.000000	18.434953
706	45.000000	-15.000000	2519.000000	700.000000	18.434953
707	45.000000	-15.000000	2519.000000	700.000000	18.434953
708	45.000000	-15.000000	2519.000000	700.000000	18.434953
709	45.000000	-15.000000	2519.000000	700.000000	18.434953
710	45.000000	-15.000000	2519.000000	700.000000	18.434953
711	45.000000	-15.000000	2519.000000	700.000000	18.434953
712	45.000000	-15.000000	2519.000000	700.000000	18.434953
713	45.000000	-15.000000	2519.000000	700.000000	18.434953
714	45.000000	-15.000000	2519.000000	700.000000	18.434953
715	45.000000	-15.000000	2519.000000	700.000000	18.434953
716	45.000000	-15.000000	2519.000000	700.000000	18.434953
717	45.000000	-15.000000	2519.000000	700.000000	18.434953
718	45.000000	-15.000000	2519.000000	700.000000	18.434953
719	45.000000	-15.000000	2519.000000	700.000000	18.434953
720	45.000000	-15.000000	2519.000000	700.000000	18.434953
721	45.000000	-15.000000	2519.000000	700.000000	18.434953
722	45.000000	-15.000000	2519.000000	700.000000	18.434953
723	45.000000	-15.000000	2519.000000	700.000000	18.434953
724	45.000000	-15.000000	2519.000000	700.000000	18.434953
725	45.000000	-15.000000	2519.000000	700.000000	18.434953
726	45.000000	-15.000000	2519.000000	700.000000	18.434953
727	45.000000	-15.000000	2519.000000	700.000000	18.434953
728	45.000000	-15.000000	2519.000000	700.000000	18.434953
729	45.000000	-15.000000	2519.000000	700.000000	18.434953
730	45.000000	-15.000000	2519.000000	700.000000	18.434953
731	45.000000	-15.000000	2519.000000	700.000000	18.434953
732	45.000000	-15.000000	2519.000000	700.000000	18.434953
733	45.000000	-15.000000	2519.000000	700.000000	18.434953
734	45.000000	-15.000000	2519.000000	700.000000	18.434953
735	45.000000	-15.000000	2519.000000	700.000000	18.434953
736	45.000000	-15.000000	2519.000000	700.000000	18.434953
737	45.000000	-15.000000	2519.000000	700.000000	18.434953
738	45.000000	-15.000000	2519.000000	700.000000	18.434953
739	45.000000	-15.000000	2519.000000	700.000000	18.434953
740	45.000000	-15.000000	2519.000000	700.000000	18.434953
741	45.000000	-15.000000	2519.000000	700.000000	18.434953
742	45.000000	-15.000000	2519.000000	700.000000	18.434953
743	45.000000	-15.000000	2519.000000	700.000000	18.434953
744	45.000000	-15.000000	2522.000000	700.000000	18.434953
745	45.000000	-15.000000	2522.000000	700.000000	18.434953
746	45.000000	-15.000000	2522.000000	700.000000	18.434953
747	45.000000	-15.000000	2522.000000	700.000000	18.434953
748	45.000000	-15.000000	2522.000000	700.000000	18.434953
749	45.000000	-15.000000	2522.000000	700.000000	18.434953
750	45.000000	-15.000000	2522.000000	700.000000	18.434953
751	45.000000	-15.000000	2521.000000	700.000000	18.434953
752	45.000000	-15.000000	2521.000000	700.000000	18.434953
753	45.000000	-15.000000	2520.000000	700.000000	18.434953
754	45.000000	-15.000000	2520.000000	700.000000	18.434953
755	45.000000	-15.000000	2519.000000	700.000000	18.434953
756	45.000000	-15.000000	2519.000000	700.000000	18.434953
757	45.000000	-15.000000	2519.000000	700.000000	18.434953
758	45.000000	-15.000000	2519.000000	700.000000	18.434953
759	45.000000	-15.000000	2518.000000	700.000000	18.434953
760	45.000000	-15.000000	2518.000000	700.000000	18.434953
761	45.000000	-15.000000	2519.000000	700.000000	18.434953
762	45.000000	-15.000000	2519.000000	700.000000	18.434953
763	45.000000	-15.000000	2518.000000	700.000000	18.434953
764	45.000000	-15.000000	2518.000000	700.000000	18.434953
765	45.000000	-15.000000	2518.000000	700.000000	18.434953
766	45.000000	-15.000000	2518.000000	700.000000	18.434953
767	45.000000	-15.000000	2518.000000	700.000000	18.434953
768	45.000000	-15.000000	2520.000000	700.000000	18.434953
769	45.000000	-15.000000	2521.000000	700.000000	18.434953
770	45.000000	-15.000000	2521.000000	700.000000	18.434953
771	45.000000	-15.000000	2521.000000	700.000000	18.434953
772	45.000000	-15.000000	2522.000000	700.000000	18.434953
773	45.000000	-15.000000	2522.000000	700.000000	18.434953
774	45.000000	-15.000000	2522.000000	700.000000	18.434953
775	45.000000	-15.000000	2520.000000	700.000000	18.434953
776	45.000000	-15.000000	2520.000000	700.000000	18.434953
777	45.000000	-15.000000	2520.000000	700.000000	18.434953
778	45.000000	-15.000000	2519.000000	700.000000	18.434953
779	45.000000	-15.000000	2517.000000	700.000000	18.434953
780	45.000000	-15.000000	2517.000000	700.000000	18.434953
781	45.000000	-15.000000	2516.000000	700.000000	18.434953
782	45.000000	-15.000000	2516.000000	700.000000	18.434953
783	45.000000	-15.000000	2516.000000	700.000000	18.434953
784	45.000000	-15.000000	2516.000000	700.000000	18.434953
785	45.000000	-15.000000	2516.000000	700.000000	18.434953
786	45.000000	-15.000000	2516.000000	700.000000	18.434953
787	45.000000	-15.000000	2517.000000	700.000000	18.434953
788	45.000000	-15.000000	2517.000000	700.000000	18.434953
789	45.000000	-15.000000	2517.000000	700.000000	18.434953
790	45.000000	-15.000000	2517.000000	700.000000	18.434953
791	45.000000	-15.000000	2518.000000	700.000000	18.434953
792	45.000000	-15.000000	2518.000000	700.000000	18.434953
793	45.000000	-15.000000	2519.000000	700.000000	18.434953
794	45.000000	-15.000000	2519.000000	700.000000	18.434953
795	45.000000	-15.000000	2519.000000	700.000000	18.434953
796	45.000000	-15.000000	2519.000000	700.000000	18.434953
797	45.000000	-15.000000	2520.000000	700.000000	18.434953
798	45.000000	-15.000000	2520.000000	700.000000	18.434953
799	45.000000	-15.000000	2520.000000	700.000000	18.434953
800	45.000000	-15.000000	2520.000000	700.000000	18.434953
801	45.000000	-15.000000	2520.000000	700.000000	18.434953
802	45.000000	-15.000000	2520.000000	700.000000	18.434953
803	45.000000	-15.000000	2520.000000	700.000000	18.434953
804	45.000000	-15.000000	2520.000000	700.000000	18.434953
805	45.000000	-15.000000	2520.000000	700.000000	18.434953
806	45.000000	-15.000000	2520.000000	700.000000	18.434953
807	45.000000	-15.000000	2520.000000	700.000000	18.434953
808	45.000000	-15.000000	2520.000000	700.000000	18.434953
809	45.000000	-15.000000	2520.000000	700.000000	18.434953
810	45.000000	-15.000000	2520.000000	700.000000	18.434953
811	45.000000	-15.000000	2520.000000	700.000000	18.434953
812	45.000000	-15.000000	2520.000000	700.000000	18.434953
813	45.000000	-15.000000	2521.000000	700.000000	18.434953
814	45.000000	-15.000000	2521.000000	700.000000	18.434953
815	45.000000	-15.000000	2521.000000	700.000000	18.434953
816	45.000000	-15.000000	2521.000000	700.000000	18.434953
817	45.000000	-15.000000	2521.000000	700.000000	18.434953
818	45.000000	-15.000000	2521.000000	700.000000	18.434953
819	45.000000	-15.000000	2521.000000	700.000000	18.434953
820	45.000000	-15.000000	2521.000000	700.000000	18.434953
821	45.000000	-15.000000	2521.000000	700.000000	18.434953
822	45.000000	-15.000000	1305.000000	700.000000	18.434953
823	45.000000	-15.000000	1260.000000	700.000000	18.434953
824	45.000000	-15.000000	1260.000000	700.000000	18.434953
825	45.000000	-15.000000	1223.000000	700.000000	18.434953
826	45.000000	-15.000000	1223.000000	700.000000	18.434953
827	45.000000	-15.000000	1223.000000	700.000000	18.434953
828	45.000000	-15.000000	1180.000000	700.000000	18.434953
829	45.000000	-15.000000	1147.000000	700.000000	18.434953
830	45.000000	-15.000000	1147.000000	700.000000	18.434953
831	45.000000	-15.000000	1108.000000	700.000000	18.434953
832	45.000000	-15.000000	1108.000000	700.000000	18.434953
833	45.000000	-15.000000	1108.000000	700.000000	18.434953
834	45.000000	-15.000000	1108.000000	700.000000	18.434953
835	45.000000	-15.000000	1039.000000	700.000000	18.434953
836	45.000000	-15.000000	1039.000000	700.000000	18.434953
837	45.000000	-15.000000	989.000000	700.000000	18.434953
838	45.000000	-15.000000	989.000000	700.000000	18.434953
839	45.000000	-15.000000	989.000000	700.000000	18.434953
840	45.000000	-15.000000	989.000000	700.000000	18.434953
841	45.000000	-15.000000	911.000000	700.000000	18.434953
842	45.000000	-15.000000	911.000000	700.000000	18.434953
843	45.000000	-15.000000	878.000000	700.000000	18.434953
844	45.000000	-15.000000	878.000000	700.000000	18.434953
845	45.000000	-15.000000	878.000000	700.000000	18.434953
846	45.000000	-15.000000	948.000000	700.000000	18.434953
847	45.000000	-15.000000	2519.000000	700.000000	18.434953
848	45.000000	-15.000000	2519.000000	700.000000	18.434953
849	45.000000	-15.000000	745.000000	700.000000	18.434953
850	45.000000	-15.000000	745.000000	700.000000	18.434953
851	45.000000	-15.000000	846.000000	700.000000	18.434953
852	45.000000	-15.000000	846.000000	700.000000	18.434953
853	45.000000	-15.000000	2521.000000	700.000000	18.434953
854	45.000000	-15.000000	2521.000000	700.000000	18.434953
855	45.000000	-15.000000	665.000000	700.000000	18.434953
856	45.000000	-15.000000	665.000000	700.000000	18.434953
857	45.000000	-15.000000	708.000000	700.000000	18.434953
858	45.000000	-15.000000	708.000000	700.000000	18.434953
859	45.000000	-15.000000	708.000000	700.000000	18.434953
860	45.000000	-15.000000	629.000000	700.000000	18.434953
861	45.000000	-15.000000	609.000000	700.000000	18.434953
862	45.000000	-15.000000	609.000000	700.000000	18.434953
863	45.000000	-15.000000	607.000000	700.000000	18.434953
864	45.000000	-15.000000	607.000000	700.000000	18.434953
865	45.000000	-15.000000	601.000000	700.000000	18.434953
866	45.000000	-15.000000	601.000000	700.000000	18.434953
867	45.000000	-15.000000	591.000000	700.000000	18.434953
868	45.000000	-15.000000	591.000000	700.000000	18.434953
869	45.000000	-15.000000	591.000000	700.000000	18.434953
870	45.000000	-15.000000	591.000000	700.000000	18.434953
871	45.000000	-15.000000	591.000000	700.000000	18.434953
872	45.000000	-15.000000	617.000000	700.000000	18.434953
873	45.000000	-15.000000	622.000000	700.000000	18.434953
874	45.000000	-15.000000	622.000000	700.000000	18.434953
875	45.000000	-15.000000	2507.000000	700.000000	18.434953
876	45.000000	-15.000000	2507.000000	700.000000	18.434953
877	45.000000	-15.000000	2507.000000	700.000000	18.434953
878	45.000000	-15.000000	2507.000000	700.000000	18.434953
