#	Proyecto: Control de un Quadrotor por VA
#	Datos para la gráfica en GNUplot.

#	Error X	    	Error Y	 	Altura		Alt. Ref	Yaw
0	0.000000	0.000000	0.000000	700.000000	0.000000
1	0.000000	0.000000	0.000000	700.000000	0.000000
2	0.000000	0.000000	0.000000	700.000000	0.000000
3	0.000000	0.000000	0.000000	700.000000	0.000000
4	0.000000	0.000000	0.000000	700.000000	0.000000
5	0.000000	0.000000	0.000000	700.000000	0.000000
6	0.000000	0.000000	0.000000	700.000000	0.000000
7	0.000000	0.000000	0.000000	700.000000	0.000000
8	0.000000	0.000000	0.000000	700.000000	0.000000
9	0.000000	0.000000	0.000000	700.000000	0.000000
10	0.000000	0.000000	0.000000	700.000000	0.000000
11	0.000000	0.000000	0.000000	700.000000	0.000000
12	0.000000	0.000000	0.000000	700.000000	0.000000
13	0.000000	0.000000	0.000000	700.000000	0.000000
14	0.000000	0.000000	0.000000	700.000000	0.000000
15	0.000000	0.000000	0.000000	700.000000	0.000000
16	0.000000	0.000000	0.000000	700.000000	0.000000
17	0.000000	0.000000	0.000000	700.000000	0.000000
18	0.000000	0.000000	0.000000	700.000000	0.000000
19	0.000000	0.000000	0.000000	700.000000	0.000000
20	0.000000	0.000000	0.000000	700.000000	0.000000
21	0.000000	0.000000	0.000000	700.000000	0.000000
22	0.000000	0.000000	0.000000	700.000000	0.000000
23	0.000000	0.000000	0.000000	700.000000	0.000000
24	0.000000	0.000000	0.000000	700.000000	0.000000
25	0.000000	0.000000	0.000000	700.000000	0.000000
26	0.000000	0.000000	0.000000	700.000000	0.000000
27	0.000000	0.000000	0.000000	700.000000	0.000000
28	0.000000	0.000000	0.000000	700.000000	0.000000
29	0.000000	0.000000	0.000000	700.000000	0.000000
30	0.000000	0.000000	0.000000	700.000000	0.000000
31	0.000000	0.000000	0.000000	700.000000	0.000000
32	0.000000	0.000000	0.000000	700.000000	0.000000
33	0.000000	0.000000	0.000000	700.000000	0.000000
34	0.000000	0.000000	0.000000	700.000000	0.000000
35	0.000000	0.000000	0.000000	700.000000	0.000000
36	0.000000	0.000000	0.000000	700.000000	0.000000
37	0.000000	0.000000	0.000000	700.000000	0.000000
38	0.000000	0.000000	0.000000	700.000000	0.000000
39	0.000000	0.000000	0.000000	700.000000	0.000000
40	0.000000	0.000000	0.000000	700.000000	0.000000
41	0.000000	0.000000	0.000000	700.000000	0.000000
42	0.000000	0.000000	0.000000	700.000000	0.000000
43	0.000000	0.000000	0.000000	700.000000	0.000000
44	0.000000	0.000000	0.000000	700.000000	0.000000
45	0.000000	0.000000	0.000000	700.000000	0.000000
46	0.000000	0.000000	0.000000	700.000000	0.000000
47	0.000000	0.000000	0.000000	700.000000	0.000000
48	0.000000	0.000000	0.000000	700.000000	0.000000
49	0.000000	0.000000	0.000000	700.000000	0.000000
50	0.000000	0.000000	281.000000	700.000000	0.000000
51	0.000000	0.000000	281.000000	700.000000	0.000000
52	0.000000	0.000000	281.000000	700.000000	0.000000
53	0.000000	0.000000	281.000000	700.000000	0.000000
54	0.000000	0.000000	281.000000	700.000000	0.000000
55	0.000000	0.000000	280.000000	700.000000	0.000000
56	0.000000	0.000000	280.000000	700.000000	0.000000
57	0.000000	0.000000	280.000000	700.000000	0.000000
58	0.000000	0.000000	281.000000	700.000000	0.000000
59	0.000000	0.000000	281.000000	700.000000	0.000000
60	0.000000	0.000000	281.000000	700.000000	0.000000
61	0.000000	0.000000	281.000000	700.000000	0.000000
62	0.000000	0.000000	280.000000	700.000000	0.000000
63	0.000000	0.000000	280.000000	700.000000	0.000000
64	0.000000	0.000000	280.000000	700.000000	0.000000
65	0.000000	0.000000	280.000000	700.000000	0.000000
66	0.000000	0.000000	280.000000	700.000000	0.000000
67	0.000000	0.000000	280.000000	700.000000	0.000000
68	0.000000	0.000000	281.000000	700.000000	0.000000
69	0.000000	0.000000	281.000000	700.000000	0.000000
70	0.000000	0.000000	281.000000	700.000000	0.000000
71	0.000000	0.000000	281.000000	700.000000	0.000000
72	0.000000	0.000000	279.000000	700.000000	0.000000
73	0.000000	0.000000	279.000000	700.000000	0.000000
74	0.000000	0.000000	280.000000	700.000000	0.000000
75	0.000000	0.000000	280.000000	700.000000	0.000000
76	0.000000	0.000000	280.000000	700.000000	0.000000
77	0.000000	0.000000	280.000000	700.000000	0.000000
78	0.000000	0.000000	280.000000	700.000000	0.000000
79	0.000000	0.000000	280.000000	700.000000	0.000000
80	0.000000	0.000000	280.000000	700.000000	0.000000
81	0.000000	0.000000	280.000000	700.000000	0.000000
82	0.000000	0.000000	280.000000	700.000000	0.000000
83	0.000000	0.000000	280.000000	700.000000	0.000000
84	0.000000	0.000000	280.000000	700.000000	0.000000
85	0.000000	0.000000	280.000000	700.000000	0.000000
86	0.000000	0.000000	279.000000	700.000000	0.000000
87	0.000000	0.000000	279.000000	700.000000	0.000000
88	0.000000	0.000000	280.000000	700.000000	0.000000
89	0.000000	0.000000	280.000000	700.000000	0.000000
90	0.000000	0.000000	279.000000	700.000000	0.000000
91	0.000000	0.000000	279.000000	700.000000	0.000000
92	0.000000	0.000000	279.000000	700.000000	0.000000
93	0.000000	0.000000	279.000000	700.000000	0.000000
94	0.000000	0.000000	280.000000	700.000000	0.000000
95	0.000000	0.000000	280.000000	700.000000	0.000000
96	0.000000	0.000000	280.000000	700.000000	0.000000
97	0.000000	0.000000	280.000000	700.000000	0.000000
98	0.000000	0.000000	279.000000	700.000000	0.000000
99	0.000000	0.000000	279.000000	700.000000	0.000000
100	0.000000	0.000000	279.000000	700.000000	0.000000
101	0.000000	0.000000	280.000000	700.000000	0.000000
102	0.000000	0.000000	280.000000	700.000000	0.000000
103	0.000000	0.000000	280.000000	700.000000	0.000000
104	0.000000	0.000000	280.000000	700.000000	0.000000
105	0.000000	0.000000	279.000000	700.000000	0.000000
106	0.000000	0.000000	280.000000	700.000000	0.000000
107	0.000000	0.000000	280.000000	700.000000	0.000000
108	0.000000	0.000000	281.000000	700.000000	0.000000
109	0.000000	0.000000	281.000000	700.000000	0.000000
110	0.000000	0.000000	280.000000	700.000000	0.000000
111	0.000000	0.000000	280.000000	700.000000	0.000000
112	0.000000	0.000000	280.000000	700.000000	0.000000
113	0.000000	0.000000	280.000000	700.000000	0.000000
114	0.000000	0.000000	0.000000	700.000000	0.000000
115	0.000000	0.000000	0.000000	700.000000	0.000000
116	0.000000	0.000000	0.000000	700.000000	0.000000
117	0.000000	0.000000	0.000000	700.000000	0.000000
118	0.000000	0.000000	0.000000	700.000000	0.000000
119	0.000000	0.000000	0.000000	700.000000	0.000000
120	0.000000	0.000000	0.000000	700.000000	0.000000
121	0.000000	0.000000	0.000000	700.000000	0.000000
122	0.000000	0.000000	2.000000	700.000000	0.000000
123	0.000000	0.000000	2.000000	700.000000	0.000000
124	0.000000	0.000000	0.000000	700.000000	0.000000
125	0.000000	0.000000	0.000000	700.000000	0.000000
126	0.000000	0.000000	-1.000000	700.000000	0.000000
127	0.000000	0.000000	-1.000000	700.000000	0.000000
128	0.000000	0.000000	0.000000	700.000000	0.000000
129	0.000000	0.000000	0.000000	700.000000	0.000000
130	0.000000	0.000000	0.000000	700.000000	0.000000
131	0.000000	0.000000	0.000000	700.000000	0.000000
132	0.000000	0.000000	-1.000000	700.000000	0.000000
133	0.000000	0.000000	-1.000000	700.000000	0.000000
134	0.000000	0.000000	0.000000	700.000000	0.000000
135	0.000000	0.000000	0.000000	700.000000	0.000000
136	0.000000	0.000000	0.000000	700.000000	0.000000
137	0.000000	0.000000	0.000000	700.000000	0.000000
138	0.000000	0.000000	0.000000	700.000000	0.000000
139	0.000000	0.000000	0.000000	700.000000	0.000000
140	0.000000	0.000000	0.000000	700.000000	0.000000
141	0.000000	0.000000	0.000000	700.000000	0.000000
142	0.000000	0.000000	-1.000000	700.000000	0.000000
143	0.000000	0.000000	-1.000000	700.000000	0.000000
144	0.000000	0.000000	2.000000	700.000000	0.000000
145	0.000000	0.000000	2.000000	700.000000	0.000000
146	0.000000	0.000000	-1.000000	700.000000	0.000000
147	0.000000	0.000000	-1.000000	700.000000	0.000000
148	0.000000	0.000000	1.000000	700.000000	0.000000
149	0.000000	0.000000	1.000000	700.000000	0.000000
150	0.000000	0.000000	1.000000	700.000000	0.000000
151	0.000000	0.000000	1.000000	700.000000	0.000000
152	0.000000	0.000000	1.000000	700.000000	0.000000
153	0.000000	0.000000	1.000000	700.000000	0.000000
154	0.000000	0.000000	1.000000	700.000000	0.000000
155	0.000000	0.000000	1.000000	700.000000	0.000000
156	0.000000	0.000000	1.000000	700.000000	0.000000
157	0.000000	0.000000	1.000000	700.000000	0.000000
158	0.000000	0.000000	1.000000	700.000000	0.000000
159	0.000000	0.000000	1.000000	700.000000	0.000000
160	0.000000	0.000000	0.000000	700.000000	0.000000
161	0.000000	0.000000	0.000000	700.000000	0.000000
162	0.000000	0.000000	0.000000	700.000000	0.000000
163	0.000000	0.000000	0.000000	700.000000	0.000000
164	0.000000	0.000000	0.000000	700.000000	0.000000
165	0.000000	0.000000	0.000000	700.000000	0.000000
166	0.000000	0.000000	0.000000	700.000000	0.000000
167	0.000000	0.000000	0.000000	700.000000	0.000000
168	0.000000	0.000000	0.000000	700.000000	0.000000
169	0.000000	0.000000	0.000000	700.000000	0.000000
170	0.000000	0.000000	2.000000	700.000000	0.000000
171	0.000000	0.000000	2.000000	700.000000	0.000000
172	0.000000	0.000000	2.000000	700.000000	0.000000
173	0.000000	0.000000	2.000000	700.000000	0.000000
174	0.000000	0.000000	2.000000	700.000000	0.000000
175	0.000000	0.000000	2.000000	700.000000	0.000000
176	0.000000	0.000000	0.000000	700.000000	0.000000
177	0.000000	0.000000	0.000000	700.000000	0.000000
178	0.000000	0.000000	0.000000	700.000000	0.000000
179	0.000000	0.000000	0.000000	700.000000	0.000000
180	0.000000	0.000000	0.000000	700.000000	0.000000
181	0.000000	0.000000	0.000000	700.000000	0.000000
182	0.000000	0.000000	0.000000	700.000000	0.000000
183	0.000000	0.000000	0.000000	700.000000	0.000000
184	0.000000	0.000000	0.000000	700.000000	0.000000
185	0.000000	0.000000	0.000000	700.000000	0.000000
186	0.000000	0.000000	3.000000	700.000000	0.000000
187	0.000000	0.000000	3.000000	700.000000	0.000000
188	0.000000	0.000000	3.000000	700.000000	0.000000
189	0.000000	0.000000	-2.000000	700.000000	0.000000
190	0.000000	0.000000	6.000000	700.000000	0.000000
191	0.000000	0.000000	-59.000000	700.000000	0.000000
192	0.000000	0.000000	-58.000000	700.000000	0.000000
193	0.000000	0.000000	-59.000000	700.000000	0.000000
194	0.000000	0.000000	-59.000000	700.000000	0.000000
195	0.000000	0.000000	-58.000000	700.000000	0.000000
196	0.000000	0.000000	-58.000000	700.000000	0.000000
197	0.000000	0.000000	-59.000000	700.000000	0.000000
198	0.000000	0.000000	-58.000000	700.000000	0.000000
199	0.000000	0.000000	-59.000000	700.000000	0.000000
200	0.000000	0.000000	-59.000000	700.000000	0.000000
201	0.000000	0.000000	-59.000000	700.000000	0.000000
202	0.000000	0.000000	-59.000000	700.000000	0.000000
203	0.000000	0.000000	-60.000000	700.000000	0.000000
204	0.000000	0.000000	-60.000000	700.000000	0.000000
205	0.000000	0.000000	-60.000000	700.000000	0.000000
206	0.000000	0.000000	-59.000000	700.000000	0.000000
207	0.000000	0.000000	-59.000000	700.000000	0.000000
208	0.000000	0.000000	-59.000000	700.000000	0.000000
209	0.000000	0.000000	-59.000000	700.000000	0.000000
210	0.000000	0.000000	-59.000000	700.000000	0.000000
211	0.000000	0.000000	-59.000000	700.000000	0.000000
212	0.000000	0.000000	-59.000000	700.000000	0.000000
213	0.000000	0.000000	-59.000000	700.000000	0.000000
214	0.000000	0.000000	-59.000000	700.000000	0.000000
215	0.000000	0.000000	-59.000000	700.000000	0.000000
216	0.000000	0.000000	-59.000000	700.000000	0.000000
217	0.000000	0.000000	-59.000000	700.000000	0.000000
218	0.000000	0.000000	-59.000000	700.000000	0.000000
219	0.000000	0.000000	-59.000000	700.000000	0.000000
220	0.000000	0.000000	-59.000000	700.000000	0.000000
221	0.000000	0.000000	-59.000000	700.000000	0.000000
222	0.000000	0.000000	-59.000000	700.000000	0.000000
223	0.000000	0.000000	-59.000000	700.000000	0.000000
224	0.000000	0.000000	-59.000000	700.000000	0.000000
225	0.000000	0.000000	-59.000000	700.000000	0.000000
226	0.000000	0.000000	-59.000000	700.000000	0.000000
227	0.000000	0.000000	-59.000000	700.000000	0.000000
228	0.000000	0.000000	-59.000000	700.000000	0.000000
229	0.000000	0.000000	-59.000000	700.000000	0.000000
230	0.000000	0.000000	-59.000000	700.000000	0.000000
231	0.000000	0.000000	-59.000000	700.000000	0.000000
232	0.000000	0.000000	-59.000000	700.000000	0.000000
233	0.000000	0.000000	-59.000000	700.000000	0.000000
234	0.000000	0.000000	-59.000000	700.000000	0.000000
235	0.000000	0.000000	-59.000000	700.000000	0.000000
236	0.000000	0.000000	-59.000000	700.000000	0.000000
237	0.000000	0.000000	-59.000000	700.000000	0.000000
238	0.000000	0.000000	-59.000000	700.000000	0.000000
239	0.000000	0.000000	-59.000000	700.000000	0.000000
240	0.000000	0.000000	-59.000000	700.000000	0.000000
241	0.000000	0.000000	-59.000000	700.000000	0.000000
242	0.000000	0.000000	-59.000000	700.000000	0.000000
243	0.000000	0.000000	-59.000000	700.000000	0.000000
244	0.000000	0.000000	-59.000000	700.000000	0.000000
245	0.000000	0.000000	-59.000000	700.000000	0.000000
246	0.000000	0.000000	-7.000000	700.000000	0.000000
247	0.000000	0.000000	-7.000000	700.000000	0.000000
248	0.000000	0.000000	-7.000000	700.000000	0.000000
249	0.000000	0.000000	-7.000000	700.000000	0.000000
250	0.000000	0.000000	-7.000000	700.000000	0.000000
251	0.000000	0.000000	-7.000000	700.000000	0.000000
252	0.000000	0.000000	-7.000000	700.000000	0.000000
253	0.000000	0.000000	-7.000000	700.000000	0.000000
254	0.000000	0.000000	-7.000000	700.000000	0.000000
255	0.000000	0.000000	-7.000000	700.000000	0.000000
256	0.000000	0.000000	-7.000000	700.000000	0.000000
257	0.000000	0.000000	-7.000000	700.000000	0.000000
258	0.000000	0.000000	-7.000000	700.000000	0.000000
259	0.000000	0.000000	-7.000000	700.000000	0.000000
260	0.000000	0.000000	-7.000000	700.000000	0.000000
261	0.000000	0.000000	-7.000000	700.000000	0.000000
262	0.000000	0.000000	-7.000000	700.000000	0.000000
263	0.000000	0.000000	-7.000000	700.000000	0.000000
264	0.000000	0.000000	-7.000000	700.000000	0.000000
265	0.000000	0.000000	-7.000000	700.000000	0.000000
266	0.000000	0.000000	-7.000000	700.000000	0.000000
267	0.000000	0.000000	-7.000000	700.000000	0.000000
268	0.000000	0.000000	-7.000000	700.000000	0.000000
269	0.000000	0.000000	-7.000000	700.000000	0.000000
270	0.000000	0.000000	-7.000000	700.000000	0.000000
271	0.000000	0.000000	-7.000000	700.000000	0.000000
272	0.000000	0.000000	-7.000000	700.000000	0.000000
273	0.000000	0.000000	-7.000000	700.000000	0.000000
274	0.000000	0.000000	-7.000000	700.000000	0.000000
275	0.000000	0.000000	-7.000000	700.000000	0.000000
276	0.000000	0.000000	-7.000000	700.000000	0.000000
277	0.000000	0.000000	-7.000000	700.000000	0.000000
278	0.000000	0.000000	-7.000000	700.000000	0.000000
279	0.000000	0.000000	-7.000000	700.000000	0.000000
280	0.000000	0.000000	-7.000000	700.000000	0.000000
281	0.000000	0.000000	-7.000000	700.000000	0.000000
282	0.000000	0.000000	-7.000000	700.000000	0.000000
283	0.000000	0.000000	-7.000000	700.000000	0.000000
284	0.000000	0.000000	-7.000000	700.000000	0.000000
285	0.000000	0.000000	-7.000000	700.000000	0.000000
286	0.000000	0.000000	-7.000000	700.000000	0.000000
287	0.000000	0.000000	-7.000000	700.000000	0.000000
288	0.000000	0.000000	-4.000000	700.000000	0.000000
289	0.000000	0.000000	-11.000000	700.000000	0.000000
290	0.000000	0.000000	-13.000000	700.000000	0.000000
291	0.000000	0.000000	-12.000000	700.000000	0.000000
292	0.000000	0.000000	-12.000000	700.000000	0.000000
293	0.000000	0.000000	-7.000000	700.000000	0.000000
294	-43.000000	33.000000	-7.000000	700.000000	90.000000
295	-43.000000	33.000000	-12.000000	700.000000	90.000000
296	-43.000000	33.000000	-12.000000	700.000000	90.000000
297	-25.000000	27.000000	-13.000000	700.000000	90.000000
298	-25.000000	27.000000	-13.000000	700.000000	90.000000
299	-36.000000	-57.000000	-13.000000	700.000000	90.000000
300	-36.000000	-57.000000	-13.000000	700.000000	90.000000
301	-36.000000	-57.000000	-14.000000	700.000000	90.000000
302	-36.000000	-57.000000	-14.000000	700.000000	90.000000
303	-2.000000	-1.000000	-13.000000	700.000000	90.000000
304	-71.000000	-1.000000	297.000000	700.000000	0.000000
305	-71.000000	-1.000000	297.000000	700.000000	0.000000
306	-71.000000	-1.000000	335.000000	700.000000	0.000000
307	-71.000000	-1.000000	335.000000	700.000000	0.000000
308	-71.000000	-1.000000	350.000000	700.000000	0.000000
309	-71.000000	-1.000000	350.000000	700.000000	0.000000
310	-71.000000	-1.000000	348.000000	700.000000	0.000000
311	-71.000000	-1.000000	348.000000	700.000000	0.000000
312	-71.000000	-1.000000	367.000000	700.000000	0.000000
313	-71.000000	-1.000000	367.000000	700.000000	0.000000
314	-71.000000	-1.000000	382.000000	700.000000	0.000000
315	-71.000000	-1.000000	382.000000	700.000000	0.000000
316	-71.000000	-1.000000	399.000000	700.000000	0.000000
317	-71.000000	-1.000000	399.000000	700.000000	0.000000
318	-78.000000	-54.000000	407.000000	700.000000	0.000000
319	-78.000000	-54.000000	407.000000	700.000000	0.000000
320	-78.000000	-54.000000	411.000000	700.000000	0.000000
321	-78.000000	-54.000000	411.000000	700.000000	0.000000
322	-74.000000	-49.000000	415.000000	700.000000	0.000000
323	-74.000000	-49.000000	415.000000	700.000000	0.000000
324	-69.000000	-43.000000	425.000000	700.000000	0.000000
325	-69.000000	-43.000000	425.000000	700.000000	0.000000
326	-69.000000	-43.000000	438.000000	700.000000	0.000000
327	-65.000000	-36.000000	438.000000	700.000000	0.000000
328	-65.000000	-36.000000	444.000000	700.000000	0.000000
329	-70.000000	-35.000000	444.000000	700.000000	-8.130104
330	-70.000000	-35.000000	445.000000	700.000000	-8.130104
331	-70.000000	-35.000000	445.000000	700.000000	-8.130104
332	-70.000000	-35.000000	457.000000	700.000000	-8.130104
333	-58.000000	-28.000000	457.000000	700.000000	-3.945185
334	-58.000000	-28.000000	460.000000	700.000000	-3.945185
335	-58.000000	-28.000000	460.000000	700.000000	-3.945185
336	42.000000	-62.000000	538.000000	700.000000	90.000000
337	42.000000	-62.000000	541.000000	700.000000	90.000000
338	42.000000	-62.000000	541.000000	700.000000	90.000000
339	42.000000	-62.000000	547.000000	700.000000	90.000000
340	42.000000	-62.000000	450.000000	700.000000	90.000000
341	42.000000	-62.000000	459.000000	700.000000	90.000000
342	42.000000	-62.000000	459.000000	700.000000	90.000000
343	42.000000	-62.000000	443.000000	700.000000	90.000000
344	42.000000	-62.000000	443.000000	700.000000	90.000000
345	42.000000	-62.000000	443.000000	700.000000	90.000000
346	-64.000000	-12.000000	416.000000	700.000000	-8.130104
347	-64.000000	-12.000000	416.000000	700.000000	-8.130104
348	-63.000000	10.000000	411.000000	700.000000	-6.581946
349	-63.000000	10.000000	411.000000	700.000000	-6.581946
350	-70.000000	20.000000	400.000000	700.000000	-9.462318
351	-70.000000	20.000000	400.000000	700.000000	-9.462318
352	-70.000000	20.000000	399.000000	700.000000	-9.462318
353	-70.000000	20.000000	399.000000	700.000000	-9.462318
354	-70.000000	20.000000	393.000000	700.000000	-9.462318
355	-70.000000	20.000000	393.000000	700.000000	-9.462318
356	-66.000000	23.000000	386.000000	700.000000	0.000000
357	-66.000000	23.000000	386.000000	700.000000	0.000000
358	-66.000000	23.000000	380.000000	700.000000	0.000000
359	-68.000000	20.000000	380.000000	700.000000	0.000000
360	-68.000000	20.000000	370.000000	700.000000	0.000000
361	-68.000000	17.000000	370.000000	700.000000	0.000000
362	-68.000000	17.000000	366.000000	700.000000	0.000000
363	-68.000000	17.000000	366.000000	700.000000	0.000000
364	-67.000000	14.000000	371.000000	700.000000	0.000000
365	-67.000000	14.000000	371.000000	700.000000	0.000000
366	-66.000000	13.000000	374.000000	700.000000	0.000000
367	-66.000000	13.000000	374.000000	700.000000	0.000000
368	-66.000000	13.000000	371.000000	700.000000	0.000000
369	-64.000000	15.000000	371.000000	700.000000	0.000000
370	-64.000000	15.000000	379.000000	700.000000	0.000000
371	-64.000000	15.000000	379.000000	700.000000	0.000000
372	-61.000000	16.000000	382.000000	700.000000	0.000000
373	-61.000000	16.000000	382.000000	700.000000	0.000000
374	-72.000000	18.000000	384.000000	700.000000	-20.556048
375	-72.000000	18.000000	384.000000	700.000000	-20.556048
376	-72.000000	18.000000	396.000000	700.000000	-20.556048
377	-65.000000	22.000000	396.000000	700.000000	-24.443955
378	38.000000	43.000000	486.000000	700.000000	-31.607499
379	38.000000	43.000000	486.000000	700.000000	-31.607499
380	72.000000	49.000000	493.000000	700.000000	54.637540
381	72.000000	49.000000	493.000000	700.000000	54.637540
382	72.000000	49.000000	493.000000	700.000000	54.637540
383	72.000000	49.000000	493.000000	700.000000	54.637540
384	72.000000	49.000000	508.000000	700.000000	54.637540
385	72.000000	49.000000	508.000000	700.000000	54.637540
386	72.000000	49.000000	510.000000	700.000000	54.637540
387	72.000000	49.000000	510.000000	700.000000	54.637540
388	72.000000	49.000000	511.000000	700.000000	54.637540
389	72.000000	49.000000	511.000000	700.000000	54.637540
390	72.000000	49.000000	516.000000	700.000000	54.637540
391	72.000000	49.000000	516.000000	700.000000	54.637540
392	72.000000	49.000000	520.000000	700.000000	54.637540
393	72.000000	49.000000	520.000000	700.000000	54.637540
394	72.000000	49.000000	520.000000	700.000000	54.637540
395	72.000000	49.000000	520.000000	700.000000	54.637540
396	72.000000	49.000000	529.000000	700.000000	54.637540
397	72.000000	49.000000	529.000000	700.000000	54.637540
398	72.000000	49.000000	528.000000	700.000000	54.637540
399	72.000000	49.000000	535.000000	700.000000	54.637540
400	72.000000	49.000000	535.000000	700.000000	54.637540
401	72.000000	49.000000	537.000000	700.000000	54.637540
402	72.000000	49.000000	537.000000	700.000000	54.637540
403	72.000000	49.000000	536.000000	700.000000	54.637540
404	72.000000	49.000000	536.000000	700.000000	54.637540
405	72.000000	49.000000	576.000000	700.000000	54.637540
406	72.000000	49.000000	575.000000	700.000000	54.637540
407	72.000000	49.000000	559.000000	700.000000	54.637540
408	72.000000	49.000000	559.000000	700.000000	54.637540
409	72.000000	49.000000	536.000000	700.000000	54.637540
410	72.000000	49.000000	536.000000	700.000000	54.637540
411	72.000000	49.000000	523.000000	700.000000	54.637540
412	72.000000	49.000000	523.000000	700.000000	54.637540
413	72.000000	49.000000	513.000000	700.000000	54.637540
414	72.000000	49.000000	513.000000	700.000000	54.637540
415	72.000000	49.000000	513.000000	700.000000	54.637540
416	72.000000	49.000000	501.000000	700.000000	54.637540
417	72.000000	49.000000	495.000000	700.000000	54.637540
418	72.000000	49.000000	495.000000	700.000000	54.637540
419	72.000000	49.000000	495.000000	700.000000	54.637540
420	72.000000	49.000000	489.000000	700.000000	54.637540
421	72.000000	49.000000	489.000000	700.000000	54.637540
422	72.000000	49.000000	480.000000	700.000000	54.637540
423	72.000000	49.000000	469.000000	700.000000	54.637540
424	72.000000	49.000000	469.000000	700.000000	54.637540
425	72.000000	49.000000	463.000000	700.000000	54.637540
426	72.000000	49.000000	463.000000	700.000000	54.637540
427	72.000000	49.000000	460.000000	700.000000	54.637540
428	72.000000	49.000000	460.000000	700.000000	54.637540
429	72.000000	49.000000	448.000000	700.000000	54.637540
430	72.000000	49.000000	448.000000	700.000000	54.637540
431	72.000000	49.000000	446.000000	700.000000	54.637540
432	72.000000	49.000000	446.000000	700.000000	54.637540
433	72.000000	49.000000	436.000000	700.000000	54.637540
434	72.000000	49.000000	436.000000	700.000000	54.637540
435	72.000000	49.000000	436.000000	700.000000	54.637540
436	72.000000	49.000000	427.000000	700.000000	54.637540
437	72.000000	49.000000	427.000000	700.000000	54.637540
438	72.000000	49.000000	416.000000	700.000000	54.637540
439	72.000000	49.000000	408.000000	700.000000	54.637540
440	72.000000	49.000000	408.000000	700.000000	54.637540
441	72.000000	49.000000	386.000000	700.000000	54.637540
442	72.000000	49.000000	386.000000	700.000000	54.637540
443	72.000000	49.000000	366.000000	700.000000	54.637540
444	72.000000	49.000000	366.000000	700.000000	54.637540
445	72.000000	49.000000	335.000000	700.000000	54.637540
446	72.000000	49.000000	335.000000	700.000000	54.637540
447	72.000000	49.000000	314.000000	700.000000	54.637540
448	72.000000	49.000000	314.000000	700.000000	54.637540
449	72.000000	49.000000	314.000000	700.000000	54.637540
450	72.000000	49.000000	287.000000	700.000000	54.637540
451	72.000000	49.000000	265.000000	700.000000	54.637540
452	72.000000	49.000000	265.000000	700.000000	54.637540
453	72.000000	49.000000	242.000000	700.000000	54.637540
454	72.000000	49.000000	242.000000	700.000000	54.637540
455	72.000000	49.000000	242.000000	700.000000	54.637540
456	72.000000	49.000000	187.000000	700.000000	54.637540
457	72.000000	49.000000	186.000000	700.000000	54.637540
458	72.000000	49.000000	186.000000	700.000000	54.637540
459	72.000000	49.000000	158.000000	700.000000	54.637540
460	72.000000	49.000000	158.000000	700.000000	54.637540
461	72.000000	49.000000	122.000000	700.000000	54.637540
462	72.000000	49.000000	122.000000	700.000000	54.637540
463	72.000000	49.000000	91.000000	700.000000	54.637540
464	72.000000	49.000000	91.000000	700.000000	54.637540
465	72.000000	49.000000	63.000000	700.000000	54.637540
466	72.000000	49.000000	63.000000	700.000000	54.637540
467	72.000000	49.000000	37.000000	700.000000	54.637540
468	72.000000	49.000000	37.000000	700.000000	54.637540
469	72.000000	49.000000	37.000000	700.000000	54.637540
470	72.000000	49.000000	21.000000	700.000000	54.637540
471	72.000000	49.000000	9.000000	700.000000	54.637540
472	72.000000	49.000000	9.000000	700.000000	54.637540
473	72.000000	49.000000	9.000000	700.000000	54.637540
474	72.000000	49.000000	2.000000	700.000000	54.637540
475	72.000000	49.000000	-1.000000	700.000000	54.637540
476	72.000000	49.000000	-1.000000	700.000000	54.637540
477	72.000000	49.000000	-1.000000	700.000000	54.637540
478	72.000000	49.000000	-1.000000	700.000000	54.637540
479	72.000000	49.000000	-1.000000	700.000000	54.637540
480	72.000000	49.000000	0.000000	700.000000	54.637540
481	72.000000	49.000000	0.000000	700.000000	54.637540
482	72.000000	49.000000	0.000000	700.000000	54.637540
483	72.000000	49.000000	0.000000	700.000000	54.637540
484	72.000000	49.000000	215.000000	700.000000	54.637540
485	72.000000	49.000000	215.000000	700.000000	54.637540
486	72.000000	49.000000	215.000000	700.000000	54.637540
487	72.000000	49.000000	218.000000	700.000000	54.637540
488	72.000000	49.000000	218.000000	700.000000	54.637540
489	72.000000	49.000000	0.000000	700.000000	54.637540
490	72.000000	49.000000	0.000000	700.000000	54.637540
491	72.000000	49.000000	0.000000	700.000000	54.637540
492	72.000000	49.000000	0.000000	700.000000	54.637540
493	72.000000	49.000000	0.000000	700.000000	54.637540
494	72.000000	49.000000	0.000000	700.000000	54.637540
495	72.000000	49.000000	0.000000	700.000000	54.637540
496	72.000000	49.000000	0.000000	700.000000	54.637540
497	72.000000	49.000000	0.000000	700.000000	54.637540
498	72.000000	49.000000	0.000000	700.000000	54.637540
499	72.000000	49.000000	0.000000	700.000000	54.637540
500	72.000000	49.000000	0.000000	700.000000	54.637540
501	72.000000	49.000000	0.000000	700.000000	54.637540
502	72.000000	49.000000	-1.000000	700.000000	54.637540
503	72.000000	49.000000	-1.000000	700.000000	54.637540
504	72.000000	49.000000	-1.000000	700.000000	54.637540
505	72.000000	49.000000	-1.000000	700.000000	54.637540
506	72.000000	49.000000	-1.000000	700.000000	54.637540
507	72.000000	49.000000	-1.000000	700.000000	54.637540
508	72.000000	49.000000	-1.000000	700.000000	54.637540
509	72.000000	49.000000	-1.000000	700.000000	54.637540
510	72.000000	49.000000	-1.000000	700.000000	54.637540
511	72.000000	49.000000	-1.000000	700.000000	54.637540
512	72.000000	49.000000	-1.000000	700.000000	54.637540
513	72.000000	49.000000	-1.000000	700.000000	54.637540
514	72.000000	49.000000	-1.000000	700.000000	54.637540
515	72.000000	49.000000	-1.000000	700.000000	54.637540
516	72.000000	49.000000	-1.000000	700.000000	54.637540
517	72.000000	49.000000	-1.000000	700.000000	54.637540
518	72.000000	49.000000	-1.000000	700.000000	54.637540
519	72.000000	49.000000	-1.000000	700.000000	54.637540
520	72.000000	49.000000	-1.000000	700.000000	54.637540
521	72.000000	49.000000	-1.000000	700.000000	54.637540
522	72.000000	49.000000	-1.000000	700.000000	54.637540
523	72.000000	49.000000	-1.000000	700.000000	54.637540
524	72.000000	49.000000	-1.000000	700.000000	54.637540
525	72.000000	49.000000	-1.000000	700.000000	54.637540
526	72.000000	49.000000	-1.000000	700.000000	54.637540
527	72.000000	49.000000	-1.000000	700.000000	54.637540
528	72.000000	49.000000	-1.000000	700.000000	54.637540
529	72.000000	49.000000	-1.000000	700.000000	54.637540
530	72.000000	49.000000	-1.000000	700.000000	54.637540
531	72.000000	49.000000	-1.000000	700.000000	54.637540
532	72.000000	49.000000	-1.000000	700.000000	54.637540
533	72.000000	49.000000	-1.000000	700.000000	54.637540
534	72.000000	49.000000	-1.000000	700.000000	54.637540
535	72.000000	49.000000	-1.000000	700.000000	54.637540
536	72.000000	49.000000	-1.000000	700.000000	54.637540
537	72.000000	49.000000	-1.000000	700.000000	54.637540
538	72.000000	49.000000	-1.000000	700.000000	54.637540
539	72.000000	49.000000	-1.000000	700.000000	54.637540
540	72.000000	49.000000	-1.000000	700.000000	54.637540
541	72.000000	49.000000	-1.000000	700.000000	54.637540
542	72.000000	49.000000	-1.000000	700.000000	54.637540
543	72.000000	49.000000	-1.000000	700.000000	54.637540
544	72.000000	49.000000	-1.000000	700.000000	54.637540
545	72.000000	49.000000	-1.000000	700.000000	54.637540
546	72.000000	49.000000	-1.000000	700.000000	54.637540
547	72.000000	49.000000	-1.000000	700.000000	54.637540
548	72.000000	49.000000	3.000000	700.000000	54.637540
549	72.000000	49.000000	1.000000	700.000000	54.637540
550	72.000000	49.000000	9.000000	700.000000	54.637540
551	72.000000	49.000000	9.000000	700.000000	54.637540
552	72.000000	49.000000	-1.000000	700.000000	54.637540
553	72.000000	49.000000	-1.000000	700.000000	54.637540
554	72.000000	49.000000	-1.000000	700.000000	54.637540
555	72.000000	49.000000	-1.000000	700.000000	54.637540
556	72.000000	49.000000	-1.000000	700.000000	54.637540
557	72.000000	49.000000	2.000000	700.000000	54.637540
558	72.000000	49.000000	-2.000000	700.000000	54.637540
559	72.000000	49.000000	217.000000	700.000000	54.637540
560	72.000000	49.000000	217.000000	700.000000	54.637540
561	72.000000	49.000000	217.000000	700.000000	54.637540
562	72.000000	49.000000	217.000000	700.000000	54.637540
563	72.000000	49.000000	217.000000	700.000000	54.637540
564	72.000000	49.000000	217.000000	700.000000	54.637540
565	72.000000	49.000000	215.000000	700.000000	54.637540
566	72.000000	49.000000	215.000000	700.000000	54.637540
567	72.000000	49.000000	217.000000	700.000000	54.637540
568	72.000000	49.000000	217.000000	700.000000	54.637540
569	72.000000	49.000000	217.000000	700.000000	54.637540
570	72.000000	49.000000	217.000000	700.000000	54.637540
571	72.000000	49.000000	216.000000	700.000000	54.637540
572	72.000000	49.000000	216.000000	700.000000	54.637540
573	72.000000	49.000000	217.000000	700.000000	54.637540
574	72.000000	49.000000	217.000000	700.000000	54.637540
575	72.000000	49.000000	216.000000	700.000000	54.637540
576	72.000000	49.000000	216.000000	700.000000	54.637540
577	72.000000	49.000000	217.000000	700.000000	54.637540
578	72.000000	49.000000	217.000000	700.000000	54.637540
579	72.000000	49.000000	217.000000	700.000000	54.637540
580	72.000000	49.000000	217.000000	700.000000	54.637540
581	72.000000	49.000000	217.000000	700.000000	54.637540
582	72.000000	49.000000	217.000000	700.000000	54.637540
583	72.000000	49.000000	216.000000	700.000000	54.637540
584	72.000000	49.000000	216.000000	700.000000	54.637540
585	72.000000	49.000000	217.000000	700.000000	54.637540
586	72.000000	49.000000	217.000000	700.000000	54.637540
587	72.000000	49.000000	217.000000	700.000000	54.637540
588	72.000000	49.000000	217.000000	700.000000	54.637540
589	72.000000	49.000000	217.000000	700.000000	54.637540
590	72.000000	49.000000	217.000000	700.000000	54.637540
591	72.000000	49.000000	218.000000	700.000000	54.637540
592	72.000000	49.000000	218.000000	700.000000	54.637540
593	72.000000	49.000000	220.000000	700.000000	54.637540
594	72.000000	49.000000	220.000000	700.000000	54.637540
595	72.000000	49.000000	223.000000	700.000000	54.637540
596	72.000000	49.000000	223.000000	700.000000	54.637540
597	72.000000	49.000000	227.000000	700.000000	54.637540
598	72.000000	49.000000	227.000000	700.000000	54.637540
599	72.000000	49.000000	232.000000	700.000000	54.637540
600	72.000000	49.000000	232.000000	700.000000	54.637540
601	72.000000	49.000000	240.000000	700.000000	54.637540
602	72.000000	49.000000	240.000000	700.000000	54.637540
603	72.000000	49.000000	251.000000	700.000000	54.637540
604	72.000000	49.000000	251.000000	700.000000	54.637540
605	72.000000	49.000000	265.000000	700.000000	54.637540
606	72.000000	49.000000	265.000000	700.000000	54.637540
607	72.000000	49.000000	285.000000	700.000000	54.637540
608	72.000000	49.000000	285.000000	700.000000	54.637540
609	72.000000	49.000000	313.000000	700.000000	54.637540
610	72.000000	49.000000	313.000000	700.000000	54.637540
611	72.000000	49.000000	345.000000	700.000000	54.637540
612	72.000000	49.000000	345.000000	700.000000	54.637540
613	72.000000	49.000000	382.000000	700.000000	54.637540
614	72.000000	49.000000	382.000000	700.000000	54.637540
615	72.000000	49.000000	422.000000	700.000000	54.637540
616	72.000000	49.000000	422.000000	700.000000	54.637540
617	72.000000	49.000000	464.000000	700.000000	54.637540
618	72.000000	49.000000	464.000000	700.000000	54.637540
619	72.000000	49.000000	511.000000	700.000000	54.637540
620	72.000000	49.000000	511.000000	700.000000	54.637540
621	72.000000	49.000000	560.000000	700.000000	54.637540
622	72.000000	49.000000	560.000000	700.000000	54.637540
623	72.000000	49.000000	611.000000	700.000000	54.637540
624	72.000000	49.000000	611.000000	700.000000	54.637540
625	72.000000	49.000000	668.000000	700.000000	54.637540
626	72.000000	49.000000	668.000000	700.000000	54.637540
627	72.000000	49.000000	728.000000	700.000000	54.637540
628	72.000000	49.000000	728.000000	700.000000	54.637540
629	72.000000	49.000000	728.000000	700.000000	54.637540
630	72.000000	49.000000	728.000000	700.000000	54.637540
631	72.000000	49.000000	830.000000	700.000000	54.637540
632	72.000000	49.000000	830.000000	700.000000	54.637540
633	72.000000	49.000000	875.000000	700.000000	54.637540
634	72.000000	49.000000	875.000000	700.000000	54.637540
635	72.000000	49.000000	920.000000	700.000000	54.637540
636	72.000000	49.000000	920.000000	700.000000	54.637540
637	72.000000	49.000000	960.000000	700.000000	54.637540
638	72.000000	49.000000	960.000000	700.000000	54.637540
639	72.000000	49.000000	999.000000	700.000000	54.637540
640	72.000000	49.000000	999.000000	700.000000	54.637540
641	72.000000	49.000000	1016.000000	700.000000	54.637540
642	72.000000	49.000000	1016.000000	700.000000	54.637540
643	72.000000	49.000000	1047.000000	700.000000	54.637540
644	72.000000	49.000000	1047.000000	700.000000	54.637540
645	72.000000	49.000000	1099.000000	700.000000	54.637540
646	72.000000	49.000000	1099.000000	700.000000	54.637540
647	72.000000	49.000000	1060.000000	700.000000	54.637540
648	72.000000	49.000000	1060.000000	700.000000	54.637540
649	72.000000	49.000000	1044.000000	700.000000	54.637540
650	72.000000	49.000000	1044.000000	700.000000	54.637540
651	72.000000	49.000000	1030.000000	700.000000	54.637540
652	72.000000	49.000000	1030.000000	700.000000	54.637540
653	72.000000	49.000000	1038.000000	700.000000	54.637540
654	72.000000	49.000000	1038.000000	700.000000	54.637540
655	72.000000	49.000000	1021.000000	700.000000	54.637540
656	72.000000	49.000000	1021.000000	700.000000	54.637540
657	72.000000	49.000000	999.000000	700.000000	54.637540
658	72.000000	49.000000	999.000000	700.000000	54.637540
659	72.000000	49.000000	1059.000000	700.000000	54.637540
660	72.000000	49.000000	1059.000000	700.000000	54.637540
661	72.000000	49.000000	248.000000	700.000000	54.637540
662	72.000000	49.000000	248.000000	700.000000	54.637540
663	72.000000	49.000000	245.000000	700.000000	54.637540
664	72.000000	49.000000	245.000000	700.000000	54.637540
665	72.000000	49.000000	243.000000	700.000000	54.637540
666	72.000000	49.000000	243.000000	700.000000	54.637540
667	72.000000	49.000000	245.000000	700.000000	54.637540
668	72.000000	49.000000	245.000000	700.000000	54.637540
669	72.000000	49.000000	245.000000	700.000000	54.637540
670	72.000000	49.000000	245.000000	700.000000	54.637540
671	72.000000	49.000000	245.000000	700.000000	54.637540
672	72.000000	49.000000	245.000000	700.000000	54.637540
673	72.000000	49.000000	245.000000	700.000000	54.637540
674	72.000000	49.000000	245.000000	700.000000	54.637540
675	72.000000	49.000000	246.000000	700.000000	54.637540
676	72.000000	49.000000	248.000000	700.000000	54.637540
677	72.000000	49.000000	254.000000	700.000000	54.637540
678	72.000000	49.000000	254.000000	700.000000	54.637540
679	72.000000	49.000000	267.000000	700.000000	54.637540
680	72.000000	49.000000	260.000000	700.000000	54.637540
681	72.000000	49.000000	273.000000	700.000000	54.637540
682	72.000000	49.000000	273.000000	700.000000	54.637540
683	72.000000	49.000000	293.000000	700.000000	54.637540
684	72.000000	49.000000	293.000000	700.000000	54.637540
685	72.000000	49.000000	290.000000	700.000000	54.637540
686	72.000000	49.000000	290.000000	700.000000	54.637540
687	72.000000	49.000000	290.000000	700.000000	54.637540
688	72.000000	49.000000	290.000000	700.000000	54.637540
689	72.000000	49.000000	291.000000	700.000000	54.637540
690	72.000000	49.000000	291.000000	700.000000	54.637540
691	72.000000	49.000000	291.000000	700.000000	54.637540
692	72.000000	49.000000	291.000000	700.000000	54.637540
693	72.000000	49.000000	291.000000	700.000000	54.637540
694	72.000000	49.000000	291.000000	700.000000	54.637540
695	72.000000	49.000000	296.000000	700.000000	54.637540
696	72.000000	49.000000	303.000000	700.000000	54.637540
697	72.000000	49.000000	295.000000	700.000000	54.637540
698	72.000000	49.000000	286.000000	700.000000	54.637540
699	72.000000	49.000000	286.000000	700.000000	54.637540
700	72.000000	49.000000	281.000000	700.000000	54.637540
701	72.000000	49.000000	284.000000	700.000000	54.637540
702	72.000000	49.000000	284.000000	700.000000	54.637540
703	72.000000	49.000000	285.000000	700.000000	54.637540
704	72.000000	49.000000	285.000000	700.000000	54.637540
705	72.000000	49.000000	279.000000	700.000000	54.637540
706	72.000000	49.000000	279.000000	700.000000	54.637540
707	72.000000	49.000000	287.000000	700.000000	54.637540
708	72.000000	49.000000	287.000000	700.000000	54.637540
709	72.000000	49.000000	279.000000	700.000000	54.637540
710	72.000000	49.000000	279.000000	700.000000	54.637540
711	72.000000	49.000000	278.000000	700.000000	54.637540
712	72.000000	49.000000	278.000000	700.000000	54.637540
713	72.000000	49.000000	273.000000	700.000000	54.637540
714	72.000000	49.000000	273.000000	700.000000	54.637540
715	72.000000	49.000000	283.000000	700.000000	54.637540
716	72.000000	49.000000	283.000000	700.000000	54.637540
717	72.000000	49.000000	280.000000	700.000000	54.637540
718	72.000000	49.000000	280.000000	700.000000	54.637540
719	72.000000	49.000000	277.000000	700.000000	54.637540
720	72.000000	49.000000	277.000000	700.000000	54.637540
721	72.000000	49.000000	277.000000	700.000000	54.637540
722	72.000000	49.000000	277.000000	700.000000	54.637540
723	72.000000	49.000000	280.000000	700.000000	54.637540
724	72.000000	49.000000	280.000000	700.000000	54.637540
725	72.000000	49.000000	278.000000	700.000000	54.637540
726	72.000000	49.000000	278.000000	700.000000	54.637540
727	72.000000	49.000000	276.000000	700.000000	54.637540
728	72.000000	49.000000	276.000000	700.000000	54.637540
729	72.000000	49.000000	273.000000	700.000000	54.637540
730	72.000000	49.000000	273.000000	700.000000	54.637540
731	72.000000	49.000000	269.000000	700.000000	54.637540
732	72.000000	49.000000	269.000000	700.000000	54.637540
733	72.000000	49.000000	268.000000	700.000000	54.637540
734	72.000000	49.000000	268.000000	700.000000	54.637540
735	72.000000	49.000000	306.000000	700.000000	54.637540
736	72.000000	49.000000	306.000000	700.000000	54.637540
737	72.000000	49.000000	264.000000	700.000000	54.637540
738	72.000000	49.000000	264.000000	700.000000	54.637540
739	72.000000	49.000000	263.000000	700.000000	54.637540
740	72.000000	49.000000	263.000000	700.000000	54.637540
741	72.000000	49.000000	270.000000	700.000000	54.637540
742	72.000000	49.000000	270.000000	700.000000	54.637540
743	72.000000	49.000000	270.000000	700.000000	54.637540
744	72.000000	49.000000	274.000000	700.000000	54.637540
745	72.000000	49.000000	274.000000	700.000000	54.637540
746	72.000000	49.000000	294.000000	700.000000	54.637540
747	72.000000	49.000000	294.000000	700.000000	54.637540
748	72.000000	49.000000	294.000000	700.000000	54.637540
749	72.000000	49.000000	294.000000	700.000000	54.637540
750	72.000000	49.000000	302.000000	700.000000	54.637540
751	72.000000	49.000000	302.000000	700.000000	54.637540
752	72.000000	49.000000	312.000000	700.000000	54.637540
753	72.000000	49.000000	312.000000	700.000000	54.637540
754	72.000000	49.000000	323.000000	700.000000	54.637540
755	72.000000	49.000000	323.000000	700.000000	54.637540
756	72.000000	49.000000	323.000000	700.000000	54.637540
757	72.000000	49.000000	332.000000	700.000000	54.637540
758	72.000000	49.000000	342.000000	700.000000	54.637540
759	72.000000	49.000000	342.000000	700.000000	54.637540
760	72.000000	49.000000	360.000000	700.000000	54.637540
761	72.000000	49.000000	360.000000	700.000000	54.637540
762	72.000000	49.000000	361.000000	700.000000	54.637540
763	72.000000	49.000000	361.000000	700.000000	54.637540
764	72.000000	49.000000	368.000000	700.000000	54.637540
765	72.000000	49.000000	368.000000	700.000000	54.637540
766	72.000000	49.000000	373.000000	700.000000	54.637540
767	72.000000	49.000000	373.000000	700.000000	54.637540
768	72.000000	49.000000	373.000000	700.000000	54.637540
769	72.000000	49.000000	373.000000	700.000000	54.637540
770	72.000000	49.000000	376.000000	700.000000	54.637540
771	72.000000	49.000000	376.000000	700.000000	54.637540
772	72.000000	49.000000	379.000000	700.000000	54.637540
773	72.000000	49.000000	381.000000	700.000000	54.637540
774	72.000000	49.000000	381.000000	700.000000	54.637540
775	72.000000	49.000000	387.000000	700.000000	54.637540
776	72.000000	49.000000	387.000000	700.000000	54.637540
777	72.000000	49.000000	387.000000	700.000000	54.637540
778	72.000000	49.000000	387.000000	700.000000	54.637540
779	72.000000	49.000000	386.000000	700.000000	54.637540
780	72.000000	49.000000	386.000000	700.000000	54.637540
781	72.000000	49.000000	386.000000	700.000000	54.637540
782	72.000000	49.000000	386.000000	700.000000	54.637540
783	72.000000	49.000000	386.000000	700.000000	54.637540
784	72.000000	49.000000	385.000000	700.000000	54.637540
785	72.000000	49.000000	385.000000	700.000000	54.637540
786	72.000000	49.000000	383.000000	700.000000	54.637540
787	72.000000	49.000000	383.000000	700.000000	54.637540
788	72.000000	49.000000	383.000000	700.000000	54.637540
789	72.000000	49.000000	377.000000	700.000000	54.637540
790	72.000000	49.000000	377.000000	700.000000	54.637540
791	72.000000	49.000000	377.000000	700.000000	54.637540
792	72.000000	49.000000	372.000000	700.000000	54.637540
793	72.000000	49.000000	372.000000	700.000000	54.637540
794	72.000000	49.000000	372.000000	700.000000	54.637540
795	72.000000	49.000000	372.000000	700.000000	54.637540
796	72.000000	49.000000	372.000000	700.000000	54.637540
797	72.000000	49.000000	372.000000	700.000000	54.637540
798	72.000000	49.000000	372.000000	700.000000	54.637540
799	72.000000	49.000000	372.000000	700.000000	54.637540
800	72.000000	49.000000	368.000000	700.000000	54.637540
801	72.000000	49.000000	363.000000	700.000000	54.637540
802	72.000000	49.000000	363.000000	700.000000	54.637540
803	72.000000	49.000000	394.000000	700.000000	54.637540
804	72.000000	49.000000	394.000000	700.000000	54.637540
805	72.000000	49.000000	394.000000	700.000000	54.637540
806	72.000000	49.000000	1089.000000	700.000000	54.637540
807	72.000000	49.000000	1105.000000	700.000000	54.637540
808	72.000000	49.000000	1093.000000	700.000000	54.637540
809	72.000000	49.000000	1093.000000	700.000000	54.637540
810	72.000000	49.000000	1091.000000	700.000000	54.637540
811	72.000000	49.000000	1091.000000	700.000000	54.637540
812	72.000000	49.000000	1091.000000	700.000000	54.637540
813	72.000000	49.000000	1092.000000	700.000000	54.637540
814	72.000000	49.000000	1102.000000	700.000000	54.637540
815	72.000000	49.000000	1102.000000	700.000000	54.637540
816	72.000000	49.000000	1113.000000	700.000000	54.637540
817	72.000000	49.000000	1113.000000	700.000000	54.637540
818	72.000000	49.000000	1124.000000	700.000000	54.637540
819	72.000000	49.000000	1124.000000	700.000000	54.637540
820	72.000000	49.000000	1157.000000	700.000000	54.637540
821	72.000000	49.000000	1157.000000	700.000000	54.637540
822	72.000000	49.000000	2435.000000	700.000000	54.637540
823	72.000000	49.000000	2435.000000	700.000000	54.637540
824	72.000000	49.000000	1667.000000	700.000000	54.637540
825	72.000000	49.000000	1667.000000	700.000000	54.637540
826	72.000000	49.000000	1163.000000	700.000000	54.637540
827	72.000000	49.000000	1163.000000	700.000000	54.637540
828	72.000000	49.000000	1163.000000	700.000000	54.637540
829	72.000000	49.000000	1154.000000	700.000000	54.637540
830	72.000000	49.000000	1152.000000	700.000000	54.637540
831	72.000000	49.000000	1152.000000	700.000000	54.637540
832	72.000000	49.000000	1149.000000	700.000000	54.637540
833	72.000000	49.000000	1149.000000	700.000000	54.637540
834	72.000000	49.000000	1149.000000	700.000000	54.637540
835	72.000000	49.000000	1150.000000	700.000000	54.637540
836	72.000000	49.000000	1135.000000	700.000000	54.637540
837	72.000000	49.000000	1135.000000	700.000000	54.637540
838	72.000000	49.000000	1135.000000	700.000000	54.637540
839	72.000000	49.000000	1135.000000	700.000000	54.637540
840	72.000000	49.000000	1117.000000	700.000000	54.637540
841	72.000000	49.000000	1117.000000	700.000000	54.637540
842	72.000000	49.000000	1096.000000	700.000000	54.637540
843	72.000000	49.000000	1096.000000	700.000000	54.637540
844	72.000000	49.000000	1074.000000	700.000000	54.637540
845	72.000000	49.000000	1074.000000	700.000000	54.637540
846	72.000000	49.000000	1052.000000	700.000000	54.637540
847	72.000000	49.000000	1052.000000	700.000000	54.637540
848	72.000000	49.000000	1024.000000	700.000000	54.637540
849	72.000000	49.000000	1024.000000	700.000000	54.637540
850	72.000000	49.000000	987.000000	700.000000	54.637540
851	72.000000	49.000000	987.000000	700.000000	54.637540
852	72.000000	49.000000	987.000000	700.000000	54.637540
853	72.000000	49.000000	959.000000	700.000000	54.637540
854	72.000000	49.000000	959.000000	700.000000	54.637540
855	72.000000	49.000000	925.000000	700.000000	54.637540
856	72.000000	49.000000	925.000000	700.000000	54.637540
857	72.000000	49.000000	889.000000	700.000000	54.637540
858	72.000000	49.000000	860.000000	700.000000	54.637540
859	72.000000	49.000000	860.000000	700.000000	54.637540
860	72.000000	49.000000	829.000000	700.000000	54.637540
861	72.000000	49.000000	829.000000	700.000000	54.637540
862	72.000000	49.000000	829.000000	700.000000	54.637540
863	72.000000	49.000000	806.000000	700.000000	54.637540
864	72.000000	49.000000	806.000000	700.000000	54.637540
865	72.000000	49.000000	791.000000	700.000000	54.637540
866	72.000000	49.000000	791.000000	700.000000	54.637540
867	72.000000	49.000000	791.000000	700.000000	54.637540
868	72.000000	49.000000	785.000000	700.000000	54.637540
869	72.000000	49.000000	786.000000	700.000000	54.637540
870	72.000000	49.000000	786.000000	700.000000	54.637540
871	72.000000	49.000000	786.000000	700.000000	54.637540
872	72.000000	49.000000	786.000000	700.000000	54.637540
873	72.000000	49.000000	792.000000	700.000000	54.637540
874	72.000000	49.000000	810.000000	700.000000	54.637540
875	72.000000	49.000000	810.000000	700.000000	54.637540
876	72.000000	49.000000	810.000000	700.000000	54.637540
877	72.000000	49.000000	818.000000	700.000000	54.637540
878	72.000000	49.000000	821.000000	700.000000	54.637540
879	72.000000	49.000000	821.000000	700.000000	54.637540
880	72.000000	49.000000	821.000000	700.000000	54.637540
881	72.000000	49.000000	821.000000	700.000000	54.637540
882	72.000000	49.000000	794.000000	700.000000	54.637540
883	72.000000	49.000000	794.000000	700.000000	54.637540
884	72.000000	49.000000	823.000000	700.000000	54.637540
