#	Proyecto: Control de un Quadrotor por VA
#	Datos para la gráfica en GNUplot.

#	Error X	    	Error Y	 	Altura		Alt. Ref	Yaw
0	0.000000	0.000000	0.000000	700.000000	0.000000
1	0.000000	0.000000	0.000000	700.000000	0.000000
2	0.000000	0.000000	0.000000	700.000000	0.000000
3	0.000000	0.000000	0.000000	700.000000	0.000000
4	0.000000	0.000000	0.000000	700.000000	0.000000
5	0.000000	0.000000	0.000000	700.000000	0.000000
6	0.000000	0.000000	0.000000	700.000000	0.000000
7	0.000000	0.000000	0.000000	700.000000	0.000000
8	0.000000	0.000000	0.000000	700.000000	0.000000
9	0.000000	0.000000	0.000000	700.000000	0.000000
10	0.000000	0.000000	0.000000	700.000000	0.000000
11	0.000000	0.000000	0.000000	700.000000	0.000000
12	0.000000	0.000000	0.000000	700.000000	0.000000
13	0.000000	0.000000	0.000000	700.000000	0.000000
14	0.000000	0.000000	0.000000	700.000000	0.000000
15	0.000000	0.000000	0.000000	700.000000	0.000000
16	0.000000	0.000000	0.000000	700.000000	0.000000
17	0.000000	0.000000	0.000000	700.000000	0.000000
18	0.000000	0.000000	0.000000	700.000000	0.000000
19	0.000000	0.000000	0.000000	700.000000	0.000000
20	0.000000	0.000000	0.000000	700.000000	0.000000
21	0.000000	0.000000	0.000000	700.000000	0.000000
22	0.000000	0.000000	0.000000	700.000000	0.000000
23	0.000000	0.000000	0.000000	700.000000	0.000000
24	0.000000	0.000000	0.000000	700.000000	0.000000
25	0.000000	0.000000	0.000000	700.000000	0.000000
26	0.000000	0.000000	0.000000	700.000000	0.000000
27	0.000000	0.000000	0.000000	700.000000	0.000000
28	0.000000	0.000000	0.000000	700.000000	0.000000
29	0.000000	0.000000	0.000000	700.000000	0.000000
30	0.000000	0.000000	0.000000	700.000000	0.000000
31	0.000000	0.000000	0.000000	700.000000	0.000000
32	0.000000	0.000000	0.000000	700.000000	0.000000
33	0.000000	0.000000	0.000000	700.000000	0.000000
34	0.000000	0.000000	0.000000	700.000000	0.000000
35	0.000000	0.000000	0.000000	700.000000	0.000000
36	0.000000	0.000000	0.000000	700.000000	0.000000
37	0.000000	0.000000	0.000000	700.000000	0.000000
38	0.000000	0.000000	0.000000	700.000000	0.000000
39	0.000000	0.000000	0.000000	700.000000	0.000000
40	0.000000	0.000000	0.000000	700.000000	0.000000
41	0.000000	0.000000	0.000000	700.000000	0.000000
42	0.000000	0.000000	0.000000	700.000000	0.000000
43	0.000000	0.000000	0.000000	700.000000	0.000000
44	0.000000	0.000000	0.000000	700.000000	0.000000
45	0.000000	0.000000	0.000000	700.000000	0.000000
46	0.000000	0.000000	0.000000	700.000000	0.000000
47	0.000000	0.000000	0.000000	700.000000	0.000000
48	0.000000	0.000000	0.000000	700.000000	0.000000
49	0.000000	0.000000	0.000000	700.000000	0.000000
50	0.000000	0.000000	217.000000	700.000000	0.000000
51	0.000000	0.000000	217.000000	700.000000	0.000000
52	0.000000	0.000000	217.000000	700.000000	0.000000
53	0.000000	0.000000	217.000000	700.000000	0.000000
54	0.000000	0.000000	217.000000	700.000000	0.000000
55	0.000000	0.000000	217.000000	700.000000	0.000000
56	0.000000	0.000000	217.000000	700.000000	0.000000
57	0.000000	0.000000	217.000000	700.000000	0.000000
58	0.000000	0.000000	217.000000	700.000000	0.000000
59	0.000000	0.000000	217.000000	700.000000	0.000000
60	0.000000	0.000000	217.000000	700.000000	0.000000
61	0.000000	0.000000	217.000000	700.000000	0.000000
62	0.000000	0.000000	217.000000	700.000000	0.000000
63	0.000000	0.000000	217.000000	700.000000	0.000000
64	0.000000	0.000000	217.000000	700.000000	0.000000
65	0.000000	0.000000	217.000000	700.000000	0.000000
66	0.000000	0.000000	217.000000	700.000000	0.000000
67	0.000000	0.000000	217.000000	700.000000	0.000000
68	0.000000	0.000000	217.000000	700.000000	0.000000
69	0.000000	0.000000	217.000000	700.000000	0.000000
70	0.000000	0.000000	217.000000	700.000000	0.000000
71	0.000000	0.000000	217.000000	700.000000	0.000000
72	0.000000	0.000000	217.000000	700.000000	0.000000
73	0.000000	0.000000	217.000000	700.000000	0.000000
74	0.000000	0.000000	217.000000	700.000000	0.000000
75	0.000000	0.000000	217.000000	700.000000	0.000000
76	0.000000	0.000000	217.000000	700.000000	0.000000
77	0.000000	0.000000	217.000000	700.000000	0.000000
78	0.000000	0.000000	217.000000	700.000000	0.000000
79	0.000000	0.000000	217.000000	700.000000	0.000000
80	0.000000	0.000000	217.000000	700.000000	0.000000
81	0.000000	0.000000	217.000000	700.000000	0.000000
82	0.000000	0.000000	217.000000	700.000000	0.000000
83	0.000000	0.000000	217.000000	700.000000	0.000000
84	0.000000	0.000000	217.000000	700.000000	0.000000
85	0.000000	0.000000	217.000000	700.000000	0.000000
86	0.000000	0.000000	217.000000	700.000000	0.000000
87	0.000000	0.000000	217.000000	700.000000	0.000000
88	0.000000	0.000000	217.000000	700.000000	0.000000
89	0.000000	0.000000	217.000000	700.000000	0.000000
90	0.000000	0.000000	217.000000	700.000000	0.000000
91	0.000000	0.000000	217.000000	700.000000	0.000000
92	0.000000	0.000000	217.000000	700.000000	0.000000
93	0.000000	0.000000	217.000000	700.000000	0.000000
94	0.000000	0.000000	217.000000	700.000000	0.000000
95	0.000000	0.000000	217.000000	700.000000	0.000000
96	0.000000	0.000000	217.000000	700.000000	0.000000
97	0.000000	0.000000	217.000000	700.000000	0.000000
98	0.000000	0.000000	217.000000	700.000000	0.000000
99	0.000000	0.000000	217.000000	700.000000	0.000000
100	0.000000	0.000000	217.000000	700.000000	0.000000
101	0.000000	0.000000	217.000000	700.000000	0.000000
102	0.000000	0.000000	217.000000	700.000000	0.000000
103	0.000000	0.000000	217.000000	700.000000	0.000000
104	0.000000	0.000000	217.000000	700.000000	0.000000
105	0.000000	0.000000	217.000000	700.000000	0.000000
106	0.000000	0.000000	217.000000	700.000000	0.000000
107	0.000000	0.000000	217.000000	700.000000	0.000000
108	0.000000	0.000000	217.000000	700.000000	0.000000
109	0.000000	0.000000	217.000000	700.000000	0.000000
110	0.000000	0.000000	217.000000	700.000000	0.000000
111	0.000000	0.000000	217.000000	700.000000	0.000000
112	0.000000	0.000000	217.000000	700.000000	0.000000
113	0.000000	0.000000	217.000000	700.000000	0.000000
114	0.000000	0.000000	217.000000	700.000000	0.000000
115	0.000000	0.000000	217.000000	700.000000	0.000000
116	0.000000	0.000000	217.000000	700.000000	0.000000
117	0.000000	0.000000	217.000000	700.000000	0.000000
118	0.000000	0.000000	217.000000	700.000000	0.000000
119	0.000000	0.000000	217.000000	700.000000	0.000000
120	0.000000	0.000000	217.000000	700.000000	0.000000
121	0.000000	0.000000	217.000000	700.000000	0.000000
122	0.000000	0.000000	0.000000	700.000000	0.000000
123	0.000000	0.000000	0.000000	700.000000	0.000000
124	0.000000	0.000000	0.000000	700.000000	0.000000
125	0.000000	0.000000	0.000000	700.000000	0.000000
126	0.000000	0.000000	0.000000	700.000000	0.000000
127	0.000000	0.000000	0.000000	700.000000	0.000000
128	0.000000	0.000000	0.000000	700.000000	0.000000
129	0.000000	0.000000	0.000000	700.000000	0.000000
130	0.000000	0.000000	0.000000	700.000000	0.000000
131	0.000000	0.000000	0.000000	700.000000	0.000000
132	0.000000	0.000000	0.000000	700.000000	0.000000
133	0.000000	0.000000	0.000000	700.000000	0.000000
134	0.000000	0.000000	0.000000	700.000000	0.000000
135	0.000000	0.000000	0.000000	700.000000	0.000000
136	0.000000	0.000000	0.000000	700.000000	0.000000
137	0.000000	0.000000	0.000000	700.000000	0.000000
138	0.000000	0.000000	0.000000	700.000000	0.000000
139	0.000000	0.000000	0.000000	700.000000	0.000000
140	0.000000	0.000000	0.000000	700.000000	0.000000
141	0.000000	0.000000	0.000000	700.000000	0.000000
142	0.000000	0.000000	0.000000	700.000000	0.000000
143	0.000000	0.000000	0.000000	700.000000	0.000000
144	0.000000	0.000000	0.000000	700.000000	0.000000
145	0.000000	0.000000	0.000000	700.000000	0.000000
146	0.000000	0.000000	0.000000	700.000000	0.000000
147	0.000000	0.000000	0.000000	700.000000	0.000000
148	0.000000	0.000000	0.000000	700.000000	0.000000
149	0.000000	0.000000	0.000000	700.000000	0.000000
150	0.000000	0.000000	0.000000	700.000000	0.000000
151	0.000000	0.000000	0.000000	700.000000	0.000000
152	0.000000	0.000000	0.000000	700.000000	0.000000
153	0.000000	0.000000	0.000000	700.000000	0.000000
154	0.000000	0.000000	0.000000	700.000000	0.000000
155	0.000000	0.000000	0.000000	700.000000	0.000000
156	0.000000	0.000000	0.000000	700.000000	0.000000
157	0.000000	0.000000	0.000000	700.000000	0.000000
158	0.000000	0.000000	0.000000	700.000000	0.000000
159	0.000000	0.000000	0.000000	700.000000	0.000000
160	0.000000	0.000000	0.000000	700.000000	0.000000
161	0.000000	0.000000	0.000000	700.000000	0.000000
162	0.000000	0.000000	0.000000	700.000000	0.000000
163	0.000000	0.000000	0.000000	700.000000	0.000000
164	0.000000	0.000000	0.000000	700.000000	0.000000
165	0.000000	0.000000	0.000000	700.000000	0.000000
166	0.000000	0.000000	0.000000	700.000000	0.000000
167	0.000000	0.000000	0.000000	700.000000	0.000000
168	0.000000	0.000000	0.000000	700.000000	0.000000
169	0.000000	0.000000	0.000000	700.000000	0.000000
170	0.000000	0.000000	0.000000	700.000000	0.000000
171	0.000000	0.000000	0.000000	700.000000	0.000000
172	0.000000	0.000000	0.000000	700.000000	0.000000
173	0.000000	0.000000	0.000000	700.000000	0.000000
174	0.000000	0.000000	0.000000	700.000000	0.000000
175	0.000000	0.000000	0.000000	700.000000	0.000000
176	0.000000	0.000000	0.000000	700.000000	0.000000
177	0.000000	0.000000	0.000000	700.000000	0.000000
178	0.000000	0.000000	0.000000	700.000000	0.000000
179	0.000000	0.000000	0.000000	700.000000	0.000000
180	0.000000	0.000000	0.000000	700.000000	0.000000
181	0.000000	0.000000	0.000000	700.000000	0.000000
182	0.000000	0.000000	-1.000000	700.000000	0.000000
183	0.000000	0.000000	-1.000000	700.000000	0.000000
184	0.000000	0.000000	-1.000000	700.000000	0.000000
185	0.000000	0.000000	-1.000000	700.000000	0.000000
186	0.000000	0.000000	0.000000	700.000000	0.000000
187	0.000000	0.000000	0.000000	700.000000	0.000000
188	0.000000	0.000000	-1.000000	700.000000	0.000000
189	0.000000	0.000000	-1.000000	700.000000	0.000000
190	0.000000	0.000000	-1.000000	700.000000	0.000000
191	0.000000	0.000000	-1.000000	700.000000	0.000000
192	0.000000	0.000000	-1.000000	700.000000	0.000000
193	0.000000	0.000000	-1.000000	700.000000	0.000000
194	0.000000	0.000000	-1.000000	700.000000	0.000000
195	0.000000	0.000000	-1.000000	700.000000	0.000000
196	0.000000	0.000000	-1.000000	700.000000	0.000000
197	0.000000	0.000000	-1.000000	700.000000	0.000000
198	0.000000	0.000000	-1.000000	700.000000	0.000000
199	0.000000	0.000000	-1.000000	700.000000	0.000000
200	0.000000	0.000000	-1.000000	700.000000	0.000000
201	0.000000	0.000000	-1.000000	700.000000	0.000000
202	0.000000	0.000000	-1.000000	700.000000	0.000000
203	0.000000	0.000000	-1.000000	700.000000	0.000000
204	0.000000	0.000000	-1.000000	700.000000	0.000000
205	0.000000	0.000000	-1.000000	700.000000	0.000000
206	0.000000	0.000000	-1.000000	700.000000	0.000000
207	0.000000	0.000000	-1.000000	700.000000	0.000000
208	0.000000	0.000000	-1.000000	700.000000	0.000000
209	0.000000	0.000000	-1.000000	700.000000	0.000000
210	0.000000	0.000000	-1.000000	700.000000	0.000000
211	0.000000	0.000000	-1.000000	700.000000	0.000000
212	0.000000	0.000000	-1.000000	700.000000	0.000000
213	0.000000	0.000000	-1.000000	700.000000	0.000000
214	0.000000	0.000000	-1.000000	700.000000	0.000000
215	0.000000	0.000000	-1.000000	700.000000	0.000000
216	0.000000	0.000000	-1.000000	700.000000	0.000000
217	0.000000	0.000000	-1.000000	700.000000	0.000000
218	0.000000	0.000000	-1.000000	700.000000	0.000000
219	0.000000	0.000000	-1.000000	700.000000	0.000000
220	0.000000	0.000000	0.000000	700.000000	0.000000
221	0.000000	0.000000	0.000000	700.000000	0.000000
222	0.000000	0.000000	0.000000	700.000000	0.000000
223	0.000000	0.000000	0.000000	700.000000	0.000000
224	0.000000	0.000000	0.000000	700.000000	0.000000
225	0.000000	0.000000	0.000000	700.000000	0.000000
226	0.000000	0.000000	0.000000	700.000000	0.000000
227	0.000000	0.000000	0.000000	700.000000	0.000000
228	0.000000	0.000000	-1.000000	700.000000	0.000000
229	0.000000	0.000000	-1.000000	700.000000	0.000000
230	0.000000	0.000000	-1.000000	700.000000	0.000000
231	0.000000	0.000000	-1.000000	700.000000	0.000000
232	0.000000	0.000000	-1.000000	700.000000	0.000000
233	0.000000	0.000000	-1.000000	700.000000	0.000000
234	0.000000	0.000000	-1.000000	700.000000	0.000000
235	0.000000	0.000000	-1.000000	700.000000	0.000000
236	0.000000	0.000000	-1.000000	700.000000	0.000000
237	0.000000	0.000000	-1.000000	700.000000	0.000000
238	0.000000	0.000000	-1.000000	700.000000	0.000000
239	0.000000	0.000000	-1.000000	700.000000	0.000000
240	0.000000	0.000000	-1.000000	700.000000	0.000000
241	0.000000	0.000000	-1.000000	700.000000	0.000000
242	0.000000	0.000000	-1.000000	700.000000	0.000000
243	0.000000	0.000000	-1.000000	700.000000	0.000000
244	0.000000	0.000000	-1.000000	700.000000	0.000000
245	0.000000	0.000000	-1.000000	700.000000	0.000000
246	0.000000	0.000000	-1.000000	700.000000	0.000000
247	0.000000	0.000000	-1.000000	700.000000	0.000000
248	0.000000	0.000000	-1.000000	700.000000	0.000000
249	0.000000	0.000000	-1.000000	700.000000	0.000000
250	0.000000	0.000000	-1.000000	700.000000	0.000000
251	0.000000	0.000000	-1.000000	700.000000	0.000000
252	0.000000	0.000000	-1.000000	700.000000	0.000000
253	0.000000	0.000000	-1.000000	700.000000	0.000000
254	0.000000	0.000000	-1.000000	700.000000	0.000000
255	0.000000	0.000000	-1.000000	700.000000	0.000000
256	0.000000	0.000000	-1.000000	700.000000	0.000000
257	0.000000	0.000000	-1.000000	700.000000	0.000000
258	0.000000	0.000000	-1.000000	700.000000	0.000000
259	0.000000	0.000000	-1.000000	700.000000	0.000000
260	0.000000	0.000000	-1.000000	700.000000	0.000000
261	0.000000	0.000000	-1.000000	700.000000	0.000000
262	0.000000	0.000000	-1.000000	700.000000	0.000000
263	0.000000	0.000000	-1.000000	700.000000	0.000000
264	0.000000	0.000000	-1.000000	700.000000	0.000000
265	0.000000	0.000000	-1.000000	700.000000	0.000000
266	0.000000	0.000000	0.000000	700.000000	0.000000
267	0.000000	0.000000	0.000000	700.000000	0.000000
268	0.000000	0.000000	-1.000000	700.000000	0.000000
269	0.000000	0.000000	-1.000000	700.000000	0.000000
270	0.000000	0.000000	-1.000000	700.000000	0.000000
271	0.000000	0.000000	-1.000000	700.000000	0.000000
272	0.000000	0.000000	-1.000000	700.000000	0.000000
273	0.000000	0.000000	-1.000000	700.000000	0.000000
274	0.000000	0.000000	-1.000000	700.000000	0.000000
275	0.000000	0.000000	-1.000000	700.000000	0.000000
276	0.000000	0.000000	-1.000000	700.000000	0.000000
277	0.000000	0.000000	-1.000000	700.000000	0.000000
278	0.000000	0.000000	-1.000000	700.000000	0.000000
279	0.000000	0.000000	-1.000000	700.000000	0.000000
280	0.000000	0.000000	0.000000	700.000000	0.000000
281	0.000000	0.000000	0.000000	700.000000	0.000000
282	0.000000	0.000000	0.000000	700.000000	0.000000
283	0.000000	0.000000	0.000000	700.000000	0.000000
284	0.000000	0.000000	0.000000	700.000000	0.000000
285	0.000000	0.000000	0.000000	700.000000	0.000000
286	0.000000	0.000000	0.000000	700.000000	0.000000
287	0.000000	0.000000	0.000000	700.000000	0.000000
288	0.000000	0.000000	1.000000	700.000000	0.000000
289	0.000000	0.000000	1.000000	700.000000	0.000000
290	0.000000	0.000000	-1.000000	700.000000	0.000000
291	0.000000	0.000000	-1.000000	700.000000	0.000000
292	0.000000	0.000000	1.000000	700.000000	0.000000
293	0.000000	0.000000	1.000000	700.000000	0.000000
294	0.000000	0.000000	1.000000	700.000000	0.000000
295	0.000000	0.000000	1.000000	700.000000	0.000000
296	0.000000	0.000000	-1.000000	700.000000	0.000000
297	0.000000	0.000000	-1.000000	700.000000	0.000000
298	0.000000	0.000000	-1.000000	700.000000	0.000000
299	0.000000	0.000000	-1.000000	700.000000	0.000000
300	0.000000	0.000000	0.000000	700.000000	0.000000
301	0.000000	0.000000	0.000000	700.000000	0.000000
302	0.000000	0.000000	-1.000000	700.000000	0.000000
303	0.000000	0.000000	-1.000000	700.000000	0.000000
304	0.000000	0.000000	-1.000000	700.000000	0.000000
305	0.000000	0.000000	0.000000	700.000000	0.000000
306	0.000000	0.000000	0.000000	700.000000	0.000000
307	0.000000	0.000000	0.000000	700.000000	0.000000
308	0.000000	0.000000	0.000000	700.000000	0.000000
309	0.000000	0.000000	0.000000	700.000000	0.000000
310	0.000000	0.000000	-1.000000	700.000000	0.000000
311	0.000000	0.000000	-1.000000	700.000000	0.000000
312	0.000000	0.000000	-1.000000	700.000000	0.000000
313	0.000000	0.000000	-1.000000	700.000000	0.000000
314	0.000000	0.000000	-1.000000	700.000000	0.000000
315	0.000000	0.000000	-1.000000	700.000000	0.000000
316	0.000000	0.000000	-1.000000	700.000000	0.000000
317	0.000000	0.000000	1.000000	700.000000	0.000000
318	0.000000	0.000000	1.000000	700.000000	0.000000
319	0.000000	0.000000	3.000000	700.000000	0.000000
320	0.000000	0.000000	3.000000	700.000000	0.000000
321	0.000000	0.000000	3.000000	700.000000	0.000000
322	0.000000	0.000000	7.000000	700.000000	0.000000
323	0.000000	0.000000	20.000000	700.000000	0.000000
324	0.000000	0.000000	226.000000	700.000000	0.000000
325	0.000000	0.000000	347.000000	700.000000	0.000000
326	0.000000	0.000000	343.000000	700.000000	0.000000
327	0.000000	0.000000	343.000000	700.000000	0.000000
328	0.000000	0.000000	343.000000	700.000000	0.000000
329	0.000000	0.000000	322.000000	700.000000	0.000000
330	0.000000	0.000000	313.000000	700.000000	0.000000
331	0.000000	0.000000	313.000000	700.000000	0.000000
332	72.000000	-48.000000	288.000000	700.000000	0.000000
333	72.000000	-48.000000	288.000000	700.000000	0.000000
334	72.000000	-48.000000	288.000000	700.000000	0.000000
335	62.000000	-45.000000	288.000000	700.000000	0.000000
336	62.000000	-45.000000	328.000000	700.000000	0.000000
337	62.000000	-45.000000	271.000000	700.000000	0.000000
338	62.000000	-45.000000	262.000000	700.000000	0.000000
339	62.000000	-45.000000	262.000000	700.000000	0.000000
340	62.000000	-45.000000	275.000000	700.000000	0.000000
341	55.000000	-48.000000	275.000000	700.000000	-49.398707
342	55.000000	-48.000000	278.000000	700.000000	-49.398707
343	49.000000	-45.000000	278.000000	700.000000	-50.710595
344	49.000000	-45.000000	257.000000	700.000000	-50.710595
345	49.000000	-45.000000	257.000000	700.000000	-50.710595
346	43.000000	-47.000000	251.000000	700.000000	39.289409
347	43.000000	-47.000000	251.000000	700.000000	39.289409
348	43.000000	-47.000000	251.000000	700.000000	39.289409
349	29.000000	-48.000000	253.000000	700.000000	36.869900
350	29.000000	-48.000000	266.000000	700.000000	36.869900
351	20.000000	-52.000000	266.000000	700.000000	39.805576
352	-10.000000	-53.000000	279.000000	700.000000	40.815082
353	-59.000000	-49.000000	332.000000	700.000000	73.610458
354	-59.000000	-49.000000	341.000000	700.000000	73.610458
355	-59.000000	-49.000000	341.000000	700.000000	73.610458
356	-59.000000	-49.000000	348.000000	700.000000	73.610458
357	-59.000000	-49.000000	348.000000	700.000000	73.610458
358	-59.000000	-49.000000	360.000000	700.000000	73.610458
359	-59.000000	-49.000000	360.000000	700.000000	73.610458
360	-59.000000	-49.000000	357.000000	700.000000	73.610458
361	-59.000000	-49.000000	357.000000	700.000000	73.610458
362	-59.000000	-49.000000	364.000000	700.000000	73.610458
363	-59.000000	-49.000000	364.000000	700.000000	73.610458
364	-59.000000	-49.000000	376.000000	700.000000	73.610458
365	-68.000000	-55.000000	376.000000	700.000000	90.000000
366	-68.000000	-55.000000	375.000000	700.000000	90.000000
367	-68.000000	-55.000000	375.000000	700.000000	90.000000
368	-65.000000	-56.000000	384.000000	700.000000	39.805570
369	-65.000000	-56.000000	384.000000	700.000000	39.805570
370	-54.000000	-51.000000	385.000000	700.000000	45.000000
371	-54.000000	-51.000000	385.000000	700.000000	45.000000
372	-54.000000	-51.000000	400.000000	700.000000	45.000000
373	-58.000000	-48.000000	400.000000	700.000000	38.659809
374	-58.000000	-48.000000	402.000000	700.000000	38.659809
375	-58.000000	-48.000000	402.000000	700.000000	38.659809
376	-42.000000	-36.000000	416.000000	700.000000	38.659809
377	-42.000000	-36.000000	416.000000	700.000000	38.659809
378	-30.000000	-32.000000	445.000000	700.000000	39.805573
379	-30.000000	-32.000000	445.000000	700.000000	39.805573
380	-30.000000	-32.000000	435.000000	700.000000	39.805573
381	-17.000000	-31.000000	435.000000	700.000000	36.869900
382	-17.000000	-31.000000	448.000000	700.000000	36.869900
383	-17.000000	-31.000000	448.000000	700.000000	36.869900
384	-4.000000	-34.000000	456.000000	700.000000	38.659809
385	-4.000000	-34.000000	456.000000	700.000000	38.659809
386	9.000000	-38.000000	456.000000	700.000000	38.659809
387	9.000000	-38.000000	468.000000	700.000000	38.659809
388	9.000000	-38.000000	481.000000	700.000000	38.659809
389	28.000000	-47.000000	481.000000	700.000000	37.874986
390	28.000000	-47.000000	495.000000	700.000000	37.874986
391	28.000000	-47.000000	495.000000	700.000000	37.874986
392	41.000000	-57.000000	507.000000	700.000000	35.537682
393	41.000000	-57.000000	507.000000	700.000000	35.537682
394	52.000000	-51.000000	524.000000	700.000000	90.000000
395	52.000000	-51.000000	524.000000	700.000000	90.000000
396	67.000000	-68.000000	536.000000	700.000000	-55.619656
397	67.000000	-68.000000	536.000000	700.000000	-55.619656
398	67.000000	-68.000000	554.000000	700.000000	-55.619656
399	67.000000	-68.000000	554.000000	700.000000	-55.619656
400	67.000000	-68.000000	574.000000	700.000000	-55.619656
401	67.000000	-68.000000	574.000000	700.000000	-55.619656
402	67.000000	-68.000000	600.000000	700.000000	-55.619656
403	67.000000	-68.000000	600.000000	700.000000	-55.619656
404	67.000000	-68.000000	622.000000	700.000000	-55.619656
405	67.000000	-68.000000	622.000000	700.000000	-55.619656
406	67.000000	-68.000000	636.000000	700.000000	-55.619656
407	67.000000	-68.000000	636.000000	700.000000	-55.619656
408	67.000000	-68.000000	662.000000	700.000000	-55.619656
409	67.000000	-68.000000	662.000000	700.000000	-55.619656
410	67.000000	-68.000000	680.000000	700.000000	-55.619656
411	67.000000	-68.000000	680.000000	700.000000	-55.619656
412	67.000000	-68.000000	698.000000	700.000000	-55.619656
413	67.000000	-68.000000	698.000000	700.000000	-55.619656
414	67.000000	-68.000000	732.000000	700.000000	-55.619656
415	67.000000	-68.000000	732.000000	700.000000	-55.619656
416	67.000000	-68.000000	739.000000	700.000000	-55.619656
417	67.000000	-68.000000	739.000000	700.000000	-55.619656
418	67.000000	-68.000000	755.000000	700.000000	-55.619656
419	67.000000	-68.000000	755.000000	700.000000	-55.619656
420	67.000000	-68.000000	777.000000	700.000000	-55.619656
421	67.000000	-68.000000	777.000000	700.000000	-55.619656
422	67.000000	-68.000000	791.000000	700.000000	-55.619656
423	67.000000	-68.000000	791.000000	700.000000	-55.619656
424	67.000000	-68.000000	805.000000	700.000000	-55.619656
425	67.000000	-68.000000	805.000000	700.000000	-55.619656
426	67.000000	-68.000000	801.000000	700.000000	-55.619656
427	67.000000	-68.000000	801.000000	700.000000	-55.619656
428	67.000000	-68.000000	804.000000	700.000000	-55.619656
429	67.000000	-68.000000	804.000000	700.000000	-55.619656
430	67.000000	-68.000000	789.000000	700.000000	-55.619656
431	67.000000	-68.000000	789.000000	700.000000	-55.619656
432	67.000000	-68.000000	788.000000	700.000000	-55.619656
433	67.000000	-68.000000	788.000000	700.000000	-55.619656
434	67.000000	-68.000000	769.000000	700.000000	-55.619656
435	67.000000	-68.000000	769.000000	700.000000	-55.619656
436	67.000000	-68.000000	753.000000	700.000000	-55.619656
437	67.000000	-68.000000	753.000000	700.000000	-55.619656
438	67.000000	-68.000000	723.000000	700.000000	-55.619656
439	67.000000	-68.000000	723.000000	700.000000	-55.619656
440	67.000000	-68.000000	698.000000	700.000000	-55.619656
441	67.000000	-68.000000	698.000000	700.000000	-55.619656
442	67.000000	-68.000000	662.000000	700.000000	-55.619656
443	67.000000	-68.000000	662.000000	700.000000	-55.619656
444	67.000000	-68.000000	632.000000	700.000000	-55.619656
445	67.000000	-68.000000	632.000000	700.000000	-55.619656
446	67.000000	-68.000000	632.000000	700.000000	-55.619656
447	67.000000	-68.000000	591.000000	700.000000	-55.619656
448	67.000000	-68.000000	553.000000	700.000000	-55.619656
449	67.000000	-68.000000	553.000000	700.000000	-55.619656
450	67.000000	-68.000000	513.000000	700.000000	-55.619656
451	67.000000	-68.000000	513.000000	700.000000	-55.619656
452	67.000000	-68.000000	513.000000	700.000000	-55.619656
453	67.000000	-68.000000	471.000000	700.000000	-55.619656
454	67.000000	-68.000000	429.000000	700.000000	-55.619656
455	67.000000	-68.000000	429.000000	700.000000	-55.619656
456	67.000000	-68.000000	389.000000	700.000000	-55.619656
457	67.000000	-68.000000	389.000000	700.000000	-55.619656
458	67.000000	-68.000000	347.000000	700.000000	-55.619656
459	67.000000	-68.000000	347.000000	700.000000	-55.619656
460	67.000000	-68.000000	306.000000	700.000000	-55.619656
461	67.000000	-68.000000	306.000000	700.000000	-55.619656
462	67.000000	-68.000000	306.000000	700.000000	-55.619656
463	67.000000	-68.000000	306.000000	700.000000	-55.619656
464	67.000000	-68.000000	435.000000	700.000000	-55.619656
465	67.000000	-68.000000	435.000000	700.000000	-55.619656
466	67.000000	-68.000000	387.000000	700.000000	-55.619656
467	67.000000	-68.000000	387.000000	700.000000	-55.619656
468	67.000000	-68.000000	387.000000	700.000000	-55.619656
469	67.000000	-68.000000	387.000000	700.000000	-55.619656
470	67.000000	-68.000000	311.000000	700.000000	-55.619656
471	67.000000	-68.000000	311.000000	700.000000	-55.619656
472	67.000000	-68.000000	316.000000	700.000000	-55.619656
473	67.000000	-68.000000	316.000000	700.000000	-55.619656
474	67.000000	-68.000000	336.000000	700.000000	-55.619656
475	67.000000	-68.000000	336.000000	700.000000	-55.619656
476	67.000000	-68.000000	225.000000	700.000000	-55.619656
477	67.000000	-68.000000	225.000000	700.000000	-55.619656
478	67.000000	-68.000000	217.000000	700.000000	-55.619656
479	67.000000	-68.000000	217.000000	700.000000	-55.619656
480	67.000000	-68.000000	224.000000	700.000000	-55.619656
481	67.000000	-68.000000	224.000000	700.000000	-55.619656
482	67.000000	-68.000000	223.000000	700.000000	-55.619656
483	67.000000	-68.000000	223.000000	700.000000	-55.619656
484	67.000000	-68.000000	223.000000	700.000000	-55.619656
485	67.000000	-68.000000	223.000000	700.000000	-55.619656
486	67.000000	-68.000000	222.000000	700.000000	-55.619656
487	67.000000	-68.000000	222.000000	700.000000	-55.619656
488	67.000000	-68.000000	222.000000	700.000000	-55.619656
489	67.000000	-68.000000	221.000000	700.000000	-55.619656
490	67.000000	-68.000000	221.000000	700.000000	-55.619656
491	67.000000	-68.000000	221.000000	700.000000	-55.619656
492	67.000000	-68.000000	220.000000	700.000000	-55.619656
493	67.000000	-68.000000	220.000000	700.000000	-55.619656
494	67.000000	-68.000000	220.000000	700.000000	-55.619656
495	67.000000	-68.000000	220.000000	700.000000	-55.619656
496	67.000000	-68.000000	220.000000	700.000000	-55.619656
497	67.000000	-68.000000	220.000000	700.000000	-55.619656
498	67.000000	-68.000000	219.000000	700.000000	-55.619656
499	67.000000	-68.000000	219.000000	700.000000	-55.619656
500	67.000000	-68.000000	219.000000	700.000000	-55.619656
501	67.000000	-68.000000	219.000000	700.000000	-55.619656
502	67.000000	-68.000000	218.000000	700.000000	-55.619656
503	67.000000	-68.000000	218.000000	700.000000	-55.619656
504	67.000000	-68.000000	217.000000	700.000000	-55.619656
505	67.000000	-68.000000	217.000000	700.000000	-55.619656
506	67.000000	-68.000000	217.000000	700.000000	-55.619656
507	67.000000	-68.000000	217.000000	700.000000	-55.619656
508	67.000000	-68.000000	216.000000	700.000000	-55.619656
509	67.000000	-68.000000	216.000000	700.000000	-55.619656
510	67.000000	-68.000000	216.000000	700.000000	-55.619656
511	67.000000	-68.000000	216.000000	700.000000	-55.619656
512	67.000000	-68.000000	216.000000	700.000000	-55.619656
513	67.000000	-68.000000	216.000000	700.000000	-55.619656
514	67.000000	-68.000000	216.000000	700.000000	-55.619656
515	67.000000	-68.000000	216.000000	700.000000	-55.619656
516	67.000000	-68.000000	216.000000	700.000000	-55.619656
517	67.000000	-68.000000	216.000000	700.000000	-55.619656
518	67.000000	-68.000000	216.000000	700.000000	-55.619656
519	67.000000	-68.000000	216.000000	700.000000	-55.619656
520	67.000000	-68.000000	216.000000	700.000000	-55.619656
521	67.000000	-68.000000	216.000000	700.000000	-55.619656
522	67.000000	-68.000000	216.000000	700.000000	-55.619656
523	67.000000	-68.000000	216.000000	700.000000	-55.619656
524	67.000000	-68.000000	216.000000	700.000000	-55.619656
525	67.000000	-68.000000	216.000000	700.000000	-55.619656
526	67.000000	-68.000000	216.000000	700.000000	-55.619656
527	67.000000	-68.000000	216.000000	700.000000	-55.619656
528	67.000000	-68.000000	216.000000	700.000000	-55.619656
529	67.000000	-68.000000	216.000000	700.000000	-55.619656
530	67.000000	-68.000000	216.000000	700.000000	-55.619656
531	67.000000	-68.000000	216.000000	700.000000	-55.619656
532	67.000000	-68.000000	216.000000	700.000000	-55.619656
533	67.000000	-68.000000	216.000000	700.000000	-55.619656
534	67.000000	-68.000000	216.000000	700.000000	-55.619656
535	67.000000	-68.000000	216.000000	700.000000	-55.619656
536	67.000000	-68.000000	216.000000	700.000000	-55.619656
537	67.000000	-68.000000	216.000000	700.000000	-55.619656
538	67.000000	-68.000000	216.000000	700.000000	-55.619656
539	67.000000	-68.000000	216.000000	700.000000	-55.619656
540	67.000000	-68.000000	216.000000	700.000000	-55.619656
541	67.000000	-68.000000	216.000000	700.000000	-55.619656
542	67.000000	-68.000000	216.000000	700.000000	-55.619656
543	67.000000	-68.000000	216.000000	700.000000	-55.619656
544	67.000000	-68.000000	216.000000	700.000000	-55.619656
545	67.000000	-68.000000	216.000000	700.000000	-55.619656
546	67.000000	-68.000000	216.000000	700.000000	-55.619656
547	67.000000	-68.000000	216.000000	700.000000	-55.619656
548	67.000000	-68.000000	216.000000	700.000000	-55.619656
549	67.000000	-68.000000	216.000000	700.000000	-55.619656
550	67.000000	-68.000000	216.000000	700.000000	-55.619656
551	67.000000	-68.000000	216.000000	700.000000	-55.619656
552	67.000000	-68.000000	216.000000	700.000000	-55.619656
553	67.000000	-68.000000	216.000000	700.000000	-55.619656
554	67.000000	-68.000000	216.000000	700.000000	-55.619656
555	67.000000	-68.000000	216.000000	700.000000	-55.619656
556	67.000000	-68.000000	216.000000	700.000000	-55.619656
557	67.000000	-68.000000	216.000000	700.000000	-55.619656
558	67.000000	-68.000000	216.000000	700.000000	-55.619656
559	67.000000	-68.000000	216.000000	700.000000	-55.619656
560	67.000000	-68.000000	216.000000	700.000000	-55.619656
561	67.000000	-68.000000	216.000000	700.000000	-55.619656
562	67.000000	-68.000000	216.000000	700.000000	-55.619656
563	67.000000	-68.000000	216.000000	700.000000	-55.619656
564	67.000000	-68.000000	216.000000	700.000000	-55.619656
565	67.000000	-68.000000	216.000000	700.000000	-55.619656
566	67.000000	-68.000000	216.000000	700.000000	-55.619656
567	67.000000	-68.000000	216.000000	700.000000	-55.619656
568	67.000000	-68.000000	216.000000	700.000000	-55.619656
569	67.000000	-68.000000	216.000000	700.000000	-55.619656
570	67.000000	-68.000000	216.000000	700.000000	-55.619656
571	67.000000	-68.000000	216.000000	700.000000	-55.619656
572	67.000000	-68.000000	216.000000	700.000000	-55.619656
573	67.000000	-68.000000	216.000000	700.000000	-55.619656
574	67.000000	-68.000000	216.000000	700.000000	-55.619656
575	67.000000	-68.000000	216.000000	700.000000	-55.619656
576	67.000000	-68.000000	216.000000	700.000000	-55.619656
577	67.000000	-68.000000	216.000000	700.000000	-55.619656
578	67.000000	-68.000000	216.000000	700.000000	-55.619656
579	67.000000	-68.000000	216.000000	700.000000	-55.619656
580	67.000000	-68.000000	216.000000	700.000000	-55.619656
581	67.000000	-68.000000	216.000000	700.000000	-55.619656
582	67.000000	-68.000000	216.000000	700.000000	-55.619656
583	67.000000	-68.000000	216.000000	700.000000	-55.619656
584	67.000000	-68.000000	216.000000	700.000000	-55.619656
585	67.000000	-68.000000	216.000000	700.000000	-55.619656
586	67.000000	-68.000000	216.000000	700.000000	-55.619656
587	67.000000	-68.000000	216.000000	700.000000	-55.619656
588	67.000000	-68.000000	216.000000	700.000000	-55.619656
589	67.000000	-68.000000	216.000000	700.000000	-55.619656
590	67.000000	-68.000000	216.000000	700.000000	-55.619656
591	67.000000	-68.000000	216.000000	700.000000	-55.619656
592	67.000000	-68.000000	216.000000	700.000000	-55.619656
593	67.000000	-68.000000	216.000000	700.000000	-55.619656
594	67.000000	-68.000000	216.000000	700.000000	-55.619656
595	67.000000	-68.000000	216.000000	700.000000	-55.619656
596	67.000000	-68.000000	216.000000	700.000000	-55.619656
597	67.000000	-68.000000	216.000000	700.000000	-55.619656
598	67.000000	-68.000000	216.000000	700.000000	-55.619656
599	67.000000	-68.000000	216.000000	700.000000	-55.619656
600	67.000000	-68.000000	216.000000	700.000000	-55.619656
601	67.000000	-68.000000	216.000000	700.000000	-55.619656
602	67.000000	-68.000000	216.000000	700.000000	-55.619656
603	67.000000	-68.000000	216.000000	700.000000	-55.619656
604	67.000000	-68.000000	216.000000	700.000000	-55.619656
605	67.000000	-68.000000	216.000000	700.000000	-55.619656
606	67.000000	-68.000000	216.000000	700.000000	-55.619656
607	67.000000	-68.000000	216.000000	700.000000	-55.619656
608	67.000000	-68.000000	216.000000	700.000000	-55.619656
609	67.000000	-68.000000	216.000000	700.000000	-55.619656
610	67.000000	-68.000000	216.000000	700.000000	-55.619656
611	67.000000	-68.000000	216.000000	700.000000	-55.619656
612	67.000000	-68.000000	216.000000	700.000000	-55.619656
613	67.000000	-68.000000	216.000000	700.000000	-55.619656
614	67.000000	-68.000000	216.000000	700.000000	-55.619656
615	67.000000	-68.000000	216.000000	700.000000	-55.619656
616	67.000000	-68.000000	216.000000	700.000000	-55.619656
617	67.000000	-68.000000	216.000000	700.000000	-55.619656
618	67.000000	-68.000000	216.000000	700.000000	-55.619656
619	67.000000	-68.000000	216.000000	700.000000	-55.619656
620	67.000000	-68.000000	216.000000	700.000000	-55.619656
621	67.000000	-68.000000	216.000000	700.000000	-55.619656
622	67.000000	-68.000000	216.000000	700.000000	-55.619656
623	67.000000	-68.000000	216.000000	700.000000	-55.619656
624	67.000000	-68.000000	216.000000	700.000000	-55.619656
625	67.000000	-68.000000	216.000000	700.000000	-55.619656
626	67.000000	-68.000000	216.000000	700.000000	-55.619656
627	67.000000	-68.000000	216.000000	700.000000	-55.619656
628	67.000000	-68.000000	216.000000	700.000000	-55.619656
629	67.000000	-68.000000	216.000000	700.000000	-55.619656
630	67.000000	-68.000000	216.000000	700.000000	-55.619656
631	67.000000	-68.000000	216.000000	700.000000	-55.619656
632	67.000000	-68.000000	216.000000	700.000000	-55.619656
633	67.000000	-68.000000	216.000000	700.000000	-55.619656
634	67.000000	-68.000000	216.000000	700.000000	-55.619656
635	67.000000	-68.000000	216.000000	700.000000	-55.619656
636	67.000000	-68.000000	216.000000	700.000000	-55.619656
637	67.000000	-68.000000	216.000000	700.000000	-55.619656
638	67.000000	-68.000000	216.000000	700.000000	-55.619656
639	67.000000	-68.000000	216.000000	700.000000	-55.619656
640	67.000000	-68.000000	216.000000	700.000000	-55.619656
641	67.000000	-68.000000	216.000000	700.000000	-55.619656
642	67.000000	-68.000000	216.000000	700.000000	-55.619656
643	67.000000	-68.000000	216.000000	700.000000	-55.619656
644	67.000000	-68.000000	216.000000	700.000000	-55.619656
645	67.000000	-68.000000	216.000000	700.000000	-55.619656
646	67.000000	-68.000000	216.000000	700.000000	-55.619656
647	67.000000	-68.000000	216.000000	700.000000	-55.619656
648	67.000000	-68.000000	216.000000	700.000000	-55.619656
649	67.000000	-68.000000	216.000000	700.000000	-55.619656
650	67.000000	-68.000000	216.000000	700.000000	-55.619656
651	67.000000	-68.000000	216.000000	700.000000	-55.619656
652	67.000000	-68.000000	216.000000	700.000000	-55.619656
653	67.000000	-68.000000	216.000000	700.000000	-55.619656
654	67.000000	-68.000000	216.000000	700.000000	-55.619656
655	67.000000	-68.000000	216.000000	700.000000	-55.619656
656	67.000000	-68.000000	216.000000	700.000000	-55.619656
657	67.000000	-68.000000	216.000000	700.000000	-55.619656
658	67.000000	-68.000000	216.000000	700.000000	-55.619656
659	67.000000	-68.000000	216.000000	700.000000	-55.619656
660	67.000000	-68.000000	216.000000	700.000000	-55.619656
661	67.000000	-68.000000	216.000000	700.000000	-55.619656
662	67.000000	-68.000000	216.000000	700.000000	-55.619656
663	67.000000	-68.000000	216.000000	700.000000	-55.619656
664	67.000000	-68.000000	216.000000	700.000000	-55.619656
665	67.000000	-68.000000	216.000000	700.000000	-55.619656
666	67.000000	-68.000000	216.000000	700.000000	-55.619656
667	67.000000	-68.000000	216.000000	700.000000	-55.619656
668	67.000000	-68.000000	216.000000	700.000000	-55.619656
669	67.000000	-68.000000	216.000000	700.000000	-55.619656
670	67.000000	-68.000000	216.000000	700.000000	-55.619656
671	67.000000	-68.000000	216.000000	700.000000	-55.619656
672	67.000000	-68.000000	216.000000	700.000000	-55.619656
673	67.000000	-68.000000	216.000000	700.000000	-55.619656
674	67.000000	-68.000000	216.000000	700.000000	-55.619656
675	67.000000	-68.000000	216.000000	700.000000	-55.619656
676	67.000000	-68.000000	216.000000	700.000000	-55.619656
677	67.000000	-68.000000	216.000000	700.000000	-55.619656
678	67.000000	-68.000000	216.000000	700.000000	-55.619656
679	67.000000	-68.000000	216.000000	700.000000	-55.619656
680	67.000000	-68.000000	216.000000	700.000000	-55.619656
681	67.000000	-68.000000	216.000000	700.000000	-55.619656
682	67.000000	-68.000000	216.000000	700.000000	-55.619656
683	67.000000	-68.000000	216.000000	700.000000	-55.619656
684	67.000000	-68.000000	216.000000	700.000000	-55.619656
685	67.000000	-68.000000	216.000000	700.000000	-55.619656
686	67.000000	-68.000000	216.000000	700.000000	-55.619656
